# unix_time, cycles_done, cur_path, paths_total, pending_total, pending_favs, map_size, unique_crashes, unique_hangs, max_depth, execs_per_sec, total_execs
1648633306, 0, 0, 5, 5, 2, 0.28%, 0, 0, 2, 4.11, 33
1648633311, 0, 0, 7, 7, 2, 0.29%, 0, 0, 2, 3.83, 52
1648633316, 0, 0, 8, 8, 2, 0.29%, 0, 0, 2, 3.76, 71
1648633321, 0, 0, 10, 10, 2, 0.30%, 0, 0, 2, 3.74, 90
1648633326, 0, 0, 11, 11, 2, 0.48%, 0, 0, 2, 3.73, 109
1648633331, 0, 0, 13, 13, 2, 0.49%, 1, 0, 2, 3.89, 130
1648633336, 0, 0, 14, 14, 2, 0.49%, 1, 0, 2, 3.77, 149
1648633341, 0, 0, 16, 16, 2, 0.49%, 1, 0, 2, 3.27, 164
1648633347, 0, 0, 17, 17, 2, 0.49%, 1, 0, 2, 2.91, 178
1648633352, 0, 0, 18, 18, 2, 0.49%, 1, 0, 2, 2.91, 193
1648633357, 0, 0, 19, 19, 2, 0.49%, 1, 0, 2, 2.61, 206
1648633363, 0, 0, 21, 21, 2, 0.49%, 1, 0, 2, 2.34, 217
1648633368, 0, 0, 22, 22, 2, 0.49%, 1, 0, 2, 2.25, 228
1648633378, 0, 0, 23, 23, 2, 0.49%, 1, 0, 2, 2.21, 251
1648633383, 0, 0, 24, 24, 2, 0.51%, 2, 0, 2, 2.20, 262
1648633389, 0, 0, 26, 26, 2, 0.52%, 2, 0, 2, 2.22, 274
1648633399, 0, 0, 27, 27, 2, 0.52%, 3, 0, 2, 2.32, 297
1648633404, 0, 0, 28, 28, 2, 0.52%, 3, 0, 2, 2.47, 311
1648633420, 0, 0, 28, 28, 2, 0.52%, 4, 0, 2, 2.56, 348
1648633425, 0, 0, 29, 29, 2, 0.52%, 4, 0, 2, 2.35, 359
1648633430, 0, 0, 30, 30, 2, 0.52%, 4, 0, 2, 2.24, 370
1648633435, 0, 0, 31, 31, 2, 0.52%, 4, 0, 2, 2.17, 381
1648633451, 0, 0, 32, 32, 2, 0.53%, 4, 0, 2, 2.41, 416
1648633457, 0, 0, 33, 33, 2, 0.53%, 4, 0, 2, 2.53, 430
1648633467, 0, 0, 34, 34, 2, 0.53%, 4, 0, 2, 2.34, 453
1648633472, 0, 0, 34, 34, 2, 0.53%, 5, 0, 2, 2.79, 468
1648633477, 0, 0, 35, 35, 2, 0.53%, 5, 0, 2, 2.66, 481
1648633482, 0, 0, 36, 36, 2, 0.54%, 5, 0, 2, 2.68, 495
1648633493, 0, 0, 37, 37, 2, 0.54%, 5, 0, 2, 2.46, 521
1648633498, 0, 0, 37, 37, 2, 0.54%, 6, 0, 2, 2.44, 533
1648633519, 0, 0, 38, 38, 2, 0.54%, 6, 0, 2, 2.13, 580
1648633524, 0, 0, 39, 39, 2, 0.54%, 6, 0, 2, 2.14, 591
1648633529, 0, 0, 40, 40, 2, 0.54%, 6, 0, 2, 2.15, 602
1648633535, 0, 11, 44, 43, 0, 0.54%, 6, 0, 3, 8.98, 636
1648633540, 0, 11, 46, 45, 0, 0.54%, 6, 0, 3, 7.35, 668
1648633545, 0, 11, 48, 47, 0, 0.54%, 7, 0, 3, 5.77, 698
1648633565, 0, 11, 49, 48, 0, 0.54%, 7, 0, 3, 7.02, 799
1648633571, 0, 11, 50, 49, 0, 0.54%, 7, 0, 3, 6.61, 834
1648633587, 0, 11, 52, 51, 0, 0.54%, 7, 0, 3, 3.46, 889
1648633592, 0, 11, 53, 52, 0, 0.55%, 7, 0, 3, 3.27, 905
1648633612, 0, 23, 54, 52, 0, 0.55%, 7, 0, 3, 3.29, 980
1648633617, 0, 23, 55, 53, 0, 0.55%, 7, 0, 3, 2.92, 994
1648633622, 0, 23, 56, 54, 0, 0.55%, 7, 0, 3, 2.71, 1007
1648633649, 0, 23, 57, 55, 0, 0.55%, 7, 0, 3, 2.66, 1068
1648633654, 0, 23, 58, 56, 0, 0.56%, 7, 0, 3, 2.59, 1081
1648633659, 0, 23, 59, 57, 0, 0.56%, 7, 0, 3, 2.45, 1093
1648633670, 0, 23, 60, 58, 0, 0.56%, 7, 0, 3, 2.31, 1118
1648633696, 0, 23, 61, 59, 0, 0.56%, 7, 0, 3, 2.07, 1170
1648633712, 0, 23, 62, 60, 0, 0.56%, 7, 0, 3, 2.03, 1202
1648633717, 0, 23, 63, 61, 0, 0.59%, 7, 0, 3, 2.09, 1213
1648633743, 0, 23, 64, 62, 0, 0.59%, 7, 0, 3, 2.00, 1266
1648633789, 0, 23, 65, 63, 0, 0.59%, 7, 0, 3, 1.91, 1353
1648633805, 0, 64, 67, 64, 0, 0.59%, 7, 0, 4, 2.86, 1389
1648633810, 0, 64, 69, 66, 0, 0.59%, 7, 0, 4, 3.06, 1405
1648633815, 0, 64, 70, 67, 0, 0.59%, 7, 0, 4, 3.13, 1421
1648633820, 0, 64, 71, 68, 0, 0.60%, 7, 0, 4, 3.84, 1440
1648633826, 0, 64, 72, 69, 0, 0.60%, 7, 0, 4, 3.63, 1458
1648633831, 0, 64, 73, 70, 0, 0.60%, 7, 0, 4, 3.75, 1478
1648633836, 0, 64, 74, 71, 0, 0.60%, 7, 0, 4, 3.45, 1495
1648633841, 0, 64, 75, 72, 0, 0.60%, 7, 0, 4, 3.29, 1511
1648633851, 0, 64, 76, 73, 0, 0.60%, 7, 0, 4, 3.19, 1544
1648633856, 0, 64, 77, 74, 0, 0.62%, 7, 0, 4, 3.63, 1562
1648633862, 0, 64, 78, 75, 0, 0.62%, 7, 0, 4, 3.64, 1581
1648633908, 1, 25, 79, 75, 0, 0.62%, 7, 0, 4, 4.56, 1750
1648633913, 1, 25, 84, 80, 0, 0.62%, 7, 0, 4, 8.92, 1802
1648633918, 1, 25, 85, 81, 0, 0.62%, 7, 0, 4, 6.33, 1829
1648633923, 1, 25, 86, 82, 0, 0.62%, 7, 0, 4, 4.34, 1846
1648633928, 1, 25, 87, 83, 0, 0.62%, 7, 0, 4, 3.67, 1863
1648633939, 1, 25, 89, 85, 0, 0.62%, 7, 0, 4, 3.61, 1901
1648633965, 1, 25, 90, 86, 0, 0.62%, 7, 0, 4, 4.57, 2028
1648633970, 1, 25, 91, 87, 0, 0.62%, 7, 0, 4, 4.18, 2048
1648633985, 1, 25, 92, 88, 0, 0.62%, 7, 0, 4, 3.30, 2099
1648633996, 2, 2, 94, 89, 3, 0.62%, 7, 0, 4, 3.96, 2138
1648634027, 2, 2, 96, 91, 3, 0.62%, 7, 0, 4, 2.65, 2233
1648634037, 2, 2, 97, 92, 3, 0.62%, 8, 0, 4, 3.73, 2266
1648634058, 2, 2, 97, 92, 3, 0.62%, 9, 0, 4, 2.95, 2334
1648634079, 2, 2, 99, 94, 3, 0.62%, 9, 0, 4, 3.13, 2398
1648634099, 2, 38, 99, 93, 3, 0.62%, 9, 0, 4, 3.27, 2456
1648634151, 2, 38, 100, 94, 3, 0.62%, 9, 0, 4, 2.73, 2588
1648634167, 2, 38, 101, 95, 3, 0.62%, 9, 0, 4, 3.18, 2632
1648634172, 2, 38, 101, 95, 3, 0.62%, 10, 0, 4, 2.74, 2644
1648634209, 2, 57, 101, 94, 1, 0.62%, 10, 0, 4, 2.59, 2743
1648634267, 2, 57, 102, 95, 1, 0.62%, 10, 0, 4, 2.28, 2881
1648634325, 2, 66, 102, 94, 4, 0.62%, 10, 0, 4, 3.36, 3019
1648634345, 2, 66, 103, 95, 4, 0.63%, 10, 0, 5, 3.87, 3107
1648634372, 2, 66, 104, 96, 4, 0.63%, 10, 0, 5, 4.45, 3226
1648634397, 2, 70, 104, 95, 4, 0.63%, 10, 0, 5, 5.88, 3345
1648634418, 2, 70, 105, 96, 4, 0.63%, 10, 0, 5, 4.24, 3448
1648634429, 2, 70, 106, 97, 4, 0.63%, 10, 0, 5, 4.02, 3494
1648634449, 2, 70, 107, 98, 4, 0.63%, 10, 0, 5, 3.97, 3575
1648634465, 3, 29, 107, 97, 3, 0.63%, 10, 0, 5, 3.51, 3637
1648634590, 3, 47, 107, 96, 2, 0.63%, 10, 0, 5, 4.17, 3915
1648634601, 3, 47, 108, 97, 2, 0.63%, 10, 0, 5, 4.27, 3959
1648634617, 3, 47, 109, 98, 2, 0.63%, 10, 0, 5, 4.04, 4021
1648634627, 3, 47, 110, 99, 2, 0.63%, 10, 0, 5, 4.71, 4068
1648634632, 3, 47, 111, 100, 2, 0.63%, 10, 0, 5, 4.07, 4088
1648634663, 3, 59, 111, 99, 1, 0.63%, 10, 0, 5, 3.23, 4195
1648634786, 3, 76, 111, 98, 1, 0.63%, 10, 0, 5, 2.61, 4455
1648634822, 3, 76, 112, 99, 1, 0.63%, 10, 0, 5, 4.02, 4631
1648634832, 3, 76, 113, 100, 1, 0.63%, 10, 0, 5, 4.60, 4679
1648634853, 3, 82, 113, 99, 6, 0.63%, 10, 0, 5, 7.47, 4789
1648634894, 3, 82, 114, 100, 6, 0.63%, 10, 0, 5, 4.47, 5027
1648634910, 3, 82, 115, 101, 6, 0.63%, 10, 0, 5, 4.77, 5097
1648634915, 3, 82, 116, 102, 6, 0.63%, 10, 0, 5, 4.05, 5116
1648634920, 4, 35, 116, 101, 3, 0.63%, 10, 0, 5, 3.69, 5134
1648634983, 4, 35, 117, 102, 3, 0.63%, 10, 0, 5, 2.96, 5293
1648634994, 4, 35, 117, 102, 3, 0.63%, 11, 0, 5, 2.81, 5321
1648635030, 4, 87, 117, 101, 2, 0.63%, 11, 0, 5, 2.62, 5406
1648635141, 4, 87, 118, 102, 2, 0.63%, 11, 0, 5, 2.08, 5637
1648635172, 4, 101, 118, 101, 1, 0.63%, 11, 0, 5, 2.58, 5708
1648635314, 5, 77, 119, 101, 0, 0.63%, 11, 0, 5, 3.42, 6037
1648635370, 5, 77, 120, 102, 0, 0.63%, 11, 0, 5, 4.41, 6286
1648635376, 5, 77, 121, 103, 0, 0.63%, 11, 0, 5, 4.25, 6307
1648635386, 5, 90, 121, 102, 5, 0.63%, 11, 0, 5, 5.87, 6365
1648635391, 5, 90, 122, 103, 5, 0.63%, 11, 0, 5, 5.24, 6393
1648635438, 6, 39, 122, 102, 3, 0.63%, 11, 0, 5, 5.00, 6637
1648635571, 6, 100, 122, 101, 2, 0.63%, 11, 0, 5, 1.93, 6893
1648635675, 6, 115, 122, 100, 1, 0.63%, 11, 0, 5, 3.23, 7177
1648635706, 6, 115, 123, 101, 1, 0.63%, 11, 0, 5, 2.87, 7280
1648635738, 6, 115, 124, 102, 1, 0.63%, 11, 0, 5, 2.61, 7357
1648635743, 6, 115, 125, 103, 1, 0.63%, 11, 0, 5, 2.47, 7369
1648635753, 6, 115, 126, 104, 1, 0.63%, 11, 0, 5, 2.33, 7392
1648635759, 6, 115, 127, 105, 1, 0.63%, 11, 0, 5, 2.44, 7405
1648635822, 6, 115, 128, 106, 1, 0.63%, 11, 0, 5, 2.35, 7551
1648635827, 7, 102, 128, 105, 3, 0.63%, 11, 0, 5, 2.38, 7563
1648635863, 7, 102, 129, 106, 3, 0.63%, 11, 0, 6, 3.37, 7679
1648635925, 8, 92, 129, 105, 4, 0.63%, 11, 0, 6, 3.53, 7915
1648635972, 8, 92, 130, 106, 4, 0.70%, 11, 0, 6, 4.15, 8131
1648635993, 8, 103, 130, 105, 2, 0.70%, 11, 0, 6, 8.94, 8240
1648636008, 8, 103, 131, 106, 2, 0.70%, 11, 0, 6, 5.43, 8369
1648636034, 8, 103, 133, 108, 2, 0.70%, 11, 0, 6, 4.29, 8482
1648636039, 8, 103, 134, 109, 2, 0.70%, 11, 0, 6, 4.56, 8507
1648636060, 9, 94, 134, 108, 2, 0.70%, 11, 0, 6, 3.50, 8589
1648636208, 9, 126, 134, 107, 1, 0.70%, 11, 0, 6, 2.09, 8882
1648636429, 10, 114, 135, 107, 0, 0.70%, 11, 0, 6, 2.55, 9320
1648636445, 10, 114, 136, 108, 0, 0.70%, 11, 0, 6, 3.95, 9383
1648636512, 10, 121, 137, 108, 5, 0.70%, 11, 0, 6, 5.14, 9689
1648636517, 10, 121, 138, 109, 5, 0.70%, 11, 0, 6, 5.60, 9720
1648636559, 10, 121, 139, 110, 5, 0.70%, 11, 0, 6, 4.20, 9944
1648636625, 10, 121, 140, 111, 5, 0.70%, 11, 0, 6, 4.09, 10248
1648636640, 11, 116, 140, 110, 1, 0.70%, 11, 0, 6, 3.26, 10296
1648636645, 11, 116, 141, 111, 1, 0.70%, 11, 0, 6, 2.98, 10309
1648636671, 11, 116, 143, 113, 1, 0.70%, 11, 0, 6, 3.05, 10393
1648636698, 11, 116, 144, 114, 1, 0.70%, 11, 0, 6, 2.68, 10466
1648636781, 11, 135, 144, 113, 2, 0.70%, 11, 0, 6, 2.21, 10663
1648637032, 12, 110, 144, 112, 1, 0.70%, 11, 0, 6, 10.55, 11133
1648637042, 12, 110, 145, 113, 1, 0.70%, 11, 0, 6, 7.18, 11207
1648637089, 12, 110, 146, 114, 1, 0.70%, 11, 0, 6, 3.83, 11396
1648637094, 12, 110, 147, 115, 1, 0.85%, 11, 0, 6, 4.71, 11422
1648637109, 12, 127, 147, 114, 1, 0.85%, 11, 0, 6, 3.44, 11486
1648637209, 12, 127, 148, 115, 1, 0.85%, 11, 0, 6, 2.73, 11748
1648637229, 12, 127, 149, 116, 1, 0.85%, 11, 0, 6, 2.36, 11800
1648637509, 12, 145, 150, 116, 2, 0.85%, 11, 0, 6, 2.78, 12379
1648637514, 12, 145, 151, 117, 2, 0.85%, 11, 0, 6, 3.68, 12401
1648637576, 12, 145, 152, 118, 2, 0.85%, 11, 0, 6, 3.54, 12673
1648637581, 12, 145, 153, 119, 2, 0.85%, 11, 0, 6, 3.72, 12692
1648637612, 12, 145, 154, 120, 2, 0.85%, 11, 0, 6, 3.94, 12819
1648637632, 12, 145, 155, 121, 2, 0.85%, 11, 0, 6, 3.34, 12893
1648637663, 12, 146, 155, 120, 3, 0.85%, 11, 0, 6, 4.51, 13024
1648637742, 12, 146, 156, 121, 3, 0.85%, 11, 0, 6, 2.49, 13357
1648637825, 12, 146, 157, 122, 3, 0.86%, 11, 0, 6, 2.83, 13610
1648637909, 12, 146, 158, 123, 3, 0.86%, 11, 0, 6, 2.70, 13876
1648637919, 12, 153, 159, 123, 4, 0.86%, 11, 0, 7, 2.65, 13903
1648637925, 12, 153, 160, 124, 4, 0.86%, 11, 0, 7, 3.06, 13920
1648637930, 12, 153, 161, 125, 4, 0.86%, 11, 0, 7, 3.13, 13937
1648638043, 12, 153, 162, 126, 4, 0.86%, 11, 0, 7, 6.73, 14466
1648638054, 13, 146, 164, 127, 0, 0.90%, 11, 0, 7, 7.78, 14534
1648638059, 13, 146, 165, 128, 0, 0.92%, 11, 0, 7, 8.05, 14576
1648638100, 13, 146, 166, 129, 0, 0.92%, 11, 0, 7, 4.18, 14865
1648638105, 13, 146, 167, 130, 0, 0.92%, 11, 0, 7, 3.39, 14880
1648638116, 13, 146, 168, 131, 0, 0.92%, 11, 0, 7, 3.95, 14917
1648638126, 13, 146, 169, 132, 0, 0.92%, 11, 0, 7, 3.53, 14954
1648638136, 13, 146, 170, 133, 0, 0.92%, 11, 0, 7, 3.14, 14986
1648638152, 13, 146, 171, 134, 0, 0.92%, 11, 0, 7, 4.58, 15057
1648638157, 13, 146, 172, 135, 0, 0.94%, 11, 0, 7, 4.16, 15076
1648638214, 13, 146, 173, 136, 0, 0.96%, 11, 0, 7, 2.75, 15278
1648638271, 13, 146, 174, 137, 0, 0.96%, 11, 0, 7, 2.91, 15465
1648638281, 13, 166, 174, 137, 5, 0.96%, 11, 0, 7, 2.73, 15492
1648638368, 13, 166, 175, 138, 5, 0.96%, 11, 0, 7, 2.73, 15734
1648638383, 13, 166, 176, 139, 5, 0.96%, 11, 0, 7, 2.85, 15777
1648638515, 13, 166, 177, 140, 5, 0.96%, 11, 0, 7, 2.15, 16061
1648638673, 13, 167, 177, 139, 7, 0.96%, 11, 0, 7, 2.82, 16399
1648638813, 13, 167, 178, 140, 7, 0.96%, 11, 0, 7, 3.30, 17019
1648638818, 13, 167, 179, 141, 7, 0.96%, 11, 0, 7, 3.14, 17035
1648638885, 14, 105, 179, 140, 1, 0.96%, 11, 0, 7, 4.25, 17289
1648639012, 14, 171, 179, 139, 0, 0.96%, 11, 0, 7, 4.23, 17645
1648639068, 14, 171, 179, 139, 0, 0.96%, 12, 0, 7, 5.24, 17951
1648639099, 14, 171, 180, 140, 0, 0.96%, 12, 0, 7, 4.13, 18081
1648639125, 14, 171, 181, 141, 0, 0.96%, 12, 0, 7, 4.06, 18179
1648639218, 15, 120, 182, 141, 1, 0.96%, 12, 0, 7, 4.16, 18527
1648639290, 15, 120, 183, 142, 1, 0.96%, 12, 0, 7, 2.38, 18764
1648639306, 15, 120, 184, 143, 1, 0.96%, 12, 0, 7, 2.21, 18798
1648639447, 15, 138, 184, 142, 2, 0.96%, 12, 0, 7, 2.33, 19125
1648639482, 15, 138, 185, 143, 2, 0.96%, 12, 0, 7, 4.23, 19421
1648639555, 15, 156, 185, 142, 3, 0.96%, 12, 0, 7, 4.67, 19736
1648639560, 15, 156, 185, 142, 3, 0.96%, 13, 0, 7, 5.43, 19765
1648639575, 15, 156, 186, 143, 3, 0.96%, 13, 0, 7, 5.83, 19856
1648639616, 15, 156, 186, 143, 3, 0.96%, 14, 0, 7, 6.69, 20094
1648639626, 15, 156, 187, 144, 3, 0.96%, 14, 0, 7, 3.76, 20128
1648639794, 15, 172, 187, 143, 2, 0.96%, 14, 0, 7, 2.98, 20615
1648639923, 15, 172, 188, 144, 2, 1.00%, 14, 0, 7, 2.00, 20963
1648640007, 15, 172, 189, 145, 2, 1.01%, 14, 0, 7, 2.63, 21156
1648640018, 15, 172, 190, 146, 2, 1.01%, 14, 0, 7, 2.29, 21178
1648640092, 15, 172, 191, 147, 2, 1.03%, 14, 0, 7, 2.02, 21332
1648640182, 16, 160, 191, 146, 2, 1.03%, 14, 0, 7, 2.96, 21529
1648640331, 16, 160, 191, 145, 1, 1.03%, 14, 0, 7, 3.92, 22105
1648640466, 17, 120, 191, 145, 1, 1.03%, 14, 0, 7, 3.49, 22676
1648640502, 17, 120, 192, 146, 1, 1.04%, 14, 0, 7, 2.79, 22795
1648640512, 17, 120, 193, 147, 1, 1.04%, 14, 0, 7, 2.45, 22819
1648640611, 17, 174, 193, 147, 8, 1.04%, 14, 0, 7, 2.79, 23039
1648640758, 17, 174, 193, 147, 8, 1.04%, 15, 0, 7, 2.59, 23424
1648640785, 17, 174, 194, 148, 8, 1.04%, 15, 0, 8, 2.01, 23475
1648640958, 18, 142, 195, 148, 1, 1.04%, 15, 0, 8, 3.10, 23928
1648640968, 18, 142, 196, 149, 1, 1.04%, 15, 0, 8, 2.99, 23958
1648641046, 18, 142, 197, 150, 1, 1.04%, 15, 0, 8, 2.30, 24172
1648641062, 18, 142, 197, 150, 1, 1.04%, 16, 0, 8, 2.21, 24206
1648641135, 18, 175, 197, 149, 8, 1.04%, 16, 0, 8, 3.10, 24385
1648641500, 19, 171, 197, 148, 7, 1.04%, 16, 0, 8, 3.69, 25273
1648641670, 19, 171, 198, 149, 7, 1.04%, 16, 0, 8, 4.50, 26015
1648641680, 19, 171, 199, 150, 7, 1.04%, 16, 0, 8, 3.81, 26054
1648641701, 20, 163, 199, 150, 0, 1.04%, 16, 0, 8, 8.21, 26159
1648641716, 20, 163, 199, 150, 0, 1.04%, 17, 0, 8, 9.76, 26300
1648641928, 21, 120, 199, 149, 0, 1.04%, 17, 0, 8, 3.45, 27335
1648642048, 21, 128, 199, 149, 0, 1.04%, 17, 0, 8, 2.40, 27616
1648642193, 21, 185, 199, 148, 0, 1.04%, 17, 0, 8, 4.58, 28212
1648642198, 21, 185, 200, 149, 0, 1.04%, 17, 0, 8, 5.30, 28242
1648642308, 21, 185, 201, 150, 0, 1.04%, 17, 0, 8, 2.66, 28638
1648642360, 22, 133, 201, 149, 0, 1.04%, 17, 0, 8, 3.08, 28793
1648642505, 23, 130, 201, 148, 0, 1.04%, 17, 0, 8, 2.11, 29047
1648642572, 23, 130, 202, 149, 0, 1.04%, 17, 0, 8, 2.65, 29253
1648642599, 23, 130, 203, 150, 0, 1.04%, 17, 0, 8, 2.05, 29307
1648642667, 23, 130, 204, 151, 0, 1.04%, 17, 0, 8, 2.15, 29457
1648642704, 23, 130, 205, 152, 0, 1.05%, 17, 0, 8, 2.19, 29533
1648642762, 24, 0, 207, 153, 1, 1.05%, 17, 0, 8, 12.64, 29673
1648642788, 24, 0, 208, 154, 1, 1.05%, 17, 0, 8, 3.62, 29782
1648642819, 24, 0, 209, 155, 1, 1.05%, 17, 0, 8, 3.57, 29885
1648642845, 24, 176, 209, 155, 1, 1.05%, 17, 0, 8, 3.13, 29984
1648643222, 24, 176, 210, 156, 1, 1.05%, 17, 0, 8, 2.08, 30761
1648643281, 25, 156, 210, 155, 2, 1.05%, 17, 0, 8, 1.82, 30870
1648643650, 25, 178, 210, 155, 2, 1.05%, 17, 0, 8, 1.97, 31553
1648643656, 25, 178, 211, 156, 2, 1.05%, 17, 0, 8, 3.21, 31574
1648643682, 25, 178, 212, 157, 2, 1.05%, 17, 0, 8, 3.54, 31670
1648643893, 25, 178, 213, 158, 2, 1.06%, 17, 0, 8, 3.10, 32416
1648643909, 26, 175, 213, 157, 2, 1.06%, 17, 0, 8, 3.00, 32463
1648643972, 26, 175, 214, 158, 2, 1.06%, 17, 0, 8, 3.05, 32655
1648644285, 26, 182, 214, 158, 4, 1.06%, 17, 0, 8, 1.99, 33344
1648644586, 27, 147, 214, 157, 3, 1.06%, 17, 0, 8, 2.15, 33926
1648644827, 27, 187, 214, 156, 2, 1.06%, 17, 0, 8, 2.53, 34497
1648644921, 27, 187, 215, 157, 2, 1.06%, 17, 0, 8, 2.19, 34708
1648645149, 28, 176, 215, 156, 3, 1.06%, 17, 0, 8, 2.60, 35164
1648645285, 28, 176, 216, 157, 3, 1.06%, 17, 0, 8, 1.96, 35541
1648645543, 29, 31, 216, 157, 0, 1.06%, 17, 0, 8, 3.07, 36050
1648645610, 29, 40, 216, 156, 0, 1.06%, 17, 0, 8, 9.31, 36345
1648645667, 29, 165, 216, 155, 0, 1.06%, 17, 0, 8, 3.17, 36608
1648646044, 29, 202, 217, 155, 0, 1.06%, 17, 0, 8, 0.00, 37288
1648646208, 30, 84, 217, 154, 0, 1.06%, 17, 0, 8, 9.84, 37556
1648646280, 31, 54, 217, 153, 0, 1.06%, 17, 0, 8, 3.46, 37837
1648646385, 31, 179, 217, 152, 0, 1.06%, 17, 0, 8, 2.76, 38099
1648646603, 31, 188, 217, 151, 4294967295, 1.06%, 17, 0, 8, 3.01, 38975
1648647041, 32, 161, 217, 150, 4294967294, 1.06%, 17, 0, 8, 6.43, 39884
1648647088, 32, 161, 218, 151, 4294967294, 1.06%, 17, 0, 8, 3.86, 40208
1648647237, 32, 169, 218, 150, 4294967293, 1.06%, 17, 0, 8, 3.19, 40749
1648647574, 32, 180, 218, 149, 4294967293, 1.06%, 17, 0, 8, 2.49, 41614
1648647998, 32, 182, 219, 149, 4294967292, 1.06%, 17, 0, 8, 1.99, 42494
1648648003, 32, 182, 220, 150, 4294967292, 1.06%, 17, 0, 8, 2.27, 42507
1648648029, 32, 182, 221, 151, 4294967292, 1.06%, 17, 0, 8, 2.84, 42577
1648648102, 32, 182, 221, 151, 4294967292, 1.06%, 18, 0, 8, 2.85, 42768
1648648148, 32, 182, 222, 152, 4294967292, 1.06%, 18, 0, 8, 2.65, 42883
1648648158, 32, 182, 223, 153, 4294967292, 1.06%, 18, 0, 8, 2.57, 42909
1648648237, 32, 184, 223, 153, 2, 1.06%, 18, 0, 8, 2.56, 43118
1648648528, 32, 189, 224, 153, 1, 1.06%, 18, 0, 8, 2.07, 43645
1648648786, 33, 105, 224, 152, 4, 1.06%, 18, 0, 8, 2.56, 44301
1648648801, 33, 105, 225, 153, 4, 1.06%, 18, 0, 8, 3.25, 44355
1648648889, 33, 191, 225, 153, 3, 1.06%, 18, 0, 8, 2.98, 44657
1648648967, 33, 191, 226, 154, 3, 1.06%, 18, 0, 8, 2.19, 44841
1648649060, 33, 191, 227, 155, 3, 1.06%, 18, 0, 8, 2.51, 45052
1648649081, 33, 191, 228, 156, 3, 1.06%, 18, 0, 8, 2.18, 45099
1648649086, 33, 195, 228, 155, 2, 1.06%, 18, 0, 8, 2.42, 45111
1648649275, 34, 114, 228, 154, 1, 1.06%, 18, 0, 8, 2.82, 45555
1648649353, 34, 180, 228, 154, 1, 1.06%, 18, 0, 8, 5.44, 45891
1648649436, 34, 180, 229, 155, 1, 1.06%, 18, 0, 8, 3.75, 46215
1648649446, 34, 180, 229, 155, 1, 1.06%, 19, 0, 8, 3.89, 46257
1648649565, 34, 190, 229, 155, 7, 1.06%, 19, 0, 8, 4.68, 46775
