# unix_time, cycles_done, cur_path, paths_total, pending_total, pending_favs, map_size, unique_crashes, unique_hangs, max_depth, execs_per_sec, total_execs
1648633319, 0, 0, 5, 5, 2, 0.28%, 0, 0, 2, 4.11, 33
1648633324, 0, 0, 7, 7, 2, 0.29%, 0, 0, 2, 3.77, 51
1648633330, 0, 0, 9, 9, 2, 0.30%, 0, 0, 2, 3.74, 70
1648633335, 0, 0, 10, 10, 2, 0.30%, 0, 0, 2, 3.65, 89
1648633345, 0, 0, 12, 12, 2, 0.30%, 1, 0, 2, 3.90, 129
1648633350, 0, 0, 13, 13, 2, 0.30%, 2, 0, 2, 3.22, 144
1648633356, 0, 0, 14, 14, 2, 0.30%, 2, 0, 2, 2.78, 156
1648633361, 0, 0, 15, 15, 2, 0.30%, 3, 0, 2, 2.64, 169
1648633366, 0, 0, 16, 16, 2, 0.30%, 3, 0, 2, 2.45, 180
1648633376, 0, 0, 17, 17, 2, 0.30%, 3, 0, 2, 2.65, 208
1648633381, 0, 0, 19, 19, 2, 0.30%, 3, 0, 2, 2.49, 220
1648633386, 0, 0, 20, 20, 2, 0.30%, 3, 0, 2, 2.54, 233
1648633391, 0, 0, 21, 21, 2, 0.31%, 3, 0, 2, 2.67, 247
1648633397, 0, 0, 22, 22, 2, 0.50%, 3, 0, 2, 2.61, 260
1648633407, 0, 0, 24, 24, 2, 0.50%, 3, 0, 2, 2.68, 287
1648633417, 0, 0, 25, 25, 2, 0.50%, 3, 0, 2, 2.67, 315
1648633423, 0, 0, 26, 26, 2, 0.50%, 3, 0, 2, 2.70, 329
1648633433, 0, 0, 28, 28, 2, 0.50%, 4, 0, 2, 2.58, 356
1648633438, 0, 0, 29, 29, 2, 0.50%, 5, 0, 2, 2.48, 368
1648633454, 0, 0, 30, 30, 2, 0.50%, 5, 0, 2, 2.51, 407
1648633459, 0, 0, 31, 31, 2, 0.51%, 5, 0, 2, 2.83, 422
1648633470, 0, 0, 33, 33, 2, 0.53%, 5, 0, 2, 2.40, 447
1648633486, 0, 0, 34, 34, 2, 0.53%, 5, 0, 2, 2.15, 480
1648633491, 0, 0, 35, 35, 2, 0.53%, 5, 0, 2, 2.11, 491
1648633502, 0, 0, 36, 36, 2, 0.53%, 5, 0, 2, 2.32, 515
1648633507, 0, 0, 37, 37, 2, 0.53%, 5, 0, 2, 2.37, 528
1648633513, 0, 0, 38, 38, 2, 0.53%, 5, 0, 2, 2.40, 541
1648633528, 0, 0, 39, 39, 2, 0.53%, 5, 0, 2, 2.10, 573
1648633533, 0, 0, 40, 40, 2, 0.53%, 5, 0, 2, 2.12, 584
1648633544, 0, 0, 41, 41, 2, 0.53%, 5, 0, 2, 2.14, 607
1648633549, 0, 0, 42, 42, 2, 0.53%, 5, 0, 2, 2.16, 618
1648633554, 0, 10, 45, 44, 0, 0.53%, 5, 0, 3, 3.93, 641
1648633559, 0, 10, 48, 47, 0, 0.53%, 5, 0, 3, 7.12, 683
1648633564, 0, 10, 52, 51, 0, 0.53%, 6, 0, 3, 7.22, 724
1648633570, 0, 10, 53, 52, 0, 0.53%, 6, 0, 3, 5.36, 747
1648633575, 0, 10, 55, 54, 0, 0.53%, 7, 0, 3, 4.05, 764
1648633580, 0, 10, 56, 55, 0, 0.53%, 7, 0, 3, 3.58, 781
1648633585, 0, 10, 58, 57, 0, 0.53%, 7, 0, 3, 3.43, 798
1648633590, 0, 10, 59, 58, 0, 0.53%, 7, 0, 3, 3.38, 815
1648633595, 0, 10, 60, 59, 0, 0.53%, 8, 0, 3, 3.32, 832
1648633605, 0, 10, 61, 60, 0, 0.53%, 8, 0, 3, 3.38, 868
1648633626, 0, 10, 62, 61, 0, 0.53%, 8, 0, 3, 3.70, 944
1648633641, 0, 10, 63, 62, 0, 0.53%, 8, 0, 3, 3.41, 996
1648633646, 0, 10, 64, 63, 0, 0.54%, 8, 0, 3, 3.60, 1014
1648633652, 0, 10, 65, 64, 0, 0.54%, 8, 0, 3, 3.49, 1032
1648633662, 0, 62, 66, 64, 0, 0.54%, 8, 0, 4, 4.40, 1073
1648633672, 0, 62, 67, 65, 0, 0.54%, 8, 0, 4, 4.62, 1126
1648633677, 0, 62, 69, 67, 0, 0.54%, 8, 0, 4, 3.71, 1143
1648633682, 0, 62, 70, 68, 0, 0.54%, 8, 0, 4, 3.67, 1161
1648633708, 0, 62, 72, 70, 0, 0.61%, 8, 0, 4, 5.25, 1259
1648633718, 0, 62, 73, 71, 0, 0.61%, 8, 0, 4, 3.56, 1292
1648633728, 0, 62, 74, 72, 0, 0.61%, 8, 0, 4, 3.28, 1326
1648633733, 0, 62, 75, 73, 0, 0.61%, 8, 0, 4, 3.22, 1342
1648633743, 0, 62, 77, 75, 0, 0.63%, 8, 0, 4, 3.16, 1374
1648633764, 1, 32, 78, 75, 0, 0.63%, 8, 0, 4, 4.28, 1450
1648633769, 1, 32, 79, 76, 0, 0.63%, 8, 0, 4, 4.54, 1474
1648633774, 1, 32, 81, 78, 0, 0.64%, 8, 0, 4, 4.14, 1495
1648633779, 1, 32, 82, 79, 0, 0.64%, 8, 0, 4, 4.23, 1517
1648633784, 1, 32, 84, 81, 0, 0.64%, 8, 0, 4, 3.64, 1534
1648633789, 1, 32, 85, 82, 0, 0.64%, 8, 0, 4, 3.44, 1551
1648633794, 1, 32, 86, 83, 0, 0.64%, 8, 0, 4, 4.78, 1577
1648633805, 1, 32, 87, 84, 0, 0.65%, 8, 0, 4, 4.04, 1617
1648633810, 1, 32, 88, 85, 0, 0.65%, 8, 0, 4, 4.65, 1641
1648633815, 1, 32, 89, 86, 0, 0.65%, 8, 0, 4, 3.99, 1660
1648633830, 1, 32, 90, 87, 0, 0.65%, 8, 0, 4, 3.59, 1717
1648633836, 1, 32, 91, 88, 0, 0.65%, 8, 0, 4, 3.33, 1734
1648633846, 1, 32, 92, 89, 0, 0.66%, 8, 0, 4, 3.33, 1767
1648633861, 1, 39, 92, 88, 0, 0.66%, 8, 0, 4, 3.88, 1828
1648633867, 1, 39, 93, 89, 0, 0.66%, 8, 0, 4, 4.00, 1849
1648633887, 1, 39, 94, 90, 0, 0.68%, 8, 0, 4, 2.26, 1894
1648633897, 1, 39, 95, 91, 0, 0.68%, 8, 0, 4, 2.32, 1917
1648633908, 1, 39, 96, 92, 0, 0.68%, 8, 0, 4, 2.54, 1944
1648633913, 1, 39, 97, 93, 0, 0.68%, 8, 0, 4, 2.41, 1956
1648633924, 1, 39, 98, 94, 0, 0.68%, 8, 0, 4, 2.31, 1980
1648633929, 1, 39, 99, 95, 0, 0.68%, 8, 0, 4, 2.39, 1992
1648633960, 1, 39, 100, 96, 0, 0.68%, 8, 0, 4, 2.27, 2063
1648633976, 1, 39, 101, 97, 0, 0.68%, 8, 0, 4, 2.60, 2102
1648634002, 1, 92, 101, 96, 4, 0.68%, 8, 0, 4, 2.29, 2163
1648634017, 1, 92, 102, 97, 4, 0.68%, 8, 0, 4, 2.27, 2199
1648634044, 1, 92, 103, 98, 4, 0.69%, 8, 0, 4, 2.40, 2268
1648634049, 1, 92, 104, 99, 4, 0.69%, 8, 0, 4, 2.24, 2278
1648634054, 1, 92, 105, 100, 4, 0.69%, 8, 0, 4, 2.19, 2289
1648634070, 1, 92, 106, 101, 4, 0.69%, 8, 0, 4, 2.34, 2326
1648634128, 2, 2, 107, 101, 2, 0.69%, 8, 0, 4, 3.85, 2491
1648634133, 2, 2, 108, 102, 2, 0.69%, 8, 0, 4, 4.70, 2517
1648634149, 2, 2, 109, 103, 2, 0.69%, 8, 0, 4, 3.16, 2566
1648634154, 2, 2, 109, 103, 2, 0.69%, 9, 0, 4, 3.04, 2581
1648634159, 2, 2, 110, 104, 2, 0.69%, 9, 0, 4, 2.86, 2595
1648634164, 2, 2, 111, 105, 2, 0.69%, 9, 0, 4, 2.78, 2609
1648634180, 2, 2, 112, 106, 2, 0.69%, 9, 0, 4, 3.20, 2659
1648634185, 2, 2, 113, 107, 2, 0.69%, 9, 0, 4, 3.35, 2676
1648634205, 2, 2, 114, 108, 2, 0.69%, 9, 0, 4, 2.95, 2744
1648634211, 2, 2, 115, 109, 2, 0.69%, 9, 0, 4, 2.77, 2758
1648634216, 2, 2, 116, 110, 2, 0.69%, 9, 0, 4, 3.08, 2774
1648634236, 2, 35, 116, 109, 2, 0.69%, 9, 0, 4, 5.53, 2853
1648634241, 2, 35, 117, 110, 2, 0.69%, 10, 0, 4, 4.47, 2873
1648634247, 2, 35, 118, 111, 2, 0.69%, 10, 0, 4, 4.23, 2893
1648634257, 2, 35, 120, 113, 2, 0.70%, 10, 0, 4, 4.62, 2944
1648634283, 2, 35, 120, 113, 2, 0.70%, 11, 0, 4, 4.92, 3073
1648634293, 2, 35, 121, 114, 2, 0.70%, 11, 0, 4, 3.90, 3115
1648634298, 2, 70, 121, 113, 3, 0.70%, 11, 0, 4, 5.51, 3142
1648634329, 2, 70, 122, 114, 3, 0.70%, 11, 0, 5, 4.05, 3344
1648634345, 2, 70, 123, 115, 3, 0.70%, 11, 0, 5, 4.06, 3409
1648634350, 2, 70, 124, 116, 3, 0.70%, 11, 0, 5, 4.01, 3429
1648634366, 2, 70, 125, 117, 3, 0.70%, 11, 0, 5, 4.08, 3495
1648634371, 2, 79, 126, 117, 2, 0.70%, 11, 0, 5, 6.48, 3526
1648634412, 2, 79, 127, 118, 2, 0.70%, 11, 0, 5, 4.65, 3750
1648634427, 2, 93, 127, 117, 7, 0.70%, 11, 0, 5, 3.70, 3820
1648634452, 2, 93, 128, 118, 7, 0.70%, 11, 0, 5, 2.77, 3885
1648634473, 2, 93, 129, 119, 7, 0.70%, 11, 0, 5, 3.14, 3948
1648634494, 2, 93, 130, 120, 7, 0.70%, 11, 0, 5, 2.54, 4000
1648634500, 2, 93, 131, 121, 7, 0.70%, 11, 0, 5, 2.52, 4013
1648634536, 2, 93, 132, 122, 7, 0.70%, 11, 0, 5, 2.92, 4106
1648634546, 2, 96, 133, 122, 6, 0.70%, 11, 0, 5, 2.82, 4132
1648634556, 2, 96, 134, 123, 6, 0.70%, 11, 0, 5, 2.52, 4156
1648634567, 2, 96, 135, 124, 6, 0.70%, 11, 0, 5, 2.33, 4179
1648634582, 2, 96, 136, 125, 6, 0.70%, 11, 0, 5, 2.43, 4217
1648634587, 2, 96, 137, 126, 6, 0.70%, 11, 0, 5, 2.33, 4229
1648634666, 2, 96, 138, 127, 6, 0.70%, 11, 0, 5, 3.12, 4447
1648634676, 3, 10, 138, 126, 3, 0.70%, 11, 0, 5, 3.18, 4475
1648634743, 3, 53, 138, 126, 3, 0.70%, 11, 0, 5, 4.78, 4665
1648634759, 3, 53, 139, 127, 3, 0.70%, 11, 0, 5, 4.49, 4732
1648634775, 3, 53, 140, 128, 3, 0.70%, 11, 0, 5, 4.29, 4804
1648634780, 3, 53, 141, 129, 3, 0.71%, 11, 0, 5, 3.75, 4822
1648634806, 3, 121, 141, 128, 3, 0.71%, 11, 0, 5, 5.24, 4937
1648634887, 4, 85, 141, 127, 2, 0.71%, 11, 0, 5, 5.45, 5286
1648634898, 4, 85, 142, 128, 2, 0.71%, 11, 0, 5, 6.35, 5359
1648634955, 4, 100, 142, 127, 6, 0.71%, 11, 0, 5, 4.16, 5604
1648634981, 4, 100, 143, 128, 6, 0.71%, 11, 0, 5, 2.60, 5676
1648635081, 4, 102, 143, 127, 6, 0.71%, 11, 0, 5, 2.27, 5903
1648635102, 4, 102, 144, 128, 6, 0.71%, 11, 0, 5, 2.20, 5953
1648635108, 4, 102, 145, 129, 6, 0.71%, 11, 0, 5, 2.22, 5965
1648635234, 5, 22, 145, 128, 3, 0.71%, 11, 0, 5, 2.73, 6275
1648635271, 5, 22, 145, 128, 3, 0.71%, 12, 0, 5, 2.85, 6359
1648635359, 5, 119, 145, 127, 3, 0.71%, 12, 0, 5, 4.04, 6554
1648635380, 5, 119, 145, 127, 3, 0.71%, 13, 0, 5, 4.59, 6639
1648635385, 5, 119, 146, 128, 3, 0.71%, 13, 0, 5, 3.85, 6656
1648635390, 5, 119, 147, 129, 3, 0.71%, 13, 0, 5, 3.54, 6674
1648635416, 5, 119, 148, 130, 3, 0.71%, 13, 0, 5, 3.89, 6782
1648635421, 5, 119, 149, 131, 3, 0.71%, 13, 0, 5, 3.65, 6800
1648635437, 5, 122, 149, 130, 2, 0.71%, 13, 0, 5, 3.79, 6861
1648635468, 5, 122, 150, 131, 2, 0.71%, 13, 0, 6, 3.44, 7014
1648635473, 5, 122, 151, 132, 2, 0.71%, 13, 0, 6, 3.06, 7029
1648635489, 5, 122, 152, 133, 2, 0.71%, 13, 0, 6, 2.95, 7075
1648635535, 6, 100, 152, 132, 2, 0.71%, 13, 0, 6, 3.79, 7229
1648635546, 6, 100, 153, 133, 2, 0.71%, 13, 0, 6, 4.64, 7284
1648635551, 6, 100, 154, 134, 2, 0.71%, 13, 0, 6, 3.79, 7301
1648635597, 6, 131, 154, 134, 3, 0.71%, 13, 0, 6, 4.78, 7510
1648635603, 6, 131, 155, 135, 3, 0.71%, 13, 0, 6, 3.47, 7522
1648635649, 6, 131, 156, 136, 3, 0.71%, 13, 0, 6, 3.01, 7647
1648635731, 6, 136, 157, 136, 3, 0.71%, 13, 0, 6, 1.40, 7845
1648635747, 6, 136, 158, 137, 3, 0.71%, 13, 0, 6, 2.21, 7881
1648635757, 6, 136, 159, 138, 3, 0.71%, 13, 0, 6, 2.35, 7905
1648635763, 6, 136, 159, 138, 3, 0.71%, 14, 0, 6, 2.54, 7919
1648635773, 6, 136, 160, 139, 3, 0.71%, 14, 0, 6, 2.25, 7942
1648635779, 6, 136, 161, 140, 3, 0.71%, 14, 0, 6, 2.24, 7954
1648635789, 6, 136, 162, 141, 3, 0.71%, 14, 0, 6, 2.30, 7978
1648635816, 6, 136, 163, 142, 3, 0.71%, 14, 0, 6, 2.39, 8041
1648635867, 6, 136, 163, 142, 3, 0.71%, 15, 0, 6, 2.87, 8188
1648635924, 6, 136, 164, 143, 3, 0.71%, 15, 0, 6, 2.82, 8347
1648635935, 7, 41, 164, 142, 2, 0.71%, 15, 0, 6, 3.17, 8380
1648635998, 7, 41, 164, 142, 2, 0.71%, 16, 0, 6, 1.88, 8501
1648636077, 7, 138, 165, 142, 1, 0.71%, 16, 0, 6, 4.38, 8668
1648636108, 7, 138, 166, 143, 1, 0.71%, 16, 0, 6, 3.96, 8848
1648636155, 7, 138, 167, 144, 1, 0.71%, 16, 0, 6, 3.71, 9023
1648636175, 8, 126, 167, 143, 1, 0.71%, 16, 0, 6, 4.33, 9105
1648636181, 8, 126, 168, 144, 1, 0.71%, 16, 0, 6, 3.32, 9116
1648636256, 8, 126, 169, 145, 1, 0.71%, 16, 0, 6, 2.54, 9287
1648636350, 8, 131, 169, 144, 2, 0.71%, 16, 0, 6, 5.26, 9530
1648636356, 8, 131, 170, 145, 2, 0.71%, 16, 0, 6, 5.37, 9560
1648636381, 8, 131, 171, 146, 2, 0.71%, 16, 0, 6, 3.80, 9680
1648636407, 8, 131, 172, 147, 2, 0.71%, 16, 0, 6, 3.99, 9792
1648636423, 8, 144, 172, 147, 5, 0.71%, 16, 0, 6, 3.12, 9846
1648636449, 8, 144, 173, 148, 5, 0.71%, 16, 0, 6, 2.16, 9901
1648636465, 8, 144, 174, 149, 5, 0.71%, 16, 0, 6, 2.09, 9935
1648636528, 8, 144, 175, 150, 5, 0.71%, 16, 0, 6, 2.12, 10068
1648636708, 8, 144, 176, 151, 5, 0.71%, 16, 0, 6, 2.49, 10506
1648636718, 8, 158, 177, 151, 5, 0.71%, 16, 0, 6, 1.35, 10527
1648636723, 8, 158, 178, 152, 5, 0.71%, 16, 0, 6, 1.72, 10538
1648636734, 8, 158, 179, 153, 5, 0.71%, 16, 0, 6, 2.14, 10562
1648636850, 8, 158, 180, 154, 5, 0.71%, 16, 0, 6, 2.22, 10840
1648636986, 8, 160, 180, 153, 5, 0.71%, 16, 0, 6, 1.88, 11135
1648637120, 9, 110, 180, 152, 4, 0.71%, 16, 0, 6, 1.89, 11385
1648637261, 9, 113, 180, 151, 3, 0.71%, 16, 0, 6, 2.08, 11678
1648637318, 9, 113, 181, 152, 3, 0.71%, 16, 0, 6, 2.37, 11811
1648637333, 9, 113, 181, 152, 3, 0.71%, 17, 0, 6, 2.12, 11842
1648637401, 9, 151, 181, 151, 3, 0.71%, 17, 0, 6, 2.55, 11985
1648637453, 9, 151, 182, 152, 3, 0.71%, 17, 0, 7, 2.76, 12139
1648637468, 9, 151, 183, 153, 3, 0.71%, 17, 0, 7, 3.08, 12185
1648637562, 9, 151, 184, 154, 3, 0.71%, 17, 0, 7, 2.61, 12488
1648637685, 10, 115, 184, 153, 0, 0.71%, 17, 0, 7, 4.13, 12899
1648637779, 10, 161, 184, 152, 0, 0.71%, 17, 0, 7, 1.88, 13169
1648637918, 10, 163, 184, 151, 0, 0.71%, 17, 0, 7, 1.88, 13425
1648638052, 11, 132, 184, 150, 0, 0.71%, 17, 0, 7, 0.00, 13672
1648638199, 12, 120, 184, 149, 0, 0.71%, 17, 0, 7, 1.78, 13932
1648638358, 12, 135, 184, 148, 0, 0.71%, 17, 0, 7, 1.80, 14219
1648638440, 12, 135, 184, 148, 0, 0.71%, 18, 0, 7, 1.95, 14367
1648638460, 12, 135, 184, 148, 0, 0.71%, 19, 0, 7, 1.87, 14404
1648638508, 12, 167, 184, 147, 0, 0.71%, 19, 0, 7, 13.57, 14498
1648638544, 12, 167, 185, 148, 0, 0.71%, 19, 0, 7, 4.20, 14770
1648638585, 12, 170, 185, 147, 4, 0.71%, 19, 0, 7, 3.24, 14949
1648638873, 12, 172, 185, 146, 3, 0.71%, 19, 0, 7, 2.18, 15530
1648638883, 12, 172, 186, 147, 3, 0.71%, 19, 0, 7, 2.07, 15551
1648638972, 12, 172, 186, 147, 3, 0.71%, 20, 0, 7, 2.71, 15760
1648639056, 13, 137, 186, 146, 0, 0.71%, 20, 0, 7, 2.38, 15970
1648639199, 13, 169, 186, 145, 0, 0.71%, 20, 0, 7, 2.08, 16230
1648639230, 13, 169, 187, 146, 0, 0.71%, 20, 0, 7, 3.87, 16363
1648639267, 13, 169, 188, 147, 0, 0.71%, 20, 0, 7, 4.05, 16524
1648639345, 14, 139, 188, 146, 5, 0.71%, 20, 0, 7, 4.07, 16839
1648639391, 14, 139, 189, 147, 5, 0.71%, 20, 0, 7, 2.68, 16992
1648639396, 14, 139, 190, 148, 5, 0.72%, 20, 0, 7, 2.68, 17005
1648639427, 14, 139, 191, 149, 5, 0.72%, 20, 0, 7, 3.49, 17093
1648639463, 14, 170, 192, 149, 3, 0.72%, 20, 0, 7, 0.00, 17187
1648639616, 15, 140, 192, 149, 7, 0.72%, 20, 0, 7, 2.94, 17455
1648639647, 15, 140, 192, 149, 7, 0.72%, 21, 0, 7, 2.95, 17561
1648639699, 15, 140, 193, 150, 7, 0.72%, 21, 0, 7, 2.47, 17694
1648639741, 15, 170, 193, 149, 3, 0.72%, 21, 0, 7, 1.77, 17794
1648639883, 15, 175, 193, 149, 3, 0.72%, 21, 0, 7, 1.97, 18048
1648639889, 15, 175, 194, 150, 3, 0.72%, 21, 0, 7, 2.16, 18060
1648640120, 15, 192, 195, 150, 3, 0.72%, 21, 0, 7, 3.24, 18641
1648640269, 16, 168, 195, 149, 4, 0.72%, 21, 0, 7, 5.11, 19251
1648640563, 16, 180, 195, 148, 3, 0.72%, 21, 0, 7, 2.06, 19826
1648640594, 16, 180, 196, 149, 3, 0.72%, 21, 0, 7, 3.23, 19935
1648640604, 16, 180, 197, 150, 3, 0.72%, 21, 0, 7, 2.54, 19960
1648640625, 16, 180, 198, 151, 3, 0.72%, 21, 0, 7, 3.22, 20013
1648640630, 16, 180, 199, 152, 3, 0.72%, 21, 0, 7, 3.11, 20029
1648640694, 16, 185, 199, 151, 3, 0.72%, 21, 0, 7, 2.76, 20202
1648640877, 16, 188, 200, 151, 2, 0.72%, 21, 0, 7, 1.16, 20639
1648640964, 16, 188, 201, 152, 2, 0.72%, 21, 0, 7, 4.51, 20974
1648640974, 16, 188, 202, 153, 2, 0.72%, 21, 0, 7, 5.13, 21022
1648641036, 17, 146, 202, 152, 5, 0.72%, 21, 0, 7, 3.83, 21276
1648641062, 17, 146, 203, 153, 5, 0.72%, 21, 0, 7, 4.27, 21382
1648641078, 17, 146, 203, 153, 5, 0.72%, 22, 0, 7, 3.97, 21447
1648641088, 17, 146, 204, 154, 5, 0.72%, 22, 0, 7, 4.05, 21492
1648641191, 18, 129, 204, 153, 3, 0.72%, 22, 0, 7, 4.96, 21882
1648641258, 18, 193, 204, 152, 2, 0.72%, 22, 0, 7, 3.83, 22210
1648641499, 18, 200, 204, 151, 1, 0.72%, 22, 0, 7, 0.00, 22788
1648641646, 19, 69, 204, 150, 0, 0.72%, 22, 0, 7, 9.47, 23074
1648641707, 19, 80, 204, 149, 0, 0.72%, 22, 0, 7, 4.89, 23350
1648641723, 19, 80, 204, 149, 0, 0.72%, 23, 0, 7, 3.42, 23411
1648641785, 19, 80, 205, 150, 0, 0.72%, 23, 0, 7, 3.02, 23616
1648641790, 19, 165, 205, 149, 4, 0.72%, 23, 0, 7, 2.95, 23631
1648641795, 19, 165, 206, 150, 4, 0.72%, 23, 0, 7, 3.29, 23648
1648641904, 19, 165, 207, 151, 4, 0.89%, 23, 0, 7, 4.41, 24049
1648641956, 19, 206, 207, 150, 0, 0.89%, 23, 0, 7, 0.00, 24225
1648642103, 19, 206, 207, 149, 4294967295, 0.89%, 23, 0, 7, 1.78, 24480
1648642392, 20, 129, 207, 149, 4294967295, 0.89%, 23, 0, 7, 2.48, 24994
1648642616, 21, 0, 207, 149, 4294967295, 0.89%, 23, 0, 7, 3.10, 25618
1648642678, 21, 0, 208, 150, 4294967295, 0.89%, 23, 0, 7, 2.45, 25778
1648642725, 21, 137, 209, 151, 2, 0.89%, 23, 0, 7, 3.04, 25899
1648642735, 21, 137, 210, 152, 2, 0.89%, 23, 0, 7, 2.60, 25924
1648642745, 21, 137, 211, 153, 2, 0.89%, 23, 0, 7, 2.67, 25950
1648642761, 21, 137, 212, 154, 2, 0.89%, 23, 0, 7, 3.04, 25994
1648642870, 21, 141, 212, 154, 3, 0.89%, 23, 0, 7, 2.82, 26275
1648642891, 21, 141, 213, 155, 3, 0.89%, 23, 0, 7, 3.25, 26347
1648642952, 21, 141, 214, 156, 3, 0.89%, 23, 0, 7, 5.22, 26589
1648643014, 21, 206, 214, 155, 0, 0.89%, 23, 0, 7, 1.78, 26861
1648643156, 22, 166, 214, 155, 0, 0.89%, 23, 0, 7, 10.45, 27129
1648643181, 22, 166, 215, 156, 0, 0.89%, 23, 0, 7, 6.03, 27327
1648643192, 22, 166, 216, 157, 0, 0.89%, 23, 0, 7, 3.73, 27361
1648643207, 22, 166, 217, 158, 0, 0.89%, 23, 0, 7, 3.38, 27414
1648643243, 22, 166, 218, 159, 0, 0.89%, 23, 0, 7, 3.46, 27545
1648643295, 22, 181, 218, 158, 0, 0.89%, 23, 0, 7, 3.46, 27726
1648643305, 22, 181, 219, 159, 0, 0.89%, 23, 0, 8, 2.78, 27754
1648643310, 22, 181, 220, 160, 0, 0.90%, 23, 0, 8, 2.71, 27768
1648643476, 22, 189, 220, 159, 4, 0.90%, 23, 0, 8, 3.27, 28320
1648643733, 22, 190, 220, 158, 3, 0.90%, 23, 0, 8, 1.79, 28895
1648643800, 22, 190, 221, 159, 3, 0.90%, 23, 0, 8, 2.60, 29141
1648643893, 22, 190, 222, 160, 3, 0.90%, 23, 0, 8, 2.50, 29375
1648643940, 22, 201, 222, 159, 3, 0.90%, 23, 0, 8, 0.00, 29489
1648644083, 22, 201, 222, 158, 2, 0.90%, 23, 0, 8, 1.77, 29742
1648644335, 23, 184, 222, 158, 2, 0.90%, 23, 0, 8, 3.10, 30331
1648644526, 23, 195, 222, 157, 1, 0.90%, 23, 0, 8, 2.75, 30905
1648644775, 23, 204, 222, 156, 0, 0.90%, 23, 0, 8, 2.11, 31485
1648644822, 23, 204, 223, 157, 0, 0.90%, 23, 0, 8, 3.07, 31633
1648644868, 23, 204, 224, 158, 0, 0.90%, 23, 0, 8, 3.43, 31802
1648644962, 24, 203, 224, 157, 4, 0.90%, 23, 0, 8, 2.97, 32083
1648645075, 24, 203, 225, 158, 4, 0.90%, 23, 0, 8, 3.75, 32524
1648645106, 24, 206, 225, 157, 0, 0.90%, 23, 0, 8, 1.77, 32662
1648645248, 25, 196, 225, 157, 0, 0.90%, 23, 0, 8, 1.77, 32914
1648645300, 25, 196, 226, 158, 0, 0.90%, 23, 0, 8, 3.92, 33115
1648645362, 25, 214, 227, 158, 0, 0.90%, 23, 0, 8, 1.43, 33360
1648645367, 25, 214, 228, 159, 0, 0.90%, 23, 0, 8, 6.51, 33388
1648645409, 25, 214, 229, 160, 0, 0.90%, 23, 0, 8, 4.22, 33594
1648645492, 26, 209, 229, 159, 0, 0.90%, 23, 0, 8, 3.68, 33964
1648645668, 27, 179, 229, 158, 0, 0.90%, 23, 0, 8, 1.85, 34400
1648645807, 27, 210, 229, 157, 0, 0.90%, 23, 0, 8, 1.94, 34660
1648645921, 27, 210, 229, 157, 0, 0.90%, 24, 0, 8, 2.55, 34935
1648645983, 27, 215, 230, 157, 0, 0.90%, 24, 0, 8, 0.00, 35089
1648646157, 28, 6, 230, 156, 0, 0.90%, 24, 0, 8, 2.97, 35356
1648646261, 28, 211, 230, 155, 0, 0.90%, 24, 0, 8, 2.52, 35616
1648646490, 28, 216, 230, 154, 0, 0.90%, 24, 0, 8, 1.78, 36189
1648646632, 28, 217, 230, 153, 0, 0.90%, 24, 0, 8, 0.00, 36437
1648646774, 29, 212, 230, 152, 0, 0.90%, 24, 0, 8, 1.77, 36690
1648646914, 29, 218, 230, 151, 0, 0.90%, 24, 0, 8, 3.90, 37276
1648647199, 30, 94, 230, 150, 0, 0.90%, 24, 0, 8, 3.50, 38155
1648647314, 31, 13, 230, 149, 0, 0.90%, 24, 0, 8, 2.74, 38450
1648647425, 31, 101, 230, 148, 0, 0.90%, 24, 0, 8, 2.12, 38705
1648647550, 32, 17, 230, 147, 0, 0.90%, 24, 0, 8, 2.39, 39019
1648647682, 32, 105, 230, 146, 0, 0.90%, 24, 0, 8, 2.17, 39292
1648647809, 32, 227, 230, 145, 0, 0.90%, 24, 0, 8, 0.00, 39599
1648647956, 33, 66, 230, 144, 0, 0.90%, 24, 0, 8, 8.62, 39878
1648648023, 33, 80, 230, 143, 0, 0.90%, 24, 0, 8, 7.31, 40169
1648648080, 33, 132, 230, 143, 0, 0.90%, 24, 0, 8, 4.31, 40413
1648648210, 34, 19, 230, 143, 0, 0.90%, 24, 0, 8, 2.46, 40758
1648648341, 34, 21, 230, 142, 0, 0.90%, 24, 0, 8, 2.33, 41024
1648648472, 34, 67, 230, 141, 0, 0.90%, 24, 0, 8, 2.72, 41286
1648648544, 34, 74, 230, 140, 0, 0.90%, 24, 0, 8, 3.95, 41573
1648648617, 34, 228, 230, 139, 0, 0.90%, 24, 0, 8, 1.77, 41866
1648648759, 35, 133, 230, 138, 0, 0.90%, 24, 0, 8, 1.96, 42119
1648648896, 36, 80, 230, 137, 0, 0.90%, 24, 0, 8, 5.77, 42485
1648648952, 37, 25, 230, 137, 0, 0.90%, 24, 0, 8, 4.35, 42723
1648649052, 37, 25, 231, 138, 0, 0.90%, 24, 0, 8, 2.15, 42940
1648649083, 38, 0, 231, 137, 4, 0.90%, 24, 0, 8, 4.92, 43017
1648649145, 38, 170, 231, 137, 4, 0.90%, 24, 0, 8, 3.53, 43264
1648649290, 39, 153, 231, 137, 4, 0.90%, 24, 0, 8, 0.00, 43512
1648649433, 39, 160, 231, 136, 3, 0.90%, 24, 0, 8, 1.72, 43764
1648649572, 40, 0, 231, 136, 3, 0.90%, 24, 0, 8, 3.97, 44034
1648649633, 40, 198, 231, 136, 3, 0.90%, 24, 0, 8, 3.78, 44293
