# unix_time, cycles_done, cur_path, paths_total, pending_total, pending_favs, map_size, unique_crashes, unique_hangs, max_depth, execs_per_sec, total_execs
1648633293, 0, 0, 5, 5, 2, 0.28%, 0, 0, 2, 4.11, 33
1648633298, 0, 0, 7, 7, 2, 0.29%, 0, 0, 2, 3.83, 52
1648633303, 0, 0, 8, 8, 2, 0.29%, 1, 0, 2, 3.82, 72
1648633309, 0, 0, 10, 10, 2, 0.29%, 1, 0, 2, 3.89, 92
1648633314, 0, 0, 11, 11, 2, 0.29%, 1, 0, 2, 3.82, 112
1648633319, 0, 0, 12, 12, 2, 0.29%, 1, 0, 2, 3.52, 130
1648633324, 0, 0, 13, 13, 2, 0.29%, 1, 0, 2, 2.89, 143
1648633329, 0, 0, 15, 15, 2, 0.30%, 1, 0, 2, 2.63, 155
1648633340, 0, 0, 17, 17, 2, 0.30%, 1, 0, 2, 2.80, 184
1648633345, 0, 0, 18, 18, 2, 0.31%, 2, 0, 2, 2.77, 198
1648633351, 0, 0, 19, 19, 2, 0.31%, 2, 0, 2, 2.78, 212
1648633371, 0, 0, 20, 20, 2, 0.52%, 2, 0, 2, 2.55, 267
1648633376, 0, 0, 22, 22, 2, 0.53%, 2, 0, 2, 2.68, 281
1648633381, 0, 0, 23, 23, 2, 0.53%, 2, 0, 2, 2.48, 293
1648633386, 0, 0, 24, 24, 2, 0.53%, 2, 0, 2, 2.32, 304
1648633397, 0, 0, 25, 25, 2, 0.53%, 2, 0, 2, 2.27, 327
1648633402, 0, 0, 27, 27, 2, 0.53%, 2, 0, 2, 2.18, 338
1648633413, 0, 0, 28, 28, 2, 0.53%, 2, 0, 2, 2.15, 361
1648633418, 0, 0, 29, 29, 2, 0.53%, 2, 0, 2, 2.45, 375
1648633423, 0, 0, 30, 30, 2, 0.53%, 2, 0, 2, 2.51, 389
1648633428, 0, 0, 31, 31, 2, 0.53%, 2, 0, 2, 2.34, 400
1648633433, 0, 0, 32, 32, 2, 0.53%, 2, 0, 2, 2.26, 411
1648633439, 0, 0, 33, 33, 2, 0.53%, 2, 0, 2, 2.23, 423
1648633455, 0, 0, 34, 34, 2, 0.53%, 2, 0, 2, 2.43, 460
1648633460, 0, 0, 35, 35, 2, 0.53%, 2, 0, 2, 2.37, 472
1648633465, 0, 0, 36, 36, 2, 0.53%, 2, 0, 2, 2.41, 484
1648633476, 0, 0, 37, 37, 2, 0.53%, 2, 0, 2, 2.20, 507
1648633486, 0, 0, 38, 38, 2, 0.53%, 3, 0, 2, 2.17, 529
1648633496, 0, 0, 39, 39, 2, 0.53%, 3, 0, 2, 2.21, 552
1648633502, 0, 0, 40, 40, 2, 0.53%, 3, 0, 2, 2.14, 563
1648633507, 0, 0, 41, 41, 2, 0.53%, 3, 0, 2, 2.18, 575
1648633513, 0, 0, 42, 42, 2, 0.53%, 3, 0, 2, 2.20, 587
1648633528, 0, 0, 44, 44, 2, 0.53%, 4, 0, 2, 2.19, 621
1648633534, 0, 0, 45, 45, 2, 0.54%, 4, 0, 2, 2.17, 632
1648633544, 0, 0, 50, 49, 1, 0.54%, 4, 0, 2, 7.26, 684
1648633549, 0, 0, 51, 50, 1, 0.54%, 4, 0, 2, 7.41, 719
1648633554, 0, 0, 53, 52, 1, 0.54%, 4, 0, 2, 7.48, 761
1648633565, 0, 0, 55, 54, 1, 0.54%, 4, 0, 2, 3.96, 800
1648633590, 0, 0, 55, 54, 1, 0.54%, 5, 0, 2, 3.32, 885
1648633595, 0, 0, 56, 55, 1, 0.54%, 5, 0, 2, 3.81, 905
1648633605, 0, 0, 57, 56, 1, 0.54%, 5, 0, 2, 4.12, 951
1648633616, 0, 0, 58, 57, 1, 0.54%, 5, 0, 2, 3.83, 995
1648633621, 0, 0, 60, 59, 1, 0.54%, 5, 0, 2, 3.70, 1013
1648633636, 0, 0, 61, 60, 1, 0.54%, 5, 0, 2, 3.42, 1065
1648633641, 0, 60, 63, 62, 0, 0.54%, 5, 0, 3, 3.36, 1082
1648633646, 0, 60, 65, 64, 0, 0.54%, 5, 0, 3, 3.35, 1099
1648633652, 0, 60, 66, 65, 0, 0.54%, 5, 0, 3, 3.30, 1116
1648633662, 0, 60, 67, 66, 0, 0.54%, 5, 0, 3, 3.24, 1150
1648633667, 0, 60, 69, 68, 0, 0.54%, 5, 0, 3, 3.34, 1167
1648633678, 0, 60, 71, 70, 0, 0.55%, 5, 0, 3, 3.34, 1202
1648633688, 0, 60, 72, 71, 0, 0.55%, 5, 0, 3, 3.33, 1236
1648633709, 0, 60, 73, 72, 0, 0.55%, 5, 0, 3, 3.39, 1320
1648633719, 0, 60, 74, 73, 0, 0.55%, 5, 0, 3, 3.96, 1361
1648633724, 0, 60, 75, 74, 0, 0.55%, 5, 0, 3, 3.73, 1379
1648633729, 0, 60, 76, 75, 0, 0.55%, 5, 0, 3, 3.54, 1397
1648633739, 0, 60, 77, 76, 0, 0.62%, 5, 0, 3, 3.51, 1433
1648633745, 0, 60, 78, 77, 0, 0.62%, 5, 0, 3, 3.85, 1454
1648633755, 0, 77, 79, 77, 0, 0.62%, 5, 0, 4, 6.39, 1512
1648633765, 0, 77, 81, 79, 0, 0.62%, 5, 0, 4, 3.92, 1549
1648633801, 0, 77, 82, 80, 0, 0.62%, 5, 0, 4, 3.62, 1680
1648633806, 0, 77, 83, 81, 0, 0.63%, 5, 0, 4, 3.55, 1698
1648633812, 0, 77, 84, 82, 0, 0.65%, 5, 0, 4, 3.47, 1715
1648633827, 0, 77, 85, 83, 0, 0.65%, 5, 0, 4, 4.35, 1779
1648633832, 0, 77, 86, 84, 0, 0.65%, 5, 0, 4, 3.94, 1798
1648633837, 1, 74, 86, 83, 0, 0.65%, 5, 0, 4, 4.05, 1818
1648633842, 1, 74, 87, 84, 0, 0.65%, 5, 0, 4, 4.23, 1841
1648633847, 1, 74, 88, 85, 0, 0.65%, 5, 0, 4, 3.28, 1854
1648633863, 1, 74, 89, 86, 0, 0.65%, 5, 0, 4, 3.05, 1902
1648633868, 1, 74, 90, 87, 0, 0.65%, 5, 0, 4, 2.86, 1916
1648633873, 1, 74, 91, 88, 0, 0.65%, 5, 0, 4, 2.92, 1931
1648633878, 1, 74, 92, 89, 0, 0.65%, 5, 0, 4, 3.10, 1947
1648633883, 1, 74, 93, 90, 0, 0.65%, 5, 0, 4, 2.79, 1960
1648633894, 1, 74, 94, 91, 0, 0.65%, 5, 0, 4, 2.70, 1987
1648633919, 1, 74, 95, 92, 0, 0.65%, 5, 0, 4, 2.84, 2059
1648633950, 2, 2, 97, 93, 5, 0.66%, 5, 0, 4, 3.85, 2158
1648633960, 2, 2, 98, 94, 5, 0.66%, 5, 0, 4, 3.78, 2200
1648633966, 2, 2, 99, 95, 5, 0.66%, 5, 0, 4, 3.10, 2214
1648633971, 2, 2, 100, 96, 5, 0.66%, 5, 0, 4, 3.01, 2229
1648633981, 2, 2, 102, 98, 5, 0.66%, 5, 0, 4, 3.03, 2258
1648633987, 2, 2, 103, 99, 5, 0.66%, 5, 0, 4, 3.88, 2277
1648633997, 2, 2, 104, 100, 5, 0.66%, 5, 0, 4, 3.24, 2309
1648634007, 2, 2, 105, 101, 5, 0.66%, 5, 0, 4, 3.20, 2340
1648634012, 2, 2, 106, 102, 5, 0.66%, 6, 0, 4, 3.46, 2357
1648634023, 2, 2, 108, 104, 5, 0.69%, 6, 0, 4, 2.96, 2387
1648634033, 2, 2, 109, 105, 5, 0.69%, 7, 0, 4, 3.30, 2419
1648634043, 2, 2, 109, 105, 5, 0.69%, 8, 0, 4, 3.72, 2453
1648634054, 2, 2, 110, 106, 5, 0.69%, 9, 0, 4, 3.83, 2485
1648634059, 2, 2, 111, 107, 5, 0.69%, 9, 0, 4, 4.16, 2507
1648634064, 2, 2, 112, 108, 5, 0.69%, 9, 0, 4, 3.88, 2526
1648634069, 2, 11, 112, 107, 0, 0.69%, 9, 0, 4, 5.26, 2552
1648634095, 2, 11, 113, 108, 0, 0.69%, 9, 0, 4, 4.08, 2669
1648634126, 2, 40, 113, 107, 2, 0.69%, 9, 0, 4, 4.05, 2818
1648634131, 2, 40, 114, 108, 2, 0.69%, 9, 0, 4, 3.34, 2833
1648634136, 2, 40, 115, 109, 2, 0.69%, 9, 0, 4, 2.80, 2845
1648634157, 2, 40, 116, 110, 2, 0.69%, 9, 0, 4, 2.45, 2896
1648634194, 2, 40, 117, 111, 2, 0.69%, 9, 0, 4, 2.64, 2998
1648634230, 2, 67, 117, 110, 2, 0.69%, 9, 0, 4, 3.67, 3110
1648634235, 2, 67, 118, 111, 2, 0.69%, 9, 0, 4, 4.01, 3133
1648634251, 2, 67, 119, 112, 2, 0.70%, 9, 0, 4, 4.44, 3206
1648634261, 2, 67, 120, 113, 2, 0.70%, 9, 0, 4, 4.11, 3248
1648634292, 2, 91, 120, 112, 5, 0.70%, 9, 0, 4, 4.86, 3390
1648634313, 2, 91, 121, 113, 5, 0.70%, 9, 0, 5, 5.06, 3512
1648634318, 2, 91, 122, 114, 5, 0.70%, 9, 0, 5, 3.68, 3527
1648634323, 2, 91, 124, 116, 5, 0.70%, 9, 0, 5, 3.26, 3543
1648634334, 2, 91, 125, 117, 5, 0.70%, 9, 0, 5, 4.43, 3585
1648634339, 2, 91, 126, 118, 5, 0.70%, 9, 0, 5, 3.83, 3604
1648634365, 2, 91, 127, 119, 5, 0.70%, 9, 0, 5, 3.60, 3699
1648634391, 3, 44, 127, 118, 4, 0.70%, 9, 0, 5, 2.93, 3790
1648634540, 3, 83, 127, 117, 3, 0.70%, 9, 0, 5, 1.95, 4064
1648634636, 3, 83, 127, 117, 3, 0.70%, 10, 0, 5, 2.07, 4259
1648634699, 4, 76, 127, 116, 2, 0.70%, 10, 0, 5, 2.68, 4384
1648634710, 4, 76, 128, 117, 2, 0.70%, 10, 0, 5, 3.15, 4418
1648634725, 4, 76, 129, 118, 2, 0.70%, 10, 0, 5, 2.70, 4459
1648634771, 4, 76, 130, 119, 2, 0.70%, 10, 0, 5, 2.84, 4578
1648634802, 4, 76, 131, 120, 2, 0.70%, 10, 0, 5, 2.59, 4658
1648634812, 4, 82, 131, 119, 4, 0.70%, 10, 0, 5, 2.93, 4686
1648634880, 4, 92, 131, 118, 3, 0.70%, 10, 0, 5, 4.82, 4981
1648634974, 4, 92, 132, 119, 3, 0.70%, 10, 0, 5, 3.67, 5260
1648634979, 4, 92, 133, 120, 3, 0.70%, 10, 0, 5, 3.04, 5273
1648635000, 4, 105, 133, 119, 3, 0.70%, 10, 0, 5, 3.17, 5346
1648635005, 4, 105, 134, 120, 3, 0.70%, 10, 0, 5, 2.85, 5360
1648635058, 4, 105, 135, 121, 3, 0.70%, 10, 0, 5, 1.89, 5466
1648635074, 4, 105, 136, 122, 3, 0.70%, 11, 0, 5, 2.08, 5498
1648635153, 5, 92, 136, 121, 1, 0.70%, 11, 0, 5, 1.96, 5657
1648635315, 5, 116, 136, 121, 1, 0.70%, 11, 0, 5, 2.09, 5959
1648635325, 5, 116, 137, 122, 1, 0.70%, 11, 0, 5, 2.28, 5983
1648635394, 5, 116, 138, 123, 1, 0.70%, 11, 0, 5, 2.44, 6142
1648635446, 6, 83, 139, 123, 3, 0.70%, 11, 0, 5, 2.38, 6261
1648635451, 6, 83, 140, 124, 3, 0.70%, 11, 0, 5, 3.47, 6282
1648635493, 6, 83, 141, 125, 3, 0.70%, 11, 0, 5, 4.00, 6457
1648635519, 6, 94, 141, 125, 3, 0.70%, 11, 0, 5, 3.87, 6577
1648635576, 6, 94, 142, 126, 3, 0.70%, 11, 0, 5, 3.50, 6803
1648635607, 6, 107, 142, 125, 3, 0.70%, 11, 0, 5, 3.67, 6929
1648635654, 6, 107, 143, 126, 3, 1.17%, 11, 0, 5, 1.97, 7029
1648635712, 6, 107, 144, 127, 3, 1.18%, 11, 0, 5, 2.07, 7147
1648635723, 6, 107, 145, 128, 3, 1.20%, 11, 0, 5, 2.24, 7171
1648635760, 7, 94, 145, 127, 1, 1.20%, 11, 0, 5, 1.98, 7243
1648635914, 7, 128, 145, 127, 1, 1.20%, 11, 0, 5, 2.10, 7535
1648635971, 7, 128, 146, 128, 1, 1.20%, 11, 0, 5, 2.38, 7680
1648636056, 7, 128, 147, 129, 1, 1.20%, 11, 0, 5, 2.16, 7892
1648636304, 8, 87, 147, 128, 4, 1.20%, 11, 0, 5, 4.84, 8436
1648636319, 8, 87, 148, 129, 4, 1.20%, 11, 0, 5, 6.06, 8548
1648636365, 8, 125, 148, 128, 1, 1.20%, 11, 0, 5, 3.84, 8779
1648636381, 8, 125, 149, 129, 1, 1.20%, 11, 0, 6, 2.60, 8818
1648636412, 8, 125, 150, 130, 1, 1.20%, 11, 0, 6, 2.68, 8898
1648636502, 8, 142, 150, 129, 0, 1.20%, 11, 0, 6, 2.68, 9132
1648636512, 8, 142, 151, 130, 0, 1.23%, 11, 0, 6, 2.36, 9155
1648636544, 8, 142, 152, 131, 0, 1.23%, 11, 0, 6, 2.26, 9227
1648636554, 8, 142, 153, 132, 0, 1.24%, 11, 0, 6, 2.24, 9251
1648636601, 8, 142, 154, 133, 0, 1.24%, 11, 0, 6, 2.08, 9356
1648636644, 8, 142, 154, 133, 0, 1.24%, 12, 0, 6, 1.93, 9434
1648636654, 8, 142, 154, 133, 0, 1.24%, 13, 0, 6, 2.19, 9457
1648636681, 8, 142, 155, 134, 0, 1.24%, 13, 0, 6, 2.62, 9520
1648636739, 8, 142, 156, 134, 0, 1.24%, 13, 0, 6, 2.68, 9655
1648636744, 8, 142, 157, 135, 0, 1.24%, 13, 0, 6, 2.74, 9670
1648636760, 8, 142, 158, 136, 0, 1.24%, 13, 0, 6, 2.73, 9713
1648636818, 8, 142, 160, 138, 0, 1.24%, 13, 0, 6, 2.30, 9856
1648636834, 8, 142, 160, 138, 0, 1.24%, 14, 0, 6, 2.33, 9892
1648636870, 8, 142, 161, 139, 0, 1.24%, 14, 0, 6, 2.18, 9978
1648636886, 8, 142, 162, 140, 0, 1.24%, 14, 0, 6, 2.08, 10011
1648636891, 9, 130, 162, 140, 2, 1.24%, 14, 0, 6, 2.11, 10022
1648637138, 10, 111, 162, 139, 1, 1.24%, 14, 0, 6, 3.34, 10608
1648637175, 10, 111, 163, 140, 1, 1.24%, 14, 0, 6, 2.65, 10717
1648637180, 10, 111, 164, 141, 1, 1.24%, 14, 0, 6, 2.43, 10729
1648637196, 10, 111, 165, 142, 1, 1.24%, 14, 0, 6, 3.20, 10776
1648637221, 10, 111, 166, 143, 1, 1.24%, 14, 0, 6, 3.52, 10852
1648637252, 10, 135, 166, 142, 3, 1.24%, 14, 0, 6, 2.31, 10931
1648637422, 11, 112, 166, 141, 2, 1.24%, 14, 0, 6, 2.81, 11252
1648637474, 11, 112, 167, 142, 2, 1.24%, 14, 0, 6, 2.61, 11395
1648637479, 11, 112, 168, 143, 2, 1.24%, 14, 0, 6, 2.36, 11406
1648637537, 11, 143, 168, 142, 1, 1.24%, 14, 0, 6, 2.42, 11547
1648637552, 11, 143, 168, 142, 1, 1.24%, 15, 0, 6, 2.70, 11588
1648637653, 11, 143, 169, 143, 1, 1.24%, 16, 0, 6, 2.29, 11830
1648637673, 11, 143, 169, 143, 1, 1.24%, 17, 0, 6, 2.40, 11876
1648637689, 11, 149, 170, 143, 1, 1.24%, 17, 0, 7, 2.26, 11911
1648637989, 11, 160, 170, 142, 1, 1.24%, 17, 0, 7, 2.19, 12499
1648638041, 11, 160, 171, 143, 1, 1.24%, 17, 0, 7, 4.82, 12729
1648638046, 11, 160, 172, 144, 1, 1.24%, 17, 0, 7, 4.97, 12755
1648638077, 11, 160, 173, 145, 1, 1.24%, 17, 0, 7, 2.91, 12867
1648638087, 11, 160, 174, 146, 1, 1.24%, 17, 0, 7, 2.89, 12898
1648638103, 11, 160, 175, 147, 1, 1.24%, 17, 0, 7, 2.64, 12939
1648638135, 11, 160, 176, 148, 1, 1.24%, 17, 0, 7, 3.16, 13034
1648638140, 11, 160, 176, 148, 1, 1.24%, 18, 0, 7, 2.93, 13049
1648638155, 11, 160, 177, 149, 1, 1.24%, 18, 0, 7, 2.69, 13093
1648638244, 11, 160, 178, 150, 1, 1.25%, 18, 0, 7, 3.12, 13353
1648638254, 11, 160, 179, 151, 1, 1.25%, 18, 0, 7, 2.83, 13382
1648638281, 11, 169, 179, 150, 7, 1.25%, 18, 0, 7, 3.24, 13461
1648638312, 11, 169, 180, 151, 7, 1.25%, 18, 0, 8, 3.33, 13572
1648638394, 11, 170, 180, 150, 7, 1.25%, 18, 0, 8, 3.37, 13892
1648638410, 11, 170, 181, 151, 7, 1.25%, 18, 0, 8, 5.59, 13981
1648638425, 11, 170, 182, 152, 7, 1.25%, 18, 0, 8, 5.49, 14070
1648638436, 11, 170, 183, 153, 7, 1.25%, 18, 0, 8, 5.73, 14130
1648638446, 11, 170, 184, 154, 7, 1.25%, 18, 0, 8, 5.81, 14190
1648638482, 11, 170, 185, 155, 7, 1.25%, 18, 0, 8, 2.95, 14360
1648638539, 11, 170, 186, 156, 7, 1.25%, 18, 0, 8, 3.08, 14543
1648638550, 11, 170, 188, 158, 7, 1.25%, 18, 0, 8, 3.66, 14580
1648638623, 11, 170, 189, 159, 7, 1.25%, 18, 0, 8, 2.98, 14805
1648638649, 11, 170, 191, 161, 7, 1.25%, 18, 0, 8, 3.54, 14887
1648638739, 11, 173, 191, 160, 8, 1.25%, 18, 0, 8, 3.02, 15152
1648638811, 11, 173, 192, 161, 8, 1.25%, 18, 0, 8, 2.66, 15356
1648638890, 11, 173, 193, 162, 8, 1.25%, 18, 0, 8, 2.64, 15573
1648638921, 11, 173, 194, 163, 8, 1.25%, 18, 0, 8, 2.17, 15642
1648639094, 11, 173, 195, 164, 8, 1.25%, 18, 0, 8, 2.10, 16028
1648639184, 11, 173, 195, 164, 8, 1.25%, 19, 0, 8, 2.05, 16217
1648639200, 11, 173, 195, 164, 8, 1.25%, 20, 0, 8, 2.36, 16254
1648639258, 11, 175, 195, 163, 7, 1.25%, 20, 0, 8, 2.53, 16373
1648639372, 11, 175, 196, 164, 7, 1.25%, 20, 0, 8, 2.71, 16702
1648639576, 11, 175, 197, 165, 7, 1.25%, 20, 0, 8, 2.40, 17146
1648639745, 11, 175, 198, 166, 7, 1.25%, 20, 0, 8, 2.42, 17514
1648639761, 12, 144, 198, 165, 0, 1.25%, 20, 0, 8, 2.84, 17560
1648639781, 12, 144, 199, 166, 0, 1.25%, 20, 0, 8, 2.35, 17608
1648639797, 12, 144, 200, 167, 0, 1.25%, 20, 0, 8, 2.32, 17644
1648639940, 12, 198, 200, 166, 2, 1.25%, 20, 0, 8, 2.00, 17921
1648640229, 13, 168, 200, 165, 1, 1.25%, 20, 0, 8, 2.22, 18503
1648640402, 13, 168, 201, 166, 1, 1.25%, 20, 0, 8, 2.55, 18921
1648640412, 13, 178, 201, 165, 7, 1.25%, 20, 0, 8, 2.45, 18945
1648640739, 13, 178, 202, 166, 7, 1.25%, 20, 0, 8, 2.07, 19742
1648640923, 14, 157, 202, 165, 3, 1.25%, 20, 0, 8, 2.45, 20139
1648640939, 14, 157, 203, 166, 3, 1.25%, 20, 0, 8, 2.77, 20182
1648640949, 14, 157, 204, 167, 3, 1.25%, 20, 0, 8, 2.82, 20211
1648641113, 14, 157, 205, 168, 3, 1.25%, 20, 0, 8, 2.26, 20608
1648641155, 14, 157, 205, 168, 3, 1.25%, 21, 0, 8, 2.50, 20719
1648641305, 15, 118, 205, 167, 2, 1.25%, 21, 0, 8, 2.90, 21042
1648641392, 15, 179, 205, 166, 1, 1.25%, 21, 0, 8, 4.94, 21372
1648641397, 15, 179, 206, 167, 1, 1.25%, 21, 0, 9, 3.84, 21389
1648641530, 15, 179, 207, 168, 1, 1.25%, 21, 0, 9, 3.74, 21892
1648641628, 16, 150, 207, 167, 3, 1.25%, 21, 0, 9, 3.13, 22272
1648641915, 16, 195, 207, 166, 2, 1.25%, 21, 0, 9, 1.85, 22850
1648642061, 17, 151, 207, 165, 1, 1.25%, 21, 0, 9, 1.90, 23104
1648642359, 18, 4, 207, 164, 0, 1.25%, 21, 0, 9, 2.86, 23686
1648642464, 18, 115, 207, 163, 0, 1.25%, 21, 0, 9, 2.28, 23941
1648642613, 18, 131, 207, 162, 0, 1.25%, 21, 0, 9, 1.82, 24225
1648642903, 18, 179, 207, 161, 0, 1.25%, 21, 0, 9, 2.95, 24816
1648643120, 18, 184, 207, 161, 0, 1.25%, 21, 0, 9, 3.58, 25680
1648643135, 18, 184, 208, 162, 0, 1.25%, 21, 0, 9, 2.86, 25722
1648643352, 18, 184, 209, 163, 0, 1.26%, 21, 0, 9, 3.25, 26340
1648643383, 18, 184, 210, 164, 0, 1.26%, 21, 0, 9, 2.67, 26428
1648643431, 18, 187, 211, 164, 8, 1.26%, 21, 0, 9, 3.19, 26581
1648643572, 18, 187, 212, 165, 8, 1.26%, 21, 0, 9, 3.87, 27217
1648643654, 19, 149, 212, 164, 0, 1.26%, 21, 0, 9, 4.10, 27510
1648643903, 20, 7, 212, 164, 0, 1.26%, 21, 0, 9, 2.63, 27951
1648644012, 20, 8, 212, 163, 0, 1.26%, 21, 0, 9, 3.14, 28211
1648644100, 20, 8, 213, 164, 0, 1.26%, 21, 0, 9, 2.37, 28421
1648644121, 20, 20, 213, 163, 2, 1.26%, 21, 0, 9, 2.90, 28478
1648644251, 20, 199, 213, 162, 2, 1.26%, 21, 0, 9, 2.23, 28743
1648644539, 21, 194, 213, 161, 1, 1.26%, 21, 0, 9, 2.04, 29324
1648644586, 21, 194, 214, 162, 1, 1.26%, 21, 0, 9, 2.33, 29439
1648644734, 21, 194, 214, 162, 1, 1.26%, 22, 0, 9, 2.14, 29755
1648644839, 22, 122, 215, 162, 0, 1.26%, 22, 0, 9, 0.00, 29971
1648644911, 22, 122, 216, 163, 0, 1.26%, 22, 0, 9, 4.49, 30308
1648644926, 22, 200, 216, 162, 0, 1.26%, 22, 0, 9, 3.80, 30367
1648645091, 23, 45, 216, 161, 0, 1.26%, 22, 0, 9, 3.02, 30807
1648645158, 23, 49, 216, 160, 0, 1.26%, 22, 0, 9, 5.90, 31086
1648645214, 23, 205, 216, 159, 0, 1.26%, 22, 0, 9, 3.63, 31320
1648645694, 24, 69, 216, 158, 0, 1.26%, 22, 0, 9, 2.38, 32200
1648645766, 24, 138, 217, 158, 0, 1.26%, 22, 0, 9, 3.69, 32470
1648645792, 24, 138, 218, 159, 0, 1.26%, 22, 0, 9, 3.61, 32567
1648645911, 24, 158, 219, 159, 2, 1.26%, 22, 0, 9, 6.77, 33057
1648645952, 24, 158, 220, 160, 2, 1.26%, 22, 0, 9, 3.86, 33399
1648646040, 24, 206, 220, 159, 1, 1.26%, 22, 0, 9, 3.39, 33754
1648646336, 24, 206, 220, 159, 1, 1.26%, 22, 1, 9, 1.75, 34293
1648646443, 25, 154, 220, 158, 0, 1.26%, 22, 1, 9, 1.89, 34485
1648646673, 26, 6, 220, 157, 0, 1.26%, 22, 1, 9, 2.30, 34918
1648646699, 26, 6, 221, 158, 0, 1.26%, 22, 1, 9, 2.80, 34988
1648646704, 26, 6, 222, 159, 0, 1.27%, 22, 1, 9, 2.95, 35003
1648646782, 26, 168, 222, 158, 3, 1.27%, 22, 1, 9, 2.25, 35190
1648647020, 27, 98, 222, 158, 3, 1.27%, 22, 1, 9, 1.80, 35628
1648647046, 27, 98, 223, 159, 3, 1.27%, 22, 1, 9, 2.60, 35707
1648647145, 28, 82, 223, 158, 3, 1.27%, 22, 1, 9, 2.08, 35928
1648647267, 28, 92, 223, 158, 3, 1.27%, 22, 1, 9, 2.00, 36156
1648647395, 28, 194, 224, 159, 3, 1.27%, 22, 1, 9, 0.00, 36380
1648647542, 28, 195, 224, 159, 8, 1.27%, 22, 1, 9, 1.75, 36633
1648647558, 28, 195, 225, 160, 8, 1.27%, 22, 1, 9, 2.34, 36672
1648647918, 29, 50, 225, 160, 0, 1.27%, 22, 1, 9, 7.94, 37549
1648647975, 29, 216, 226, 160, 0, 1.27%, 22, 1, 9, 4.47, 37806
1648647980, 29, 216, 227, 161, 0, 1.27%, 22, 1, 9, 4.28, 37829
1648648109, 29, 216, 228, 162, 0, 1.27%, 22, 1, 9, 3.55, 38376
1648648119, 29, 217, 228, 161, 4, 1.27%, 22, 1, 9, 4.79, 38421
1648648124, 29, 217, 229, 162, 4, 1.27%, 22, 1, 9, 5.10, 38448
1648648243, 29, 217, 230, 163, 4, 1.27%, 22, 1, 9, 4.09, 38976
1648648248, 30, 203, 230, 162, 1, 1.27%, 22, 1, 9, 3.78, 38995
1648648253, 30, 203, 231, 163, 1, 1.27%, 22, 1, 9, 3.02, 39007
1648648331, 30, 203, 232, 164, 1, 1.27%, 22, 1, 9, 2.41, 39200
1648648631, 31, 52, 232, 163, 0, 1.27%, 22, 1, 9, 5.79, 39914
1648648693, 31, 53, 232, 162, 0, 1.27%, 22, 1, 9, 3.93, 40169
1648648724, 31, 53, 233, 163, 0, 1.27%, 22, 1, 9, 3.46, 40278
1648648771, 31, 99, 233, 162, 0, 1.27%, 22, 1, 9, 3.13, 40435
1648648813, 31, 99, 234, 163, 0, 1.27%, 22, 1, 9, 2.04, 40530
1648648838, 31, 99, 235, 164, 0, 1.27%, 22, 1, 9, 2.54, 40587
1648648859, 31, 99, 236, 165, 0, 1.27%, 22, 1, 9, 2.22, 40636
1648648864, 31, 99, 237, 166, 0, 1.27%, 22, 1, 9, 2.26, 40648
1648648911, 31, 168, 237, 165, 1, 1.27%, 22, 1, 9, 2.21, 40751
1648649083, 32, 150, 237, 165, 1, 1.27%, 22, 1, 9, 1.81, 41065
1648649269, 32, 224, 237, 165, 1, 1.27%, 22, 1, 9, 1.78, 41410
1648649411, 33, 203, 237, 164, 0, 1.27%, 22, 1, 9, 1.92, 41663
