# unix_time, cycles_done, cur_path, paths_total, pending_total, pending_favs, map_size, unique_crashes, unique_hangs, max_depth, execs_per_sec, total_execs
1648633626, 0, 0, 3, 3, 2, 5.11%, 0, 0, 2, 2.84, 49
1648633631, 0, 0, 4, 4, 2, 5.11%, 0, 0, 2, 3.04, 65
1648633636, 0, 0, 6, 6, 2, 5.11%, 0, 0, 2, 3.11, 81
1648633641, 0, 0, 8, 8, 2, 5.11%, 0, 0, 2, 3.12, 97
1648633646, 0, 0, 10, 10, 2, 5.12%, 0, 0, 2, 3.15, 113
1648633652, 0, 0, 11, 11, 2, 5.12%, 0, 0, 2, 3.29, 131
1648633657, 0, 0, 13, 13, 2, 5.12%, 0, 0, 2, 3.39, 148
1648633662, 0, 0, 14, 14, 2, 5.15%, 0, 0, 2, 4.35, 174
1648633667, 0, 0, 15, 15, 2, 5.15%, 0, 0, 2, 4.42, 198
1648633672, 0, 0, 17, 17, 2, 5.16%, 0, 0, 2, 3.75, 216
1648633677, 0, 0, 19, 19, 2, 5.16%, 0, 0, 2, 3.60, 234
1648633693, 0, 0, 20, 20, 2, 5.16%, 0, 0, 2, 4.34, 295
1648633698, 0, 0, 21, 21, 2, 5.16%, 0, 0, 2, 4.55, 318
1648633708, 0, 0, 23, 23, 2, 5.16%, 0, 0, 2, 4.62, 367
1648633713, 0, 0, 25, 25, 2, 5.16%, 0, 0, 2, 4.43, 388
1648633718, 0, 0, 27, 27, 2, 5.17%, 0, 0, 2, 4.25, 409
1648633723, 0, 0, 29, 29, 2, 5.17%, 0, 0, 2, 4.44, 433
1648633728, 0, 0, 32, 32, 2, 5.18%, 0, 0, 2, 4.32, 455
1648633744, 0, 0, 34, 34, 2, 5.19%, 0, 0, 2, 3.86, 506
1648633754, 0, 0, 35, 35, 2, 5.19%, 0, 0, 2, 4.51, 552
1648633764, 0, 0, 36, 36, 2, 5.19%, 0, 0, 2, 4.18, 596
1648633769, 0, 0, 39, 39, 2, 5.19%, 0, 0, 2, 4.43, 619
1648633774, 0, 0, 40, 40, 2, 5.19%, 0, 0, 2, 4.10, 640
1648633779, 0, 0, 42, 42, 2, 5.19%, 0, 0, 2, 4.04, 661
1648633785, 0, 0, 44, 44, 2, 5.19%, 0, 0, 2, 3.69, 679
1648633790, 0, 0, 46, 46, 2, 5.19%, 0, 0, 2, 4.30, 703
1648633795, 0, 0, 47, 47, 2, 5.19%, 0, 0, 2, 4.01, 723
1648633800, 0, 0, 49, 49, 2, 5.19%, 0, 0, 2, 4.35, 747
1648633805, 0, 0, 51, 51, 2, 5.20%, 0, 0, 2, 4.44, 770
1648633811, 0, 0, 53, 53, 2, 5.20%, 0, 0, 2, 4.18, 792
1648633816, 0, 0, 56, 56, 2, 5.21%, 0, 0, 2, 4.27, 815
1648633821, 0, 0, 58, 58, 2, 5.21%, 0, 0, 2, 4.18, 835
1648633826, 0, 0, 60, 60, 2, 5.24%, 0, 0, 2, 4.36, 857
1648633831, 0, 0, 62, 62, 2, 5.25%, 0, 0, 2, 4.25, 879
1648633836, 0, 0, 64, 64, 2, 5.28%, 0, 0, 2, 4.46, 902
1648633842, 0, 0, 66, 66, 2, 5.28%, 0, 0, 2, 4.57, 926
1648633847, 0, 0, 68, 68, 2, 5.28%, 0, 0, 2, 4.35, 948
1648633852, 0, 0, 69, 69, 2, 5.28%, 0, 0, 2, 4.44, 971
1648633857, 0, 0, 71, 71, 2, 5.28%, 0, 0, 2, 4.51, 994
1648633862, 0, 0, 72, 72, 2, 5.28%, 0, 0, 2, 4.25, 1015
1648633867, 0, 0, 73, 73, 2, 5.28%, 0, 0, 2, 4.14, 1036
1648633873, 0, 0, 74, 74, 2, 5.28%, 0, 0, 2, 4.29, 1058
1648633878, 0, 0, 76, 76, 2, 5.29%, 0, 0, 2, 4.39, 1080
1648633883, 0, 0, 78, 78, 2, 5.30%, 0, 0, 2, 4.25, 1101
1648633888, 0, 0, 80, 80, 2, 5.31%, 0, 0, 2, 4.12, 1122
1648633893, 0, 55, 82, 81, 0, 5.31%, 0, 0, 3, 4.97, 1146
1648633898, 0, 55, 84, 83, 0, 5.31%, 0, 0, 3, 7.04, 1187
1648633903, 0, 55, 90, 89, 0, 5.32%, 0, 0, 3, 17.56, 1285
1648633908, 0, 55, 97, 96, 0, 5.32%, 0, 0, 3, 15.06, 1364
1648633914, 0, 55, 102, 101, 0, 5.32%, 0, 0, 3, 15.71, 1442
1648633919, 0, 55, 105, 104, 0, 5.34%, 0, 0, 3, 16.52, 1526
1648633924, 0, 55, 111, 110, 0, 5.35%, 0, 0, 3, 20.76, 1629
1648633929, 1, 0, 112, 110, 1, 5.35%, 0, 0, 3, 1.89, 1650
1648633934, 1, 0, 113, 111, 1, 5.36%, 0, 0, 3, 3.46, 1670
1648633939, 1, 0, 115, 113, 1, 5.36%, 0, 0, 3, 4.12, 1692
1648633944, 1, 0, 118, 116, 1, 5.36%, 0, 0, 3, 4.40, 1715
1648633950, 1, 0, 120, 118, 1, 5.37%, 0, 0, 3, 4.07, 1736
1648633955, 1, 0, 121, 119, 1, 5.37%, 0, 0, 3, 3.91, 1755
1648633960, 1, 0, 122, 120, 1, 5.37%, 0, 0, 3, 3.89, 1774
1648633965, 1, 0, 124, 122, 1, 5.38%, 0, 0, 3, 3.90, 1795
1648633970, 1, 0, 126, 124, 1, 5.38%, 0, 0, 3, 3.86, 1815
1648633975, 1, 0, 127, 125, 1, 5.38%, 0, 0, 3, 3.84, 1834
1648633984, 1, 0, 128, 126, 1, 5.38%, 0, 0, 3, 0.45, 1854
1648633989, 1, 0, 130, 128, 1, 5.39%, 0, 0, 3, 3.23, 1866
1648633994, 1, 0, 132, 130, 1, 5.39%, 0, 0, 3, 3.55, 1885
1648634000, 1, 0, 133, 131, 1, 5.39%, 0, 0, 3, 3.81, 1904
1648634017, 1, 0, 134, 132, 1, 5.40%, 0, 0, 3, 0.35, 1952
1648634022, 1, 0, 135, 133, 1, 5.41%, 0, 0, 3, 4.17, 1972
1648634027, 1, 0, 137, 135, 1, 5.41%, 0, 0, 3, 3.68, 1989
1648634033, 1, 0, 138, 136, 1, 5.41%, 0, 0, 3, 0.35, 2004
1648634039, 1, 0, 139, 137, 1, 5.43%, 0, 0, 3, 0.50, 2017
1648634054, 1, 0, 140, 138, 1, 5.43%, 0, 0, 3, 0.22, 2050
1648634059, 1, 0, 141, 139, 1, 5.43%, 0, 0, 3, 4.31, 2061
1648634064, 1, 0, 142, 140, 1, 5.43%, 0, 0, 3, 4.22, 2075
1648634069, 1, 0, 144, 142, 1, 5.43%, 0, 0, 3, 4.49, 2098
1648634075, 1, 0, 146, 144, 1, 5.43%, 0, 0, 3, 4.38, 2109
1648634103, 1, 0, 148, 146, 1, 5.44%, 0, 0, 3, 4.49, 2149
1648634108, 1, 0, 149, 147, 1, 5.44%, 0, 0, 3, 4.30, 2163
1648634113, 1, 0, 151, 149, 1, 5.44%, 0, 0, 3, 1.71, 2177
1648634118, 1, 0, 152, 150, 1, 5.44%, 0, 0, 3, 2.24, 2190
1648634128, 1, 0, 154, 152, 1, 5.44%, 0, 0, 3, 3.45, 2224
1648634133, 1, 0, 155, 153, 1, 5.46%, 0, 0, 3, 3.47, 2242
1648634138, 1, 0, 156, 154, 1, 5.47%, 0, 0, 3, 3.53, 2260
1648634143, 1, 0, 157, 155, 1, 5.47%, 0, 0, 3, 3.62, 2279
1648634148, 1, 0, 159, 157, 1, 5.47%, 0, 0, 3, 3.59, 2297
1648634154, 1, 0, 160, 158, 1, 5.47%, 0, 0, 3, 3.58, 2315
1648634159, 1, 0, 161, 159, 1, 5.47%, 0, 0, 3, 3.71, 2334
1648634164, 1, 0, 162, 160, 1, 5.47%, 0, 0, 3, 3.69, 2353
1648634169, 1, 0, 164, 162, 1, 5.47%, 0, 0, 3, 3.66, 2372
1648634178, 1, 0, 165, 163, 1, 5.47%, 0, 0, 3, 0.25, 2390
1648634205, 1, 0, 166, 164, 1, 5.47%, 0, 0, 3, 0.34, 2439
1648634210, 1, 0, 167, 165, 1, 5.47%, 0, 0, 3, 3.59, 2451
1648634220, 1, 0, 169, 167, 1, 5.48%, 0, 0, 3, 3.55, 2477
1648634225, 1, 0, 171, 169, 1, 5.48%, 0, 0, 3, 3.69, 2496
1648634235, 1, 0, 172, 170, 1, 5.48%, 0, 0, 3, 3.63, 2522
1648634241, 1, 0, 173, 171, 1, 5.48%, 0, 0, 3, 3.56, 2540
1648634254, 1, 0, 174, 172, 1, 5.48%, 0, 0, 3, 0.49, 2551
1648634276, 1, 0, 175, 173, 1, 5.48%, 0, 0, 3, 3.51, 2604
1648634282, 1, 0, 176, 174, 1, 5.48%, 0, 0, 3, 3.16, 2615
1648634295, 1, 0, 177, 175, 1, 5.48%, 0, 0, 3, 3.09, 2639
1648634316, 1, 0, 178, 176, 1, 5.48%, 0, 0, 3, 3.32, 2706
1648634321, 1, 0, 180, 178, 1, 5.49%, 0, 0, 3, 3.30, 2723
1648634326, 1, 0, 181, 179, 1, 5.49%, 0, 0, 3, 3.21, 2739
1648634336, 1, 0, 183, 181, 1, 5.49%, 0, 0, 3, 3.41, 2774
1648634347, 1, 0, 184, 182, 1, 5.49%, 0, 0, 3, 3.36, 2808
1648634352, 1, 0, 185, 183, 1, 5.49%, 0, 0, 3, 3.54, 2826
1648634362, 1, 0, 186, 184, 1, 5.49%, 0, 0, 3, 3.49, 2861
1648634367, 1, 0, 187, 185, 1, 5.49%, 0, 0, 3, 3.25, 2877
1648634377, 1, 0, 188, 186, 1, 5.49%, 0, 0, 3, 3.36, 2911
1648634388, 1, 0, 189, 187, 1, 5.49%, 0, 0, 3, 3.28, 2945
1648634393, 1, 0, 190, 188, 1, 5.49%, 0, 0, 3, 3.46, 2963
1648634413, 1, 0, 191, 189, 1, 5.49%, 0, 0, 3, 3.12, 3066
1648634418, 1, 0, 192, 190, 1, 5.49%, 0, 0, 3, 3.27, 3083
1648634446, 1, 0, 193, 191, 1, 5.49%, 0, 0, 3, 3.22, 3162
1648634451, 1, 0, 195, 193, 1, 5.49%, 0, 0, 3, 3.26, 3179
1648634457, 1, 0, 196, 194, 1, 5.50%, 0, 0, 3, 3.21, 3195
1648634477, 1, 0, 197, 195, 1, 5.50%, 0, 0, 3, 3.20, 3258
1648634499, 1, 64, 198, 196, 1, 5.50%, 0, 0, 3, 11.85, 3367
1648634504, 1, 64, 200, 198, 1, 5.51%, 0, 0, 3, 14.09, 3450
1648634509, 1, 64, 203, 201, 1, 5.51%, 0, 0, 3, 17.15, 3542
1648634514, 1, 185, 204, 201, 0, 5.51%, 0, 0, 3, 0.00, 3616
1648634599, 2, 1, 205, 201, 8, 5.51%, 0, 0, 3, 3.61, 3906
1648634609, 2, 1, 206, 202, 8, 5.51%, 0, 0, 3, 3.55, 3941
1648634614, 2, 1, 207, 203, 8, 5.53%, 0, 0, 3, 3.36, 3958
1648634630, 2, 1, 208, 204, 8, 5.53%, 0, 0, 3, 4.14, 4019
1648634636, 2, 1, 209, 205, 8, 5.53%, 0, 0, 3, 3.57, 4036
1648634641, 2, 1, 210, 206, 8, 5.55%, 0, 0, 3, 4.39, 4059
1648634661, 2, 1, 211, 207, 8, 5.56%, 0, 0, 3, 3.83, 4142
1648634667, 2, 42, 211, 206, 3, 5.56%, 0, 0, 3, 4.85, 4166
1648634672, 2, 42, 214, 209, 3, 5.56%, 0, 0, 3, 9.67, 4223
1648634677, 2, 42, 216, 211, 3, 5.57%, 0, 0, 3, 11.28, 4285
1648634692, 3, 0, 217, 211, 7, 5.57%, 0, 0, 3, 1.69, 4467
1648634707, 3, 0, 218, 212, 7, 5.60%, 0, 0, 3, 3.69, 4521
1648634713, 3, 0, 219, 213, 7, 5.60%, 0, 0, 3, 3.69, 4540
1648634728, 3, 0, 220, 214, 7, 5.60%, 0, 0, 3, 3.93, 4597
1648634749, 3, 0, 221, 215, 7, 5.61%, 0, 0, 3, 4.05, 4674
1648634786, 3, 1, 221, 215, 5, 5.61%, 0, 0, 3, 3.47, 4760
1648634791, 3, 1, 222, 216, 5, 5.61%, 0, 0, 3, 2.00, 4773
1648634802, 3, 1, 223, 217, 5, 5.61%, 0, 0, 3, 2.87, 4805
1648634807, 3, 1, 224, 218, 5, 5.61%, 0, 0, 3, 3.19, 4821
1648634833, 3, 1, 225, 219, 5, 5.61%, 0, 0, 3, 3.49, 4904
1648634843, 3, 1, 226, 220, 5, 5.61%, 0, 0, 3, 3.47, 4937
1648634859, 3, 1, 227, 221, 5, 5.62%, 0, 0, 3, 3.30, 4985
1648634879, 3, 1, 228, 222, 5, 5.63%, 0, 0, 3, 3.32, 5048
1648634884, 3, 1, 229, 223, 4, 5.63%, 0, 0, 3, 2.99, 5062
1648634920, 3, 1, 230, 224, 4, 5.63%, 0, 0, 3, 3.19, 5165
1648634926, 3, 1, 231, 225, 4, 5.63%, 0, 0, 3, 3.23, 5182
1648634931, 3, 1, 232, 226, 4, 5.63%, 0, 0, 3, 3.28, 5198
1648634957, 3, 1, 233, 227, 4, 5.63%, 0, 0, 3, 3.03, 5274
1648634967, 3, 1, 234, 228, 4, 5.64%, 0, 0, 3, 3.29, 5306
1648634983, 3, 1, 236, 230, 4, 5.64%, 0, 0, 3, 0.55, 5345
1648634998, 3, 1, 237, 231, 4, 5.64%, 0, 0, 3, 3.38, 5393
1648635014, 4, 0, 237, 231, 4, 5.64%, 0, 0, 3, 4.08, 5450
1648635025, 4, 0, 238, 232, 4, 5.64%, 0, 0, 3, 3.79, 5496
1648635030, 4, 0, 239, 233, 4, 5.64%, 0, 0, 3, 3.50, 5512
1648635035, 4, 0, 240, 234, 4, 5.64%, 0, 0, 3, 2.93, 5524
1648635063, 4, 0, 241, 235, 4, 5.64%, 0, 0, 3, 2.87, 5579
1648635079, 4, 0, 242, 236, 4, 5.64%, 0, 0, 3, 2.50, 5610
1648635084, 4, 0, 244, 238, 4, 5.69%, 0, 0, 3, 2.43, 5619
1648635105, 4, 0, 245, 239, 4, 5.69%, 0, 0, 3, 2.25, 5668
1648635110, 4, 0, 246, 240, 4, 5.69%, 0, 0, 3, 2.45, 5679
1648635121, 4, 0, 247, 241, 4, 5.72%, 0, 0, 3, 3.05, 5703
1648635126, 4, 0, 248, 242, 4, 5.72%, 0, 0, 3, 3.20, 5720
1648635131, 4, 0, 249, 243, 4, 5.72%, 0, 0, 3, 2.76, 5731
1648635157, 4, 164, 250, 244, 0, 5.72%, 0, 0, 3, 3.59, 5787
1648635236, 5, 75, 252, 246, 2, 5.72%, 0, 0, 3, 32.97, 6107
1648635241, 5, 75, 254, 248, 2, 5.72%, 0, 0, 3, 22.12, 6197
1648635256, 6, 43, 255, 248, 0, 5.72%, 0, 0, 3, 5.13, 6347
1648635308, 6, 226, 255, 247, 0, 5.72%, 0, 0, 3, 5.94, 6615
1648635318, 6, 226, 256, 248, 0, 5.72%, 0, 0, 3, 12.10, 6731
1648635328, 6, 226, 257, 249, 0, 5.72%, 0, 0, 3, 12.47, 6856
1648635333, 7, 40, 257, 248, 8, 5.72%, 0, 0, 3, 10.69, 6911
1648635343, 7, 40, 258, 249, 8, 5.72%, 0, 0, 3, 4.70, 6952
1648635374, 7, 40, 259, 250, 8, 5.72%, 0, 0, 3, 4.12, 7074
1648635384, 7, 40, 260, 251, 8, 5.73%, 0, 0, 3, 4.30, 7117
1648635400, 7, 40, 261, 252, 8, 5.73%, 0, 0, 3, 4.50, 7180
1648635410, 7, 104, 261, 251, 3, 5.73%, 0, 0, 3, 3.48, 7212
1648635446, 7, 104, 262, 252, 3, 5.73%, 0, 0, 4, 3.02, 7307
1648635451, 7, 104, 263, 253, 3, 5.73%, 0, 0, 4, 2.93, 7322
1648635492, 7, 104, 264, 254, 3, 5.73%, 0, 0, 4, 3.05, 7440
1648635507, 7, 104, 266, 256, 3, 5.73%, 0, 0, 4, 2.77, 7483
1648635539, 8, 1, 266, 255, 5, 5.73%, 0, 0, 4, 2.59, 7565
1648635544, 8, 1, 267, 256, 5, 5.73%, 0, 0, 4, 2.87, 7581
1648635555, 8, 1, 268, 257, 5, 5.73%, 0, 0, 4, 3.24, 7614
1648635564, 8, 1, 270, 259, 5, 5.73%, 0, 0, 4, 0.22, 7632
1648635569, 8, 1, 271, 260, 5, 5.73%, 0, 0, 4, 3.28, 7649
1648635600, 8, 1, 272, 261, 5, 5.73%, 0, 0, 4, 3.10, 7748
1648635631, 8, 155, 272, 261, 6, 5.73%, 0, 0, 4, 3.46, 7853
1648635704, 8, 155, 273, 262, 6, 5.73%, 0, 0, 4, 3.36, 8079
1648635719, 8, 155, 274, 263, 6, 5.73%, 0, 0, 4, 3.36, 8130
1648635725, 8, 155, 275, 264, 6, 5.73%, 0, 0, 4, 3.47, 8148
1648635730, 8, 181, 275, 263, 5, 5.73%, 0, 0, 4, 4.26, 8168
1648635735, 8, 181, 276, 264, 5, 5.73%, 0, 0, 4, 34.93, 8224
1648635740, 8, 181, 278, 266, 5, 5.73%, 0, 0, 4, 19.67, 8291
1648635745, 8, 181, 279, 267, 5, 5.73%, 0, 0, 4, 14.01, 8345
1648635755, 9, 1, 279, 266, 4, 5.73%, 0, 0, 4, 12.60, 8477
1648635797, 9, 1, 280, 267, 4, 5.74%, 0, 0, 4, 2.27, 8616
1648635854, 10, 137, 280, 267, 0, 5.74%, 0, 0, 4, 5.33, 8756
1648635860, 10, 137, 282, 269, 0, 5.74%, 0, 0, 4, 10.39, 8818
1648635865, 10, 137, 284, 271, 0, 5.74%, 0, 0, 4, 14.78, 8895
1648635880, 11, 90, 285, 272, 0, 5.74%, 0, 0, 4, 0.00, 9026
1648635976, 11, 226, 285, 271, 0, 5.74%, 0, 0, 4, 3.35, 9339
1648636002, 12, 44, 287, 273, 9, 5.74%, 0, 0, 4, 3.13, 9647
1648636012, 12, 44, 288, 274, 9, 5.74%, 0, 0, 4, 3.44, 9677
1648636048, 12, 44, 289, 275, 9, 5.75%, 0, 0, 4, 3.87, 9809
1648636073, 12, 44, 290, 276, 9, 5.75%, 0, 0, 4, 3.70, 9896
1648636078, 12, 44, 291, 277, 9, 5.75%, 0, 0, 4, 3.93, 9915
1648636089, 12, 107, 291, 276, 3, 5.75%, 0, 0, 4, 6.06, 9963
1648636114, 13, 1, 291, 275, 2, 5.75%, 0, 0, 4, 1.63, 10261
1648636156, 13, 1, 292, 276, 2, 5.75%, 0, 0, 4, 3.96, 10406
1648636166, 13, 1, 293, 277, 2, 5.78%, 0, 0, 4, 3.95, 10445
1648636171, 13, 1, 294, 278, 2, 5.78%, 0, 0, 4, 3.97, 10466
1648636205, 13, 1, 295, 279, 2, 5.78%, 0, 0, 4, 3.88, 10537
1648636217, 13, 163, 295, 279, 7, 5.78%, 0, 0, 4, 6.69, 10578
1648636232, 13, 222, 295, 278, 6, 5.78%, 0, 0, 4, 1.72, 10742
1648636243, 13, 222, 296, 279, 6, 5.78%, 0, 0, 4, 2.34, 10767
1648636258, 13, 222, 297, 280, 6, 5.78%, 0, 0, 4, 2.50, 10805
1648636269, 13, 222, 298, 281, 6, 5.78%, 0, 0, 4, 2.49, 10830
1648636357, 14, 163, 299, 281, 4, 5.78%, 0, 0, 4, 0.00, 11038
1648636442, 15, 168, 299, 281, 0, 5.78%, 0, 0, 4, 3.55, 11300
1648636462, 15, 168, 300, 282, 0, 5.78%, 0, 0, 4, 13.53, 11533
1648636467, 16, 91, 300, 281, 0, 5.78%, 0, 0, 4, 13.60, 11598
1648636564, 16, 255, 300, 280, 0, 5.78%, 0, 0, 4, 7.50, 11946
1648636579, 16, 255, 301, 281, 0, 5.78%, 0, 0, 4, 11.21, 12118
1648636595, 16, 255, 302, 282, 0, 5.78%, 0, 0, 4, 13.56, 12297
1648636616, 17, 64, 302, 281, 9, 5.78%, 0, 0, 4, 8.27, 12515
1648636657, 17, 64, 303, 282, 9, 5.79%, 0, 0, 4, 4.21, 12681
1648636683, 17, 214, 303, 282, 2, 5.79%, 0, 0, 4, 22.30, 12797
1648636703, 17, 214, 304, 283, 2, 5.79%, 0, 0, 4, 12.94, 13037
1648636719, 18, 132, 304, 282, 5, 5.79%, 0, 0, 4, 10.17, 13227
1648636724, 18, 132, 305, 283, 5, 5.79%, 0, 0, 4, 2.45, 13244
1648636760, 18, 132, 306, 284, 5, 5.79%, 0, 0, 4, 3.95, 13382
1648636836, 18, 171, 306, 283, 6, 5.79%, 0, 0, 4, 14.51, 13566
1648636841, 18, 171, 307, 284, 6, 5.79%, 0, 0, 4, 12.05, 13617
1648636862, 18, 231, 307, 283, 5, 5.79%, 0, 0, 4, 9.71, 13830
1648636950, 19, 171, 307, 282, 4, 5.79%, 0, 0, 4, 19.28, 14129
1648636960, 19, 171, 308, 283, 4, 5.79%, 0, 0, 4, 18.86, 14313
1648636965, 20, 200, 309, 284, 0, 5.79%, 0, 0, 4, 0.00, 14386
1648637064, 21, 20, 309, 283, 0, 5.79%, 0, 0, 4, 4.84, 14827
1648637120, 21, 256, 309, 282, 0, 5.79%, 0, 0, 4, 10.12, 15137
1648637156, 21, 256, 310, 283, 0, 5.79%, 0, 0, 4, 15.62, 15609
1648637161, 21, 256, 311, 284, 0, 5.79%, 0, 0, 4, 14.60, 15683
1648637187, 22, 191, 312, 284, 0, 5.79%, 0, 0, 4, 3.50, 15978
1648637269, 23, 76, 312, 283, 0, 5.79%, 0, 0, 4, 3.31, 16264
1648637284, 23, 76, 313, 284, 0, 5.79%, 0, 0, 4, 3.90, 16322
1648637315, 23, 76, 314, 285, 0, 5.79%, 0, 0, 4, 3.95, 16439
1648637330, 23, 76, 315, 286, 0, 5.79%, 0, 0, 4, 4.08, 16499
1648637340, 23, 76, 316, 287, 0, 5.79%, 0, 0, 4, 4.01, 16538
1648637346, 23, 222, 316, 286, 5, 5.79%, 0, 0, 4, 4.64, 16558
1648637428, 23, 222, 317, 287, 5, 5.79%, 0, 0, 4, 3.48, 16813
1648637433, 24, 148, 317, 287, 5, 5.79%, 0, 0, 4, 3.41, 16830
1648637469, 24, 223, 317, 286, 4, 5.79%, 0, 0, 4, 5.03, 16971
1648637490, 24, 264, 317, 285, 3, 5.79%, 0, 0, 4, 9.55, 17204
1648637531, 25, 227, 317, 284, 2, 5.79%, 0, 0, 4, 10.55, 17615
1648637542, 25, 227, 318, 285, 2, 5.79%, 0, 0, 4, 11.24, 17722
1648637552, 25, 227, 319, 286, 2, 5.79%, 0, 0, 4, 13.47, 17854
1648637557, 25, 227, 320, 287, 2, 5.79%, 0, 0, 4, 11.66, 17912
1648637562, 25, 273, 320, 286, 6, 5.79%, 0, 0, 4, 9.15, 17950
1648637583, 26, 194, 321, 286, 5, 5.79%, 0, 0, 4, 0.00, 18136
1648637674, 26, 232, 321, 285, 2, 5.79%, 0, 0, 4, 23.03, 18445
1648637690, 26, 303, 321, 284, 1, 5.79%, 0, 0, 4, 16.55, 18689
1648637726, 26, 303, 322, 285, 1, 5.79%, 0, 0, 5, 11.94, 19140
1648637731, 26, 303, 323, 286, 1, 5.80%, 0, 0, 5, 11.18, 19197
1648637767, 26, 303, 324, 287, 1, 5.80%, 0, 0, 5, 12.53, 19687
1648637772, 26, 303, 325, 288, 1, 5.80%, 0, 0, 5, 11.66, 19742
1648637787, 27, 274, 325, 287, 5, 5.80%, 0, 0, 5, 10.59, 19925
1648637808, 28, 204, 325, 286, 4, 5.80%, 0, 0, 5, 7.31, 20120
1648637886, 29, 98, 325, 285, 3, 5.80%, 0, 0, 5, 3.73, 20405
1648637973, 29, 98, 326, 286, 3, 5.80%, 0, 0, 5, 3.01, 20651
1648637999, 29, 209, 327, 286, 3, 5.80%, 0, 0, 5, 23.72, 20736
1648638035, 30, 206, 327, 285, 2, 5.80%, 0, 0, 5, 8.40, 21031
1648638045, 30, 206, 328, 286, 2, 5.80%, 0, 0, 5, 10.68, 21135
1648638061, 31, 148, 328, 285, 2, 5.80%, 0, 0, 5, 9.71, 21308
1648638081, 31, 148, 329, 286, 2, 5.80%, 0, 0, 5, 9.99, 21461
1648638092, 31, 148, 331, 288, 2, 5.80%, 0, 0, 5, 2.40, 21546
1648638107, 31, 148, 332, 289, 2, 5.80%, 0, 0, 5, 22.03, 21621
1648638112, 31, 168, 332, 289, 7, 5.80%, 0, 0, 5, 8.33, 21663
1648638133, 31, 273, 333, 290, 7, 5.80%, 0, 0, 5, 0.00, 21897
1648638235, 32, 204, 333, 290, 7, 5.80%, 0, 0, 5, 4.75, 22245
1648638251, 32, 204, 334, 291, 7, 5.80%, 0, 0, 5, 10.22, 22418
1648638256, 32, 204, 335, 292, 7, 5.81%, 0, 0, 5, 15.27, 22495
1648638261, 32, 219, 337, 294, 4, 5.81%, 0, 0, 5, 2.12, 22561
1648638266, 32, 219, 338, 295, 4, 5.81%, 0, 0, 5, 3.66, 22582
1648638282, 32, 219, 339, 296, 4, 5.81%, 0, 0, 5, 3.83, 22644
1648638360, 32, 317, 339, 295, 3, 5.81%, 0, 0, 5, 3.49, 22896
1648638365, 32, 317, 340, 296, 3, 5.81%, 0, 0, 5, 3.22, 22918
1648638371, 32, 317, 341, 297, 3, 5.81%, 0, 0, 5, 2.98, 22933
1648638381, 32, 317, 342, 298, 3, 5.81%, 0, 0, 5, 2.85, 22962
1648638386, 32, 317, 343, 299, 3, 5.81%, 0, 0, 5, 2.91, 22977
1648638417, 32, 317, 344, 300, 3, 5.81%, 0, 0, 5, 2.94, 23065
1648638448, 32, 317, 345, 301, 3, 5.81%, 0, 0, 5, 2.84, 23152
1648638501, 32, 317, 346, 302, 3, 5.81%, 0, 0, 5, 2.86, 23290
1648638537, 33, 205, 346, 301, 9, 5.81%, 0, 0, 5, 3.27, 23397
1648638553, 33, 205, 347, 302, 9, 5.81%, 0, 0, 5, 3.86, 23451
1648638628, 33, 209, 347, 301, 7, 5.81%, 0, 0, 5, 3.87, 23696
1648638648, 33, 209, 348, 302, 7, 5.81%, 0, 0, 5, 3.35, 23754
1648638653, 33, 209, 349, 303, 7, 5.81%, 0, 0, 5, 3.79, 23774
1648638721, 33, 322, 349, 303, 2, 5.81%, 0, 0, 5, 7.84, 24031
1648638824, 34, 219, 349, 302, 1, 5.81%, 0, 0, 5, 1.96, 25171
1648638932, 34, 219, 350, 303, 1, 5.81%, 0, 0, 5, 3.54, 25448
1648638968, 34, 219, 351, 304, 1, 5.81%, 0, 0, 5, 3.47, 25563
1648638974, 34, 219, 352, 305, 1, 5.81%, 0, 0, 5, 3.42, 25580
1648638979, 34, 219, 353, 306, 1, 5.81%, 0, 0, 5, 3.43, 25597
1648639036, 34, 286, 353, 306, 3, 5.81%, 0, 0, 5, 39.61, 25962
1648639046, 34, 286, 355, 308, 3, 5.81%, 0, 0, 5, 5.12, 26120
1648639246, 35, 210, 355, 307, 8, 5.81%, 0, 0, 5, 3.10, 26676
1648639272, 35, 210, 356, 308, 8, 5.81%, 0, 0, 5, 3.56, 26770
1648639277, 35, 210, 357, 309, 8, 5.83%, 0, 0, 5, 3.92, 26791
1648639329, 35, 210, 358, 310, 8, 5.83%, 0, 0, 5, 3.94, 26976
1648639334, 36, 99, 359, 310, 0, 5.83%, 0, 0, 5, 3.31, 26988
1648639441, 36, 266, 359, 309, 0, 5.83%, 0, 0, 5, 3.67, 27345
1648639497, 37, 252, 359, 308, 0, 5.83%, 0, 0, 5, 5.58, 27657
1648639627, 37, 252, 360, 309, 0, 5.84%, 0, 0, 5, 4.19, 28121
1648639735, 37, 259, 360, 308, 9, 5.84%, 0, 0, 5, 3.41, 28546
1648639844, 37, 323, 360, 307, 8, 5.84%, 0, 0, 5, 4.95, 28886
1648639865, 37, 323, 361, 308, 8, 5.84%, 0, 0, 6, 9.69, 29079
1648639947, 37, 323, 362, 309, 8, 5.84%, 0, 0, 6, 12.13, 30011
1648639952, 37, 323, 364, 311, 8, 5.84%, 0, 0, 6, 10.84, 30064
1648639957, 38, 318, 364, 310, 2, 5.84%, 0, 0, 6, 9.36, 30106
1648640018, 38, 318, 365, 311, 2, 5.84%, 0, 0, 6, 12.25, 30720
1648640028, 38, 318, 366, 312, 2, 5.84%, 0, 0, 6, 12.01, 30853
1648640038, 38, 318, 367, 313, 2, 5.84%, 0, 0, 6, 11.19, 30960
1648640044, 39, 210, 367, 312, 1, 5.84%, 0, 0, 6, 9.87, 31008
1648640049, 39, 210, 368, 313, 1, 5.84%, 0, 0, 6, 12.33, 31068
1648640069, 39, 300, 368, 313, 1, 5.84%, 0, 0, 6, 10.70, 31323
1648640151, 40, 267, 368, 312, 0, 5.84%, 0, 0, 6, 10.04, 32177
1648640187, 40, 325, 368, 311, 0, 5.84%, 0, 0, 6, 11.62, 32499
1648640228, 41, 276, 368, 310, 0, 5.84%, 0, 0, 6, 10.18, 32940
1648640295, 41, 340, 368, 309, 0, 5.84%, 0, 0, 6, 4.31, 33798
1648640320, 41, 340, 370, 311, 0, 5.84%, 0, 0, 6, 13.81, 34068
1648640326, 41, 340, 371, 312, 0, 5.84%, 0, 0, 6, 18.02, 34173
1648640331, 42, 244, 371, 311, 3, 5.84%, 0, 0, 6, 15.54, 34249
1648640429, 42, 260, 371, 310, 2, 5.84%, 0, 0, 6, 3.80, 34574
1648640517, 42, 343, 371, 309, 1, 5.84%, 0, 0, 6, 3.59, 34909
1648640570, 42, 343, 372, 310, 1, 5.84%, 0, 0, 6, 2.46, 35038
1648640637, 42, 343, 373, 311, 1, 5.84%, 0, 0, 6, 2.94, 35223
1648640671, 42, 343, 374, 312, 1, 5.84%, 0, 0, 6, 0.40, 35307
1648640691, 43, 297, 374, 311, 1, 5.84%, 0, 0, 6, 3.00, 35366
1648640762, 43, 297, 375, 312, 1, 5.84%, 0, 0, 6, 2.19, 35520
1648640799, 43, 297, 376, 313, 1, 5.84%, 0, 0, 6, 2.46, 35605
1648640835, 44, 269, 376, 312, 0, 5.84%, 0, 0, 6, 2.40, 35688
1648640876, 44, 345, 376, 312, 0, 5.84%, 0, 0, 6, 6.18, 35847
1648640902, 44, 345, 377, 313, 0, 5.84%, 0, 0, 6, 15.36, 36167
1648640913, 45, 268, 377, 312, 0, 5.84%, 0, 0, 6, 10.55, 36287
1648640938, 45, 268, 378, 313, 0, 5.84%, 0, 0, 6, 10.05, 36528
1648640943, 45, 268, 379, 314, 0, 5.84%, 0, 0, 6, 12.03, 36592
1648640948, 45, 314, 379, 313, 0, 5.84%, 0, 0, 6, 7.69, 36629
1648641065, 45, 355, 379, 312, 0, 5.84%, 0, 0, 6, 7.80, 37003
1648641090, 45, 361, 379, 311, 0, 5.84%, 0, 0, 6, 10.63, 37278
1648641152, 46, 346, 379, 310, 0, 5.84%, 0, 0, 6, 8.31, 37863
1648641208, 46, 346, 380, 311, 0, 5.84%, 0, 0, 6, 3.91, 38087
1648641239, 47, 116, 380, 310, 0, 5.84%, 0, 0, 6, 0.00, 38204
1648641305, 48, 82, 380, 309, 0, 5.84%, 0, 0, 6, 5.94, 38519
1648641316, 48, 82, 381, 310, 0, 5.84%, 0, 0, 6, 8.87, 38616
1648641331, 48, 245, 381, 309, 0, 5.84%, 0, 0, 6, 8.17, 38779
1648641372, 48, 375, 381, 309, 0, 5.84%, 0, 0, 6, 4.78, 39031
1648641486, 49, 364, 381, 309, 0, 5.84%, 0, 0, 6, 2.68, 39300
1648641507, 49, 364, 382, 310, 0, 5.85%, 0, 0, 6, 7.63, 39454
1648641543, 49, 364, 384, 312, 0, 5.85%, 0, 0, 6, 10.85, 39787
1648641563, 49, 364, 385, 313, 0, 5.85%, 0, 0, 6, 11.94, 40019
1648641584, 50, 86, 386, 313, 0, 5.85%, 0, 0, 6, 0.00, 40206
1648641697, 50, 251, 386, 312, 1, 5.85%, 0, 0, 6, 3.18, 40521
1648641764, 50, 354, 386, 311, 1, 5.85%, 0, 0, 6, 2.32, 41397
1648641854, 50, 354, 387, 312, 1, 5.85%, 0, 0, 6, 3.52, 41623
1648641890, 51, 7, 387, 311, 0, 5.85%, 0, 0, 6, 3.36, 41743
1648641938, 51, 7, 388, 312, 0, 5.85%, 0, 0, 6, 4.23, 41911
1648641948, 51, 7, 389, 313, 0, 5.85%, 0, 0, 6, 3.80, 41940
1648641969, 51, 14, 389, 312, 8, 5.85%, 0, 0, 6, 3.59, 42017
1648641980, 51, 366, 389, 311, 7, 5.85%, 0, 0, 6, 5.15, 42060
1648642031, 51, 369, 389, 310, 6, 5.85%, 0, 0, 6, 13.49, 42558
1648642098, 52, 352, 390, 310, 5, 5.85%, 0, 0, 6, 0.00, 43362
1648642197, 53, 89, 390, 309, 0, 5.85%, 0, 0, 6, 4.57, 43685
1648642290, 54, 19, 390, 308, 0, 5.85%, 0, 0, 6, 3.07, 43994
1648642364, 54, 120, 390, 307, 0, 5.85%, 0, 0, 6, 8.01, 44281
1648642385, 54, 269, 390, 306, 0, 5.85%, 0, 0, 6, 12.31, 44587
1648642390, 54, 269, 391, 307, 0, 5.85%, 0, 0, 6, 12.34, 44648
1648642395, 54, 269, 393, 309, 0, 5.85%, 0, 0, 6, 12.94, 44713
1648642400, 54, 269, 394, 310, 0, 5.85%, 0, 0, 6, 11.03, 44763
1648642405, 54, 269, 395, 311, 0, 5.85%, 0, 0, 6, 14.06, 44837
1648642410, 54, 354, 395, 311, 1, 5.85%, 0, 0, 6, 7.16, 44859
1648642472, 54, 354, 396, 312, 1, 5.85%, 0, 0, 6, 3.14, 45079
1648642524, 54, 354, 397, 313, 1, 5.85%, 0, 0, 6, 3.11, 45228
1648642613, 54, 372, 397, 313, 4, 5.85%, 0, 0, 6, 3.38, 45472
1648642654, 55, 209, 397, 312, 3, 5.85%, 0, 0, 6, 2.74, 45915
1648642721, 55, 209, 398, 313, 3, 5.85%, 0, 0, 6, 4.08, 46151
1648642732, 55, 279, 398, 313, 2, 5.85%, 0, 0, 6, 13.90, 46198
1648642773, 55, 279, 399, 314, 2, 5.85%, 0, 0, 6, 2.36, 46299
1648642861, 55, 376, 399, 313, 3, 5.85%, 0, 0, 6, 5.53, 46523
1648642907, 55, 376, 401, 315, 3, 5.85%, 0, 0, 6, 15.33, 46992
1648642949, 56, 292, 401, 314, 3, 5.85%, 0, 0, 6, 18.66, 47686
1648642985, 56, 302, 401, 313, 2, 5.85%, 0, 0, 6, 9.14, 48044
1648643086, 56, 381, 402, 313, 1, 5.85%, 0, 0, 6, 0.00, 48369
1648643380, 56, 381, 403, 314, 1, 5.85%, 0, 0, 6, 3.18, 49299
1648643459, 57, 93, 403, 313, 0, 5.85%, 0, 0, 6, 3.68, 49556
1648643495, 57, 93, 404, 314, 0, 5.86%, 0, 0, 6, 8.47, 49810
1648643500, 57, 178, 404, 313, 0, 5.86%, 0, 0, 6, 3.41, 49830
1648643583, 57, 293, 404, 312, 0, 5.86%, 0, 0, 6, 8.97, 50149
1648643588, 57, 293, 405, 313, 0, 5.86%, 0, 0, 6, 11.47, 50213
1648643608, 57, 356, 405, 312, 6, 5.86%, 0, 0, 6, 10.86, 50449
1648643665, 57, 379, 405, 311, 5, 5.86%, 0, 0, 6, 3.72, 50660
1648643794, 57, 379, 406, 312, 5, 5.86%, 0, 0, 6, 4.39, 51151
1648643810, 57, 379, 407, 313, 5, 5.86%, 0, 0, 6, 4.01, 51208
1648643820, 57, 383, 407, 312, 4, 5.86%, 0, 0, 6, 7.48, 51265
1648643867, 57, 384, 407, 311, 3, 5.86%, 0, 0, 6, 10.89, 51771
1648643975, 58, 219, 407, 310, 2, 5.86%, 0, 0, 6, 2.35, 52917
1648644078, 59, 102, 407, 310, 2, 5.86%, 0, 0, 6, 6.75, 53200
1648644083, 59, 102, 408, 311, 2, 5.86%, 0, 0, 6, 9.70, 53252
1648644088, 59, 102, 409, 312, 2, 5.86%, 0, 0, 6, 10.82, 53306
1648644109, 59, 274, 409, 311, 1, 5.86%, 0, 0, 6, 13.95, 53568
1648644130, 59, 300, 409, 311, 1, 5.86%, 0, 0, 6, 13.00, 53874
1648644181, 59, 300, 410, 312, 1, 5.86%, 0, 0, 6, 17.20, 54577
1648644196, 59, 399, 410, 312, 1, 5.86%, 0, 0, 6, 11.62, 54769
1648644278, 60, 384, 410, 311, 1, 5.86%, 0, 0, 6, 2.70, 55910
1648644528, 60, 384, 411, 312, 1, 5.93%, 0, 0, 6, 3.85, 56732
1648644543, 60, 396, 411, 312, 2, 5.93%, 0, 0, 6, 6.35, 56802
1648644584, 61, 235, 411, 311, 1, 5.93%, 0, 0, 6, 11.51, 57243
1648644600, 61, 379, 411, 311, 1, 5.93%, 0, 0, 6, 4.36, 57482
1648644732, 61, 403, 411, 311, 1, 5.93%, 0, 0, 6, 6.28, 58069
1648644798, 62, 394, 411, 310, 0, 5.93%, 0, 0, 6, 7.94, 58634
1648644881, 63, 294, 411, 309, 0, 5.93%, 0, 0, 6, 5.09, 58927
1648644886, 63, 294, 412, 310, 0, 5.93%, 0, 0, 6, 8.24, 58976
1648644917, 64, 10, 412, 309, 0, 5.93%, 0, 0, 6, 6.52, 59276
1648644985, 64, 84, 412, 308, 0, 5.93%, 0, 0, 6, 4.95, 59533
1648645020, 64, 297, 412, 307, 0, 5.93%, 0, 0, 6, 1.05, 59864
1648645036, 64, 297, 413, 308, 0, 5.93%, 0, 0, 6, 9.92, 59984
1648645051, 64, 297, 414, 309, 0, 5.93%, 0, 0, 6, 8.77, 60120
1648645056, 65, 13, 414, 309, 0, 5.93%, 0, 0, 6, 9.09, 60171
1648645140, 65, 309, 414, 308, 0, 5.93%, 0, 0, 6, 2.30, 60459
1648645165, 65, 309, 415, 309, 0, 5.93%, 0, 0, 6, 3.20, 60541
1648645259, 65, 309, 416, 310, 0, 5.93%, 0, 0, 6, 3.31, 60841
1648645529, 65, 400, 416, 309, 0, 5.93%, 0, 0, 6, 4.53, 61665
1648645555, 65, 400, 417, 310, 0, 5.93%, 0, 0, 7, 9.71, 61905
1648645591, 65, 400, 418, 311, 0, 5.93%, 0, 0, 7, 21.70, 62430
1648645597, 65, 400, 420, 313, 0, 5.93%, 0, 0, 7, 17.10, 62511
1648645617, 65, 410, 421, 313, 0, 5.93%, 0, 0, 7, 17.09, 62862
1648645684, 65, 410, 423, 315, 0, 5.94%, 0, 0, 7, 13.13, 63363
1648645700, 66, 330, 423, 314, 1, 5.94%, 0, 0, 7, 6.90, 63470
1648645819, 67, 15, 423, 313, 0, 5.94%, 0, 0, 7, 2.87, 63775
1648645912, 67, 85, 423, 312, 0, 5.94%, 0, 0, 7, 5.29, 64060
1648645959, 68, 7, 423, 311, 0, 5.94%, 0, 0, 7, 0.00, 64351
1648646046, 68, 18, 423, 311, 0, 5.94%, 0, 0, 7, 3.74, 64621
1648646118, 68, 410, 423, 310, 0, 5.94%, 0, 0, 7, 3.71, 64868
1648646190, 69, 88, 423, 310, 0, 5.94%, 0, 0, 7, 6.60, 65451
1648646299, 70, 22, 423, 309, 0, 5.94%, 0, 0, 7, 2.85, 65760
1648646347, 70, 22, 424, 310, 0, 5.94%, 0, 0, 7, 3.95, 65915
1648646379, 70, 354, 424, 309, 1, 5.94%, 0, 0, 7, 3.88, 66032
1648646491, 70, 354, 425, 310, 1, 5.94%, 0, 0, 7, 3.11, 66419
1648646559, 71, 107, 425, 310, 1, 5.94%, 0, 0, 7, 3.23, 66616
1648646659, 71, 416, 425, 310, 1, 5.94%, 0, 0, 7, 4.50, 66939
1648646705, 72, 153, 426, 310, 0, 5.94%, 0, 0, 8, 17.02, 67513
1648646783, 72, 418, 426, 309, 0, 5.94%, 0, 0, 8, 5.46, 67801
1648646845, 72, 419, 426, 308, 0, 5.94%, 0, 0, 8, 11.69, 68703
1648646906, 72, 419, 427, 309, 0, 5.94%, 0, 0, 8, 17.56, 69673
1648646916, 73, 104, 427, 308, 5, 5.94%, 0, 0, 8, 3.16, 69842
1648646998, 74, 89, 427, 308, 5, 5.94%, 0, 0, 8, 5.29, 70161
1648647087, 74, 426, 427, 308, 5, 5.94%, 0, 0, 8, 6.91, 70493
1648647133, 74, 426, 428, 309, 5, 5.94%, 0, 0, 9, 16.68, 70975
1648647138, 74, 426, 429, 310, 5, 5.94%, 0, 0, 9, 21.42, 71087
1648647154, 74, 426, 430, 311, 5, 5.94%, 0, 0, 9, 17.04, 71388
1648647169, 75, 334, 431, 311, 1, 5.94%, 0, 0, 9, 16.46, 71648
1648647379, 75, 407, 431, 310, 1, 5.94%, 0, 0, 9, 5.04, 72534
1648647476, 75, 427, 431, 309, 0, 5.94%, 0, 0, 9, 10.49, 73412
1648647538, 76, 236, 431, 308, 0, 5.94%, 0, 0, 9, 4.99, 74585
1648647563, 76, 319, 431, 307, 0, 5.94%, 0, 0, 9, 9.40, 74852
1648647717, 77, 186, 432, 307, 0, 5.94%, 0, 0, 9, 0.00, 75284
1648647814, 77, 335, 432, 306, 0, 5.94%, 0, 0, 9, 4.41, 75559
1648648017, 78, 6, 432, 305, 0, 5.94%, 0, 0, 9, 8.87, 76475
1648648038, 78, 92, 432, 304, 0, 5.94%, 0, 0, 9, 3.39, 76697
1648648129, 78, 414, 432, 303, 0, 5.94%, 0, 0, 9, 3.35, 77003
1648648144, 78, 414, 433, 304, 0, 5.94%, 0, 0, 9, 3.38, 77056
1648648269, 79, 202, 433, 303, 0, 5.94%, 0, 0, 9, 4.59, 77445
1648648398, 80, 117, 433, 302, 0, 5.94%, 0, 0, 9, 4.45, 77879
1648648433, 80, 420, 433, 301, 0, 5.94%, 0, 0, 9, 3.91, 78015
1648648543, 80, 420, 434, 302, 0, 5.94%, 0, 0, 9, 2.61, 78258
1648648637, 81, 329, 434, 301, 8, 5.94%, 0, 0, 9, 14.08, 78496
1648648662, 81, 329, 435, 302, 8, 5.94%, 0, 0, 9, 4.16, 78596
1648648770, 81, 329, 436, 303, 8, 5.94%, 0, 0, 9, 4.33, 78836
1648648883, 81, 329, 437, 304, 8, 5.94%, 0, 0, 9, 0.50, 79108
1648648933, 81, 329, 438, 305, 8, 5.94%, 0, 0, 9, 4.29, 79238
1648649010, 81, 366, 438, 304, 7, 5.94%, 0, 0, 9, 4.47, 79389
1648649066, 81, 366, 439, 305, 7, 5.94%, 0, 0, 9, 16.04, 80112
1648649077, 81, 429, 439, 305, 2, 5.94%, 0, 0, 9, 2.06, 80274
1648649113, 81, 429, 440, 306, 2, 5.94%, 0, 0, 10, 10.52, 80619
1648649123, 81, 429, 442, 308, 2, 5.94%, 0, 0, 10, 17.34, 80760
1648649138, 81, 429, 443, 309, 2, 5.94%, 0, 0, 10, 18.40, 81043
1648649164, 82, 310, 443, 308, 1, 5.94%, 0, 0, 10, 16.40, 81486
1648649236, 82, 420, 443, 307, 1, 5.94%, 0, 0, 10, 3.82, 82661
1648649372, 83, 402, 443, 307, 1, 5.94%, 0, 0, 10, 3.24, 82963
1648649509, 84, 131, 443, 306, 0, 5.94%, 0, 0, 10, 3.36, 83402
1648649544, 85, 84, 443, 305, 0, 5.94%, 0, 0, 10, 6.01, 83552
1648649565, 85, 84, 444, 306, 0, 5.94%, 0, 0, 10, 12.13, 83771
1648649576, 85, 408, 445, 307, 0, 5.94%, 0, 0, 10, 0.00, 83859
