# unix_time, cycles_done, cur_path, paths_total, pending_total, pending_favs, map_size, unique_crashes, unique_hangs, max_depth, execs_per_sec, total_execs
1648633626, 0, 0, 3, 3, 2, 5.11%, 0, 0, 2, 3.41, 49
1648633631, 0, 0, 4, 4, 2, 5.12%, 0, 0, 2, 3.20, 65
1648633636, 0, 0, 6, 6, 2, 5.12%, 0, 0, 2, 3.31, 82
1648633641, 0, 0, 8, 8, 2, 5.12%, 0, 0, 2, 3.35, 99
1648633647, 0, 0, 10, 10, 2, 5.12%, 0, 0, 2, 3.38, 116
1648633652, 0, 0, 12, 12, 2, 5.12%, 0, 0, 2, 3.20, 132
1648633657, 0, 0, 13, 13, 2, 5.12%, 0, 0, 2, 3.16, 148
1648633662, 0, 0, 15, 15, 2, 5.14%, 0, 0, 2, 3.16, 164
1648633667, 0, 0, 17, 17, 2, 5.14%, 0, 0, 2, 3.15, 180
1648633677, 0, 0, 18, 18, 2, 5.14%, 0, 0, 2, 3.09, 192
1648633682, 0, 0, 19, 19, 2, 5.17%, 0, 0, 2, 0.34, 203
1648633687, 0, 0, 22, 22, 2, 5.17%, 0, 0, 2, 4.44, 218
1648633693, 0, 0, 24, 24, 2, 5.17%, 0, 0, 2, 4.49, 241
1648633703, 0, 0, 25, 25, 2, 5.17%, 0, 0, 2, 4.50, 288
1648633708, 0, 0, 28, 28, 2, 5.17%, 0, 0, 2, 4.53, 311
1648633713, 0, 0, 30, 30, 2, 5.17%, 0, 0, 2, 4.61, 335
1648633723, 0, 0, 31, 31, 2, 5.17%, 0, 0, 2, 4.57, 381
1648633729, 0, 0, 34, 34, 2, 5.17%, 0, 0, 2, 4.08, 401
1648633734, 0, 0, 35, 35, 2, 5.18%, 0, 0, 2, 3.80, 420
1648633739, 0, 0, 38, 38, 2, 5.18%, 0, 0, 2, 4.51, 445
1648633744, 0, 0, 39, 39, 2, 5.18%, 0, 0, 2, 4.70, 469
1648633754, 0, 0, 40, 40, 2, 5.18%, 0, 0, 2, 4.90, 520
1648633759, 0, 0, 41, 41, 2, 5.18%, 0, 0, 2, 4.89, 545
1648633764, 0, 0, 43, 43, 2, 5.18%, 0, 0, 2, 4.69, 569
1648633770, 0, 0, 45, 45, 2, 5.18%, 0, 0, 2, 3.80, 586
1648633780, 0, 0, 47, 47, 2, 5.18%, 0, 0, 2, 4.29, 628
1648633785, 0, 0, 48, 48, 2, 5.18%, 0, 0, 2, 4.03, 649
1648633790, 0, 0, 51, 51, 2, 5.18%, 0, 0, 2, 4.36, 672
1648633796, 0, 0, 53, 53, 2, 5.19%, 0, 0, 2, 4.44, 695
1648633801, 0, 0, 55, 55, 2, 5.20%, 0, 0, 2, 4.29, 717
1648633806, 0, 0, 57, 57, 2, 5.20%, 0, 0, 2, 4.19, 738
1648633811, 0, 0, 59, 59, 2, 5.20%, 0, 0, 2, 4.14, 760
1648633816, 0, 0, 60, 60, 2, 5.20%, 0, 0, 2, 4.36, 782
1648633821, 0, 0, 63, 63, 2, 5.20%, 0, 0, 2, 4.32, 804
1648633826, 0, 0, 64, 64, 2, 5.20%, 0, 0, 2, 4.00, 823
1648633831, 0, 0, 65, 65, 2, 5.20%, 0, 0, 2, 4.33, 845
1648633837, 0, 0, 66, 66, 2, 5.21%, 0, 0, 2, 3.87, 864
1648633842, 0, 0, 68, 68, 2, 5.21%, 0, 0, 2, 3.75, 883
1648633847, 0, 0, 70, 70, 2, 5.21%, 0, 0, 2, 4.10, 905
1648633852, 0, 0, 71, 71, 2, 5.21%, 0, 0, 2, 3.89, 924
1648633857, 0, 0, 73, 73, 2, 5.21%, 0, 0, 2, 4.19, 945
1648633862, 0, 0, 74, 74, 2, 5.22%, 0, 0, 2, 4.47, 969
1648633872, 0, 0, 75, 75, 2, 5.22%, 0, 0, 2, 3.95, 1011
1648633877, 0, 0, 77, 77, 2, 5.22%, 0, 0, 2, 4.27, 1033
1648633883, 0, 0, 78, 78, 2, 5.22%, 0, 0, 2, 3.80, 1051
1648633888, 0, 77, 81, 80, 0, 5.22%, 0, 0, 3, 5.07, 1076
1648633893, 0, 77, 85, 84, 0, 5.22%, 0, 0, 3, 9.61, 1126
1648633898, 0, 77, 93, 92, 0, 5.25%, 0, 0, 3, 16.81, 1219
1648633903, 0, 77, 96, 95, 0, 5.25%, 0, 0, 3, 17.69, 1305
1648633908, 0, 77, 100, 99, 0, 5.25%, 0, 0, 3, 18.27, 1400
1648633913, 0, 77, 102, 101, 0, 5.25%, 0, 0, 3, 14.60, 1468
1648633919, 0, 77, 112, 111, 0, 5.27%, 0, 0, 3, 20.94, 1577
1648633924, 1, 0, 116, 114, 1, 5.28%, 0, 0, 3, 2.75, 1613
1648633934, 1, 0, 117, 115, 1, 5.28%, 0, 0, 3, 3.99, 1651
1648633939, 1, 0, 119, 117, 1, 5.28%, 0, 0, 3, 3.75, 1670
1648633950, 1, 0, 121, 119, 1, 5.30%, 0, 0, 3, 4.40, 1713
1648633955, 1, 0, 122, 120, 1, 5.30%, 0, 0, 3, 4.19, 1734
1648633960, 1, 0, 123, 121, 1, 5.30%, 0, 0, 3, 4.39, 1757
1648633965, 1, 0, 125, 123, 1, 5.30%, 0, 0, 3, 4.16, 1778
1648633970, 1, 0, 127, 125, 1, 5.30%, 0, 0, 3, 4.30, 1800
1648633975, 1, 0, 128, 126, 1, 5.31%, 0, 0, 3, 4.20, 1821
1648633982, 1, 0, 129, 127, 1, 5.32%, 0, 0, 3, 0.22, 1830
1648633987, 1, 0, 130, 128, 1, 5.32%, 0, 0, 3, 4.24, 1840
1648633999, 1, 0, 132, 130, 1, 5.33%, 0, 0, 3, 3.69, 1862
1648634009, 1, 0, 134, 132, 1, 5.35%, 0, 0, 3, 3.88, 1901
1648634014, 1, 0, 135, 133, 1, 5.35%, 0, 0, 3, 4.04, 1922
1648634020, 1, 0, 136, 134, 1, 5.36%, 0, 0, 3, 4.00, 1943
1648634025, 1, 0, 137, 135, 1, 5.37%, 0, 0, 3, 3.72, 1961
1648634067, 1, 0, 139, 137, 1, 5.39%, 0, 0, 3, 3.38, 2052
1648634072, 1, 0, 140, 138, 1, 5.39%, 0, 0, 3, 3.58, 2071
1648634077, 1, 0, 142, 140, 1, 5.39%, 0, 0, 3, 3.71, 2090
1648634082, 1, 0, 143, 141, 1, 5.39%, 0, 0, 3, 3.74, 2109
1648634087, 1, 0, 145, 143, 1, 5.41%, 0, 0, 3, 3.70, 2128
1648634093, 1, 0, 146, 144, 1, 5.41%, 0, 0, 3, 3.67, 2147
1648634098, 1, 0, 148, 146, 1, 5.41%, 0, 0, 3, 3.70, 2166
1648634103, 1, 0, 150, 148, 1, 5.42%, 0, 0, 3, 3.73, 2185
1648634118, 1, 0, 151, 149, 1, 5.42%, 0, 0, 3, 3.55, 2241
1648634146, 1, 0, 153, 151, 1, 5.42%, 0, 0, 3, 3.60, 2293
1648634156, 1, 0, 154, 152, 1, 5.42%, 0, 0, 3, 3.55, 2323
1648634172, 1, 0, 155, 153, 1, 5.42%, 0, 0, 3, 3.67, 2370
1648634205, 1, 0, 158, 156, 1, 5.42%, 0, 0, 3, 0.00, 2437
1648634221, 1, 0, 159, 157, 1, 5.42%, 0, 0, 3, 0.27, 2461
1648634231, 1, 0, 160, 158, 1, 5.43%, 0, 0, 3, 3.51, 2497
1648634236, 1, 0, 161, 159, 1, 5.43%, 0, 0, 3, 3.36, 2514
1648634257, 1, 0, 162, 160, 1, 5.43%, 0, 0, 3, 3.32, 2580
1648634267, 1, 0, 164, 162, 1, 5.43%, 0, 0, 3, 3.40, 2615
1648634273, 1, 0, 166, 164, 1, 5.43%, 0, 0, 3, 3.44, 2633
1648634288, 1, 0, 167, 165, 1, 5.43%, 0, 0, 3, 3.43, 2686
1648634294, 1, 0, 168, 166, 1, 5.43%, 0, 0, 3, 3.45, 2704
1648634329, 1, 0, 169, 167, 1, 5.43%, 0, 0, 3, 3.51, 2870
1648634375, 1, 0, 170, 168, 1, 5.43%, 0, 0, 3, 3.45, 3006
1648634381, 1, 0, 171, 169, 1, 5.43%, 0, 0, 3, 3.51, 3024
1648634401, 1, 87, 171, 169, 1, 5.43%, 0, 0, 3, 2.92, 3085
1648634411, 1, 87, 173, 171, 1, 5.44%, 0, 0, 4, 13.77, 3200
1648634416, 1, 87, 180, 178, 1, 5.48%, 0, 0, 4, 21.51, 3306
1648634421, 1, 87, 181, 179, 1, 5.48%, 0, 0, 4, 20.38, 3402
1648634427, 2, 72, 182, 179, 0, 5.48%, 0, 0, 4, 0.00, 3480
1648634485, 3, 2, 182, 178, 0, 5.48%, 0, 0, 4, 4.53, 3746
1648634490, 3, 2, 183, 179, 0, 5.49%, 0, 0, 4, 3.63, 3762
1648634501, 3, 2, 185, 181, 0, 5.50%, 0, 0, 4, 3.69, 3800
1648634506, 3, 2, 186, 182, 0, 5.50%, 0, 0, 4, 4.00, 3820
1648634536, 3, 2, 187, 183, 0, 5.50%, 0, 0, 4, 4.19, 3942
1648634542, 3, 2, 188, 184, 0, 5.50%, 0, 0, 4, 4.36, 3964
1648634557, 3, 2, 189, 185, 0, 5.50%, 0, 0, 4, 4.20, 4025
1648634562, 3, 2, 190, 186, 0, 5.50%, 0, 0, 4, 4.24, 4047
1648634567, 3, 2, 191, 187, 0, 5.51%, 0, 0, 4, 4.53, 4072
1648634573, 3, 98, 191, 186, 1, 5.51%, 0, 0, 4, 7.79, 4113
1648634578, 3, 98, 192, 187, 1, 5.51%, 0, 0, 4, 10.01, 4166
1648634583, 3, 98, 194, 189, 1, 5.51%, 0, 0, 4, 12.63, 4230
1648634593, 3, 98, 196, 191, 1, 5.51%, 0, 0, 4, 11.12, 4340
1648634598, 4, 0, 196, 190, 8, 5.51%, 0, 0, 4, 11.84, 4404
1648634609, 4, 0, 197, 191, 8, 5.51%, 0, 0, 4, 3.15, 4435
1648634619, 4, 0, 198, 192, 8, 5.51%, 0, 0, 4, 3.95, 4474
1648634629, 4, 0, 199, 193, 8, 5.51%, 0, 0, 4, 4.26, 4517
1648634634, 4, 0, 201, 195, 8, 5.51%, 0, 0, 4, 4.14, 4538
1648634640, 4, 0, 202, 196, 8, 5.51%, 0, 0, 4, 4.04, 4558
1648634645, 4, 0, 203, 197, 8, 5.51%, 0, 0, 4, 4.16, 4579
1648634655, 4, 0, 204, 198, 8, 5.51%, 0, 0, 4, 3.92, 4618
1648634670, 4, 0, 205, 199, 8, 5.52%, 0, 0, 4, 0.34, 4637
1648634680, 4, 0, 206, 200, 8, 5.52%, 0, 0, 4, 4.40, 4652
1648634688, 4, 0, 207, 201, 8, 5.52%, 0, 0, 4, 0.27, 4659
1648634729, 4, 1, 208, 202, 3, 5.52%, 0, 0, 4, 4.07, 4752
1648634744, 4, 1, 209, 203, 3, 5.52%, 0, 0, 4, 3.19, 4796
1648634749, 4, 1, 210, 204, 3, 5.52%, 0, 0, 4, 3.30, 4812
1648634755, 4, 1, 211, 205, 3, 5.52%, 0, 0, 4, 3.14, 4827
1648634760, 4, 1, 213, 207, 3, 5.52%, 0, 0, 4, 3.08, 4843
1648634775, 4, 1, 214, 208, 3, 5.53%, 0, 0, 4, 2.76, 4886
1648634791, 4, 1, 215, 209, 3, 5.53%, 0, 0, 4, 3.21, 4931
1648634806, 4, 1, 216, 210, 3, 5.53%, 0, 0, 4, 3.50, 4980
1648634812, 4, 1, 217, 211, 3, 5.53%, 0, 0, 4, 3.53, 4998
1648634817, 4, 1, 218, 212, 3, 5.53%, 0, 0, 4, 3.69, 5017
1648634822, 4, 1, 220, 214, 3, 5.53%, 0, 0, 4, 3.76, 5036
1648634827, 4, 1, 221, 215, 3, 5.53%, 0, 0, 4, 3.65, 5055
1648634843, 4, 1, 222, 216, 3, 5.53%, 0, 0, 4, 2.89, 5101
1648634848, 4, 1, 222, 215, 4, 5.53%, 0, 0, 4, 2.78, 5114
1648634864, 4, 1, 223, 216, 4, 5.54%, 0, 0, 4, 3.23, 5158
1648634880, 4, 1, 224, 217, 4, 5.54%, 0, 0, 4, 3.23, 5209
1648634900, 4, 1, 225, 218, 4, 5.54%, 0, 0, 4, 3.20, 5275
1648634906, 4, 1, 226, 219, 4, 5.54%, 0, 0, 4, 3.31, 5292
1648634932, 4, 1, 227, 220, 4, 5.54%, 0, 0, 4, 3.22, 5373
1648634937, 4, 1, 228, 221, 4, 5.54%, 0, 0, 4, 3.21, 5390
1648634942, 4, 1, 229, 222, 4, 5.54%, 0, 0, 4, 3.28, 5407
1648634958, 4, 1, 230, 223, 4, 5.54%, 0, 0, 4, 3.49, 5458
1648634968, 4, 11, 231, 224, 0, 5.54%, 0, 0, 4, 0.00, 5492
1648634984, 4, 11, 232, 225, 0, 5.54%, 0, 0, 4, 3.12, 5524
1648635040, 4, 11, 233, 226, 0, 5.54%, 0, 0, 4, 2.91, 5687
1648635051, 4, 11, 234, 227, 0, 5.59%, 0, 0, 4, 2.90, 5713
1648635077, 4, 35, 235, 227, 0, 5.59%, 0, 0, 4, 0.00, 5766
1648635145, 4, 107, 235, 226, 0, 5.59%, 0, 0, 4, 5.24, 6032
1648635171, 4, 143, 236, 226, 0, 5.59%, 0, 0, 4, 0.00, 6343
1648635252, 5, 7, 236, 225, 0, 5.59%, 0, 0, 4, 3.57, 6635
1648635263, 5, 7, 237, 226, 0, 5.59%, 0, 0, 4, 4.01, 6673
1648635278, 5, 7, 238, 227, 0, 5.59%, 0, 0, 4, 4.41, 6738
1648635283, 5, 7, 239, 228, 0, 5.59%, 0, 0, 4, 4.07, 6758
1648635294, 5, 7, 240, 229, 0, 5.59%, 0, 0, 4, 4.03, 6798
1648635314, 5, 7, 241, 230, 0, 5.60%, 0, 0, 4, 3.99, 6878
1648635330, 5, 105, 241, 229, 2, 5.60%, 0, 0, 4, 5.76, 6948
1648635335, 5, 105, 242, 230, 2, 5.60%, 0, 0, 4, 10.45, 7006
1648635356, 6, 1, 242, 229, 1, 5.60%, 0, 0, 4, 1.43, 7232
1648635377, 6, 1, 243, 230, 1, 5.60%, 0, 0, 4, 3.55, 7299
1648635382, 6, 1, 244, 231, 1, 5.60%, 0, 0, 4, 3.40, 7316
1648635393, 6, 1, 246, 233, 1, 5.60%, 0, 0, 4, 3.49, 7351
1648635403, 6, 1, 247, 234, 1, 5.60%, 0, 0, 4, 3.78, 7388
1648635413, 6, 1, 248, 235, 1, 5.60%, 0, 0, 4, 3.45, 7422
1648635418, 6, 1, 249, 236, 1, 5.60%, 0, 0, 4, 3.65, 7441
1648635423, 6, 1, 250, 237, 1, 5.60%, 0, 0, 4, 3.97, 7451
1648635454, 6, 1, 251, 238, 1, 5.60%, 0, 0, 4, 3.77, 7501
1648635468, 6, 1, 252, 239, 1, 5.60%, 0, 0, 4, 3.91, 7532
1648635473, 6, 1, 253, 240, 1, 5.60%, 0, 0, 4, 3.84, 7551
1648635483, 6, 146, 253, 240, 4, 5.60%, 0, 0, 4, 2.97, 7578
1648635493, 6, 146, 254, 241, 4, 5.60%, 0, 0, 4, 2.97, 7607
1648635514, 6, 146, 255, 242, 4, 5.60%, 0, 0, 4, 3.47, 7676
1648635605, 7, 29, 255, 241, 6, 5.60%, 0, 0, 4, 3.58, 7871
1648635616, 7, 29, 256, 242, 6, 5.60%, 0, 0, 4, 22.09, 7954
1648635626, 7, 29, 258, 244, 6, 5.60%, 0, 0, 4, 30.44, 8060
1648635631, 7, 29, 259, 245, 6, 5.60%, 0, 0, 4, 28.76, 8104
1648635636, 7, 29, 262, 248, 6, 5.60%, 0, 0, 4, 31.89, 8218
1648635641, 8, 12, 262, 247, 0, 5.60%, 0, 0, 4, 3.13, 8233
1648635723, 8, 155, 263, 247, 0, 5.60%, 0, 0, 4, 0.00, 8478
1648635807, 8, 161, 263, 246, 0, 5.60%, 0, 0, 4, 6.55, 8801
1648635812, 8, 161, 265, 248, 0, 5.61%, 0, 0, 4, 11.68, 8868
1648635822, 8, 161, 266, 249, 0, 5.62%, 0, 0, 4, 15.25, 9020
1648635827, 9, 42, 266, 248, 0, 5.62%, 0, 0, 4, 5.09, 9080
1648635879, 10, 8, 266, 247, 0, 5.62%, 0, 0, 4, 4.34, 9338
1648635904, 10, 8, 267, 248, 0, 5.62%, 0, 0, 4, 4.05, 9434
1648635935, 10, 8, 268, 249, 0, 5.62%, 0, 0, 4, 3.86, 9554
1648635940, 10, 174, 268, 248, 1, 5.62%, 0, 0, 4, 4.30, 9570
1648635971, 10, 174, 269, 249, 1, 5.62%, 0, 0, 5, 3.02, 9656
1648636100, 10, 174, 270, 250, 1, 5.62%, 0, 0, 5, 3.15, 10013
1648636178, 10, 174, 271, 251, 1, 5.62%, 0, 0, 5, 2.90, 10234
1648636193, 10, 174, 272, 252, 1, 5.62%, 0, 0, 5, 2.99, 10277
1648636260, 11, 1, 272, 251, 9, 5.62%, 0, 0, 5, 2.76, 10472
1648636296, 11, 1, 273, 252, 9, 5.63%, 0, 0, 5, 3.75, 10594
1648636307, 11, 1, 274, 253, 9, 5.63%, 0, 0, 5, 4.02, 10633
1648636348, 11, 150, 274, 253, 5, 5.63%, 0, 0, 5, 4.79, 10749
1648636358, 11, 150, 275, 254, 5, 5.64%, 0, 0, 5, 14.89, 10886
1648636363, 11, 150, 276, 255, 5, 5.64%, 0, 0, 5, 13.52, 10953
1648636368, 11, 150, 277, 256, 5, 5.64%, 0, 0, 5, 13.19, 11019
1648636373, 11, 159, 277, 255, 9, 5.64%, 0, 0, 5, 2.16, 11049
1648636389, 11, 159, 278, 256, 9, 5.64%, 0, 0, 5, 2.96, 11093
1648636436, 11, 159, 279, 257, 9, 5.64%, 0, 0, 5, 3.12, 11228
1648636446, 11, 159, 280, 258, 9, 5.64%, 0, 0, 5, 3.12, 11260
1648636456, 11, 159, 281, 259, 9, 5.64%, 0, 0, 5, 3.13, 11292
1648636477, 12, 77, 281, 258, 0, 5.64%, 0, 0, 5, 3.14, 11352
1648636558, 12, 278, 282, 259, 0, 5.64%, 0, 0, 5, 0.00, 11601
1648636656, 13, 179, 283, 259, 1, 5.64%, 0, 0, 5, 0.00, 11913
1648636773, 13, 179, 284, 260, 1, 5.67%, 0, 0, 5, 3.28, 12275
1648636942, 13, 189, 284, 259, 0, 5.67%, 0, 0, 5, 5.14, 12808
1648636999, 13, 274, 284, 258, 0, 5.67%, 0, 0, 5, 8.91, 13118
1648637060, 14, 51, 284, 257, 4294967295, 5.67%, 0, 0, 5, 11.12, 13964
1648637086, 14, 51, 285, 258, 4294967295, 5.67%, 0, 0, 5, 3.80, 14061
1648637117, 14, 51, 286, 259, 4294967295, 5.67%, 0, 0, 5, 4.14, 14185
1648637127, 14, 195, 286, 258, 3, 5.67%, 0, 0, 5, 5.25, 14233
1648637158, 14, 195, 287, 259, 3, 5.67%, 0, 0, 5, 10.28, 14485
1648637168, 14, 195, 289, 261, 3, 5.67%, 0, 0, 5, 11.90, 14604
1648637178, 15, 120, 290, 261, 10, 5.67%, 0, 0, 5, 10.70, 14702
1648637183, 15, 120, 291, 262, 10, 5.67%, 0, 0, 5, 9.31, 14741
1648637209, 15, 120, 292, 263, 10, 5.67%, 0, 0, 5, 4.22, 14835
1648637214, 15, 120, 293, 264, 10, 5.67%, 0, 0, 5, 4.26, 14856
1648637261, 15, 153, 293, 263, 4, 5.67%, 0, 0, 5, 3.49, 15011
1648637276, 15, 153, 294, 264, 4, 5.67%, 0, 0, 5, 3.14, 15056
1648637317, 15, 153, 295, 265, 4, 5.67%, 0, 0, 5, 3.32, 15183
1648637361, 15, 164, 295, 264, 9, 5.67%, 0, 0, 5, 3.00, 15303
1648637398, 15, 164, 296, 265, 9, 5.68%, 0, 0, 5, 2.93, 15417
1648637454, 16, 79, 296, 264, 0, 5.68%, 0, 0, 5, 2.38, 15594
1648637568, 16, 192, 296, 263, 0, 5.68%, 0, 0, 5, 3.25, 15853
1648637843, 17, 40, 296, 262, 0, 5.68%, 0, 0, 5, 4.91, 16732
1648637899, 17, 274, 297, 262, 0, 5.68%, 0, 0, 5, 23.08, 17055
1648637930, 17, 274, 298, 263, 0, 5.68%, 0, 0, 5, 19.82, 17523
1648637951, 18, 125, 298, 263, 10, 5.68%, 0, 0, 5, 18.16, 17877
1648637976, 18, 221, 298, 262, 9, 5.68%, 0, 0, 5, 7.85, 18180
1648638096, 18, 221, 299, 263, 9, 5.68%, 0, 0, 5, 2.50, 18452
1648638101, 19, 127, 299, 262, 9, 5.68%, 0, 0, 5, 2.66, 18465
1648638112, 19, 127, 300, 263, 9, 5.68%, 0, 0, 5, 10.05, 18561
1648638132, 19, 263, 300, 262, 1, 5.68%, 0, 0, 5, 10.94, 18777
1648638148, 19, 263, 301, 263, 1, 5.68%, 0, 0, 5, 12.81, 18951
1648638174, 20, 221, 301, 262, 4, 5.68%, 0, 0, 5, 2.64, 19349
1648638189, 20, 221, 302, 263, 4, 5.69%, 0, 0, 5, 3.47, 19397
1648638221, 20, 221, 302, 263, 2, 5.69%, 0, 0, 5, 3.65, 19498
1648638273, 20, 221, 303, 264, 2, 5.69%, 0, 0, 5, 3.39, 19654
1648638304, 20, 269, 303, 264, 2, 5.69%, 0, 0, 5, 3.31, 19742
1648638345, 20, 293, 303, 263, 1, 5.69%, 0, 0, 5, 15.63, 20247
1648638355, 20, 293, 307, 267, 1, 5.69%, 0, 0, 5, 17.52, 20414
1648638360, 20, 293, 308, 268, 1, 5.69%, 0, 0, 5, 16.39, 20488
1648638365, 21, 132, 310, 269, 9, 5.69%, 0, 0, 5, 13.47, 20551
1648638380, 21, 132, 311, 270, 9, 5.69%, 0, 0, 5, 10.56, 20684
1648638396, 21, 132, 312, 271, 9, 5.69%, 0, 0, 5, 8.63, 20826
1648638401, 21, 284, 312, 270, 2, 5.69%, 0, 0, 5, 3.61, 20850
1648638490, 22, 237, 313, 270, 4, 5.69%, 0, 0, 5, 3.56, 21167
1648638583, 22, 269, 313, 269, 3, 5.69%, 0, 0, 5, 3.81, 21515
1648638736, 23, 240, 313, 269, 3, 5.69%, 0, 0, 5, 0.21, 21947
1648638830, 24, 133, 313, 268, 2, 5.69%, 0, 0, 5, 5.45, 22296
1648638846, 24, 133, 315, 270, 2, 5.69%, 0, 0, 5, 10.21, 22453
1648638862, 24, 243, 315, 269, 2, 5.69%, 0, 0, 5, 7.20, 22596
1648638887, 24, 243, 316, 270, 2, 5.69%, 0, 0, 5, 4.21, 22688
1648638913, 24, 243, 317, 271, 2, 5.69%, 0, 0, 5, 3.80, 22783
1648638923, 25, 135, 317, 270, 7, 5.69%, 0, 0, 5, 7.40, 22845
1648638933, 25, 135, 318, 271, 7, 5.69%, 0, 0, 5, 11.06, 22959
1648638944, 25, 135, 319, 272, 7, 5.69%, 0, 0, 5, 12.85, 23082
1648638949, 25, 242, 319, 271, 7, 5.69%, 0, 0, 5, 9.02, 23122
1648638990, 25, 298, 319, 270, 6, 5.69%, 0, 0, 5, 8.34, 23449
1648639010, 25, 298, 320, 271, 6, 5.69%, 0, 0, 5, 12.38, 23642
1648639021, 26, 232, 320, 270, 0, 5.69%, 0, 0, 5, 0.00, 23754
1648639108, 26, 245, 320, 270, 0, 5.69%, 0, 0, 5, 4.77, 24032
1648639144, 26, 304, 320, 269, 0, 5.69%, 0, 0, 5, 12.73, 24375
1648639185, 26, 304, 321, 270, 0, 5.69%, 0, 0, 5, 12.98, 24920
1648639226, 27, 10, 322, 270, 0, 5.69%, 0, 0, 5, 0.00, 25515
1648639314, 27, 267, 322, 269, 0, 5.69%, 0, 0, 5, 3.13, 25786
1648639376, 27, 274, 322, 268, 0, 5.69%, 0, 0, 5, 4.12, 25990
1648639407, 28, 269, 322, 268, 0, 5.69%, 0, 0, 5, 3.20, 26426
1648639479, 29, 58, 322, 268, 0, 5.69%, 0, 0, 5, 6.37, 26714
1648639495, 29, 58, 323, 269, 0, 5.69%, 0, 0, 5, 17.83, 26935
1648639500, 29, 270, 323, 268, 3, 5.69%, 0, 0, 5, 11.39, 26977
1648639546, 29, 305, 323, 267, 2, 5.69%, 0, 0, 5, 3.59, 27413
1648639592, 29, 305, 326, 270, 2, 5.69%, 0, 0, 5, 13.98, 27883
1648639613, 29, 305, 327, 271, 2, 5.69%, 0, 0, 5, 18.76, 28228
1648639638, 30, 296, 328, 271, 1, 5.69%, 0, 0, 5, 31.94, 28761
1648639695, 31, 286, 328, 270, 2, 5.69%, 0, 0, 5, 11.33, 29822
1648639746, 31, 286, 329, 271, 2, 5.91%, 0, 0, 6, 11.09, 30290
1648639752, 31, 286, 330, 272, 2, 5.91%, 0, 0, 6, 10.45, 30344
1648639772, 31, 286, 331, 273, 2, 5.91%, 0, 0, 6, 10.95, 30558
1648639787, 31, 306, 331, 272, 6, 5.91%, 0, 0, 6, 11.04, 30724
1648639849, 31, 306, 333, 274, 6, 5.91%, 0, 0, 6, 18.93, 31584
1648639870, 31, 318, 333, 273, 5, 5.91%, 0, 0, 6, 13.26, 31911
1648639896, 32, 287, 333, 272, 4, 5.91%, 0, 0, 6, 13.52, 32243
1648639988, 33, 165, 333, 271, 3, 5.91%, 0, 0, 6, 9.93, 33130
1648639993, 33, 165, 334, 272, 3, 5.91%, 0, 0, 6, 17.29, 33228
1648640008, 33, 298, 334, 271, 2, 5.91%, 0, 0, 6, 11.45, 33424
1648640024, 34, 248, 334, 271, 2, 5.91%, 0, 0, 6, 11.81, 33609
1648640039, 34, 248, 337, 274, 2, 5.91%, 0, 0, 6, 14.04, 33771
1648640059, 35, 126, 337, 273, 0, 5.91%, 0, 0, 6, 4.31, 33966
1648640126, 35, 182, 337, 272, 0, 5.91%, 0, 0, 6, 6.37, 34261
1648640146, 35, 284, 337, 271, 0, 5.91%, 0, 0, 6, 3.22, 34533
1648640182, 35, 284, 338, 272, 0, 5.91%, 0, 0, 6, 3.96, 34666
1648640228, 36, 202, 338, 272, 0, 5.91%, 0, 0, 6, 4.36, 34849
1648640254, 37, 19, 338, 271, 0, 5.91%, 0, 0, 6, 12.68, 35187
1648640310, 37, 160, 338, 271, 0, 5.91%, 0, 0, 6, 6.66, 35469
1648640326, 37, 249, 338, 270, 0, 5.91%, 0, 0, 6, 17.83, 35724
1648640341, 37, 249, 339, 271, 0, 5.91%, 0, 0, 6, 12.00, 35893
1648640351, 37, 251, 339, 271, 0, 5.91%, 0, 0, 6, 9.85, 35992
1648640356, 37, 251, 340, 272, 0, 5.91%, 0, 0, 6, 10.21, 36045
1648640372, 37, 251, 341, 273, 0, 5.92%, 0, 0, 6, 13.67, 36240
1648640377, 37, 251, 342, 274, 0, 5.92%, 0, 0, 6, 12.96, 36306
1648640382, 37, 319, 342, 273, 5, 5.92%, 0, 0, 6, 12.04, 36363
1648640423, 37, 319, 343, 274, 5, 5.92%, 0, 0, 6, 13.23, 36826
1648640439, 37, 319, 344, 275, 5, 5.92%, 0, 0, 6, 12.35, 37040
1648640480, 38, 117, 344, 274, 0, 5.92%, 0, 0, 6, 0.00, 37517
1648640562, 38, 317, 344, 273, 0, 5.92%, 0, 0, 6, 3.45, 37802
1648640614, 39, 224, 344, 272, 0, 5.92%, 0, 0, 6, 3.83, 37991
1648640681, 39, 224, 345, 273, 0, 5.92%, 0, 0, 6, 3.21, 38190
1648640722, 39, 328, 345, 272, 1, 5.92%, 0, 0, 6, 16.64, 38362
1648640742, 39, 328, 346, 273, 1, 5.92%, 0, 0, 7, 17.61, 38705
1648640794, 39, 328, 347, 274, 1, 5.92%, 0, 0, 7, 11.89, 39305
1648640814, 39, 345, 347, 273, 1, 5.92%, 0, 0, 7, 9.77, 39502
1648640819, 39, 345, 348, 274, 1, 5.92%, 0, 0, 8, 3.08, 39597
1648641221, 40, 293, 349, 274, 0, 5.92%, 0, 0, 8, 0.00, 40677
1648641296, 40, 293, 350, 275, 0, 5.92%, 0, 0, 8, 3.19, 40909
1648641327, 40, 324, 350, 275, 4, 5.92%, 0, 0, 8, 13.91, 41035
1648641343, 40, 324, 351, 276, 4, 5.92%, 0, 0, 8, 11.38, 41202
1648641384, 40, 342, 351, 275, 4, 5.92%, 0, 0, 8, 3.08, 41775
1648641545, 40, 347, 351, 274, 3, 5.92%, 0, 0, 8, 2.78, 42351
1648641556, 40, 347, 352, 275, 3, 5.93%, 0, 0, 9, 2.93, 42382
1648641967, 41, 301, 352, 274, 2, 5.93%, 0, 0, 9, 3.25, 43498
1648642093, 42, 272, 352, 273, 1, 5.93%, 0, 0, 9, 2.54, 43797
1648642124, 43, 225, 352, 272, 0, 5.93%, 0, 0, 9, 11.33, 44139
1648642196, 43, 225, 353, 273, 0, 5.93%, 0, 0, 9, 3.25, 44408
1648642211, 43, 225, 354, 274, 0, 5.93%, 0, 0, 9, 3.30, 44454
1648642216, 43, 327, 354, 273, 4, 5.93%, 0, 0, 9, 4.05, 44474
1648642237, 43, 327, 355, 274, 4, 5.93%, 0, 0, 9, 9.68, 44679
1648642319, 44, 243, 356, 274, 5, 5.93%, 0, 0, 9, 19.42, 45661
1648642407, 44, 255, 356, 274, 5, 5.93%, 0, 0, 9, 23.73, 45964
1648642464, 44, 292, 356, 273, 4, 5.93%, 0, 0, 9, 11.82, 46813
1648642510, 44, 328, 356, 272, 3, 5.93%, 0, 0, 9, 32.02, 47264
1648642567, 44, 353, 356, 272, 3, 5.93%, 0, 0, 9, 3.50, 48331
1648642623, 45, 351, 356, 271, 2, 5.93%, 0, 0, 9, 4.10, 48537
1648642785, 46, 295, 356, 270, 1, 5.93%, 0, 0, 9, 5.37, 48993
1648642811, 47, 79, 356, 269, 0, 5.93%, 0, 0, 9, 10.25, 49266
1648642816, 47, 331, 356, 269, 0, 5.93%, 0, 0, 9, 8.32, 49300
1648642883, 47, 331, 358, 271, 0, 5.96%, 0, 0, 9, 19.60, 50116
1648642903, 48, 261, 358, 270, 4, 5.96%, 0, 0, 9, 17.44, 50488
1648642970, 48, 298, 358, 269, 3, 5.96%, 0, 0, 9, 2.27, 51363
1648643098, 49, 297, 358, 269, 3, 5.96%, 0, 0, 9, 17.79, 51676
1648643175, 49, 312, 358, 268, 3, 5.96%, 0, 0, 9, 3.61, 52847
1648643295, 49, 315, 358, 267, 2, 5.96%, 0, 0, 9, 4.54, 53280
1648643372, 49, 342, 358, 266, 1, 5.96%, 0, 0, 9, 7.88, 53648
1648643428, 49, 342, 359, 267, 1, 5.96%, 0, 0, 9, 14.54, 54290
1648643449, 50, 1, 359, 267, 4, 5.96%, 0, 0, 9, 7.08, 54508
1648643505, 50, 295, 359, 267, 4, 5.96%, 0, 0, 9, 4.16, 54709
1648643516, 50, 295, 360, 268, 4, 5.96%, 0, 0, 9, 2.88, 54734
1648643614, 50, 299, 360, 268, 6, 5.96%, 0, 0, 9, 6.65, 55027
1648643634, 50, 299, 361, 269, 6, 5.96%, 0, 0, 9, 10.75, 55249
1648643665, 51, 240, 361, 268, 5, 5.96%, 0, 0, 9, 8.06, 55600
1648643680, 51, 240, 362, 269, 5, 5.96%, 0, 0, 9, 4.09, 55657
1648643742, 51, 285, 362, 269, 5, 5.96%, 0, 0, 9, 3.93, 55899
1648643829, 51, 292, 362, 268, 4, 5.96%, 0, 0, 9, 3.77, 56246
1648643865, 51, 292, 363, 269, 4, 5.96%, 0, 0, 9, 4.16, 56389
1648643881, 51, 318, 363, 269, 4, 5.96%, 0, 0, 9, 4.01, 56453
1648643887, 51, 318, 364, 270, 4, 5.98%, 0, 0, 9, 0.81, 56483
1648643960, 51, 318, 365, 271, 4, 5.98%, 0, 0, 9, 2.93, 56694
1648644011, 52, 301, 365, 271, 4, 5.98%, 0, 0, 9, 2.71, 56848
1648644117, 52, 302, 365, 271, 4, 5.98%, 0, 0, 9, 3.38, 57160
1648644123, 52, 302, 366, 272, 4, 5.98%, 0, 0, 9, 4.01, 57182
1648644138, 52, 302, 367, 273, 4, 5.98%, 0, 0, 9, 3.17, 57235
1648644243, 53, 46, 367, 272, 0, 5.98%, 0, 0, 9, 4.88, 57528
1648644274, 53, 46, 367, 272, 0, 5.98%, 0, 1, 9, 0.30, 57636
1648644311, 53, 307, 367, 271, 0, 5.98%, 0, 1, 9, 4.67, 57778
1648644337, 53, 307, 368, 272, 0, 5.98%, 0, 1, 9, 3.27, 57863
1648644560, 53, 315, 368, 271, 5, 5.98%, 0, 1, 9, 3.79, 58671
1648644643, 53, 350, 368, 271, 5, 5.98%, 0, 1, 9, 21.01, 59001
1648644704, 54, 327, 368, 270, 4, 5.98%, 0, 1, 9, 31.03, 60325
1648644755, 54, 357, 368, 270, 4, 5.98%, 0, 1, 9, 15.73, 61346
1648644791, 54, 357, 369, 271, 4, 5.98%, 0, 1, 9, 11.48, 61761
1648644807, 55, 80, 369, 270, 0, 5.98%, 0, 1, 9, 3.98, 61982
1648644822, 55, 80, 370, 271, 0, 5.98%, 0, 1, 9, 10.34, 62143
1648644832, 55, 320, 370, 270, 0, 5.98%, 0, 1, 9, 2.36, 62242
1648644941, 55, 320, 371, 271, 0, 5.98%, 0, 1, 9, 2.58, 62517
1648644972, 55, 320, 372, 272, 0, 5.98%, 0, 1, 9, 2.83, 62600
1648644982, 55, 320, 373, 273, 0, 5.98%, 0, 1, 9, 2.89, 62629
1648645173, 56, 85, 373, 271, 0, 5.98%, 0, 1, 9, 4.52, 63159
1648645281, 56, 320, 373, 270, 0, 5.98%, 0, 1, 9, 2.91, 63480
1648645453, 57, 137, 373, 270, 0, 5.98%, 0, 1, 9, 4.07, 64049
1648645540, 58, 88, 373, 270, 0, 5.98%, 0, 1, 9, 3.86, 64307
1648645660, 58, 95, 373, 269, 0, 5.98%, 0, 1, 9, 5.81, 64633
1648645670, 58, 95, 374, 270, 0, 5.98%, 0, 1, 9, 12.30, 64754
1648645686, 58, 349, 374, 269, 0, 5.98%, 0, 1, 9, 0.00, 64934
1648645827, 59, 334, 374, 268, 0, 5.98%, 0, 1, 9, 5.17, 65386
1648645862, 60, 141, 374, 267, 0, 5.98%, 0, 1, 9, 10.15, 65809
1648645951, 60, 344, 374, 266, 0, 5.98%, 0, 1, 9, 3.91, 66099
1648645971, 61, 10, 374, 265, 0, 5.98%, 0, 1, 9, 8.03, 66295
1648645992, 61, 10, 375, 266, 0, 5.98%, 0, 1, 9, 4.03, 66374
1648645997, 61, 10, 376, 267, 0, 5.98%, 0, 1, 9, 4.25, 66396
1648646038, 61, 288, 376, 267, 1, 5.98%, 0, 1, 9, 3.77, 66558
1648646173, 61, 288, 377, 268, 1, 5.98%, 0, 1, 9, 9.86, 67521
1648646204, 62, 153, 377, 267, 1, 5.98%, 0, 1, 9, 5.49, 67750
1648646209, 62, 153, 378, 268, 1, 5.98%, 0, 1, 9, 3.96, 67764
1648646287, 62, 153, 379, 269, 1, 5.98%, 0, 1, 9, 3.22, 68004
1648646292, 62, 352, 379, 269, 5, 5.98%, 0, 1, 9, 3.26, 68020
1648646390, 63, 342, 379, 268, 4, 5.98%, 0, 1, 9, 6.24, 68343
1648646447, 63, 342, 380, 269, 4, 5.98%, 0, 1, 9, 12.15, 68944
1648646473, 64, 336, 380, 269, 4, 5.98%, 0, 1, 9, 10.48, 69230
1648646529, 65, 75, 380, 268, 3, 5.98%, 0, 1, 9, 7.71, 69799
1648646620, 65, 76, 380, 267, 3, 5.98%, 0, 1, 9, 0.35, 70059
1648646660, 65, 76, 381, 268, 3, 5.98%, 0, 1, 9, 3.65, 70143
1648646717, 65, 353, 381, 267, 3, 5.98%, 0, 1, 9, 5.36, 70331
1648646723, 65, 353, 382, 268, 3, 5.98%, 0, 1, 9, 11.30, 70399
1648646738, 65, 353, 383, 269, 3, 5.98%, 0, 1, 9, 13.01, 70582
1648646748, 66, 340, 383, 269, 3, 5.98%, 0, 1, 9, 9.74, 70683
1648646805, 66, 358, 383, 268, 2, 5.98%, 0, 1, 9, 6.69, 71270
1648646846, 66, 358, 384, 269, 2, 5.98%, 0, 1, 9, 11.67, 71672
1648646867, 66, 358, 386, 271, 2, 5.98%, 0, 1, 9, 10.71, 71911
1648646877, 66, 358, 387, 272, 2, 5.99%, 0, 1, 9, 12.33, 72040
1648646902, 66, 358, 388, 273, 2, 5.99%, 0, 1, 9, 11.50, 72333
1648646913, 67, 159, 388, 272, 0, 5.99%, 0, 1, 9, 3.41, 72455
1648646990, 67, 187, 388, 272, 0, 5.99%, 0, 1, 9, 4.05, 72723
1648647093, 67, 355, 388, 271, 0, 5.99%, 0, 1, 9, 3.38, 73005
1648647110, 67, 355, 389, 272, 0, 5.99%, 0, 1, 9, 2.03, 73034
1648647241, 67, 368, 389, 271, 5, 5.99%, 0, 1, 9, 18.18, 73331
1648647282, 67, 368, 390, 272, 5, 5.99%, 0, 1, 9, 15.38, 73781
1648647292, 67, 368, 391, 273, 5, 5.99%, 0, 1, 9, 19.74, 73994
1648647322, 68, 319, 391, 272, 4, 5.99%, 0, 1, 9, 3.66, 74515
1648647647, 68, 372, 391, 272, 4, 5.99%, 0, 1, 9, 9.69, 75727
1648647678, 69, 328, 391, 271, 3, 5.99%, 0, 1, 9, 23.89, 76205
1648647740, 69, 341, 391, 271, 3, 5.99%, 0, 1, 9, 12.16, 77324
1648647750, 69, 341, 392, 272, 3, 5.99%, 0, 1, 9, 9.88, 77417
1648647760, 69, 341, 393, 273, 3, 5.99%, 0, 1, 9, 10.27, 77522
1648647765, 69, 341, 396, 276, 3, 6.00%, 0, 1, 9, 10.48, 77577
1648647776, 69, 341, 397, 277, 3, 6.00%, 0, 1, 9, 10.49, 77683
1648647786, 69, 373, 397, 276, 1, 6.00%, 0, 1, 9, 9.81, 77788
1648647883, 70, 79, 397, 275, 0, 6.00%, 0, 1, 9, 3.64, 78962
1648647889, 70, 190, 397, 275, 0, 6.00%, 0, 1, 9, 4.76, 78991
1648647976, 70, 377, 397, 274, 0, 6.00%, 0, 1, 9, 8.57, 79310
1648647986, 71, 365, 397, 273, 0, 6.00%, 0, 1, 9, 14.01, 79452
1648648038, 72, 83, 397, 272, 0, 6.00%, 0, 1, 9, 6.92, 79684
1648648048, 72, 83, 398, 273, 0, 6.01%, 0, 1, 9, 10.80, 79790
1648648053, 72, 83, 399, 274, 0, 6.08%, 0, 1, 9, 10.31, 79840
1648648069, 72, 361, 399, 273, 1, 6.08%, 0, 1, 9, 4.43, 79974
1648648202, 72, 384, 399, 272, 0, 6.08%, 0, 1, 9, 6.83, 80568
1648648243, 72, 384, 401, 274, 0, 6.08%, 0, 1, 9, 17.35, 81014
1648648269, 72, 384, 402, 275, 0, 6.08%, 0, 1, 9, 12.49, 81315
1648648284, 73, 363, 402, 274, 6, 6.08%, 0, 1, 9, 11.71, 81483
1648648335, 73, 363, 403, 275, 6, 6.08%, 0, 1, 9, 13.99, 82114
1648648361, 73, 363, 404, 276, 6, 6.08%, 0, 1, 9, 15.14, 82475
1648648371, 74, 301, 404, 275, 5, 6.08%, 0, 1, 9, 2.66, 82630
1648648480, 74, 315, 404, 275, 5, 6.08%, 0, 1, 9, 3.91, 82953
1648648526, 74, 315, 405, 276, 5, 6.10%, 0, 1, 9, 4.28, 83131
1648648572, 74, 372, 405, 276, 7, 6.10%, 0, 1, 9, 9.37, 83343
1648648598, 74, 372, 406, 277, 7, 6.10%, 0, 1, 9, 16.51, 83695
1648648603, 75, 96, 406, 277, 2, 6.10%, 0, 1, 9, 11.52, 83751
1648648708, 75, 316, 406, 276, 2, 6.10%, 0, 1, 9, 3.43, 84063
1648648772, 75, 316, 407, 277, 2, 6.10%, 0, 1, 9, 4.18, 84293
1648648793, 75, 316, 408, 278, 2, 6.10%, 0, 1, 9, 3.94, 84373
1648648803, 75, 385, 408, 277, 1, 6.10%, 0, 1, 9, 4.49, 84415
1648648833, 75, 385, 410, 279, 1, 6.10%, 0, 1, 9, 16.92, 84766
1648648854, 76, 99, 410, 278, 0, 6.10%, 0, 1, 9, 17.11, 85022
1648648879, 76, 100, 410, 277, 0, 6.10%, 0, 1, 9, 1.23, 85298
1648648988, 76, 101, 410, 276, 0, 6.10%, 0, 1, 9, 17.61, 85595
1648649009, 76, 378, 410, 275, 0, 6.10%, 0, 1, 9, 14.66, 85874
1648649015, 76, 378, 411, 276, 0, 6.10%, 0, 1, 9, 10.37, 85919
1648649025, 76, 378, 413, 278, 0, 6.10%, 0, 1, 9, 8.81, 85991
1648649030, 76, 378, 414, 279, 0, 6.10%, 0, 1, 9, 9.99, 86044
1648649041, 76, 378, 415, 280, 0, 6.10%, 0, 1, 9, 10.96, 86150
1648649051, 76, 378, 416, 281, 0, 6.10%, 0, 1, 9, 8.69, 86236
1648649056, 76, 397, 416, 280, 2, 6.10%, 0, 1, 9, 8.75, 86278
1648649169, 77, 366, 416, 279, 1, 6.10%, 0, 1, 9, 2.00, 87413
1648649195, 78, 348, 417, 279, 0, 6.10%, 0, 1, 9, 3.96, 87520
1648649215, 78, 348, 418, 280, 0, 6.10%, 0, 1, 9, 3.48, 87590
1648649294, 78, 348, 419, 281, 0, 6.10%, 0, 1, 9, 3.33, 87840
1648649341, 78, 382, 419, 280, 0, 6.10%, 0, 1, 9, 18.07, 88054
1648649387, 78, 392, 419, 279, 0, 6.10%, 0, 1, 9, 16.17, 88897
1648649438, 79, 370, 419, 278, 0, 6.10%, 0, 1, 9, 3.06, 89735
1648649511, 79, 390, 419, 277, 0, 6.10%, 0, 1, 9, 29.31, 90006
1648649572, 79, 390, 419, 276, 0, 6.10%, 0, 1, 9, 3.20, 91144
