# unix_time, cycles_done, cur_path, paths_total, pending_total, pending_favs, map_size, unique_crashes, unique_hangs, max_depth, execs_per_sec, total_execs
1648633607, 0, 0, 3, 3, 2, 5.06%, 0, 0, 2, 3.43, 49
1648633622, 0, 0, 5, 5, 2, 5.11%, 0, 0, 2, 3.36, 103
1648633627, 0, 0, 7, 7, 2, 5.12%, 0, 0, 2, 3.40, 121
1648633632, 0, 0, 8, 8, 2, 5.14%, 0, 0, 2, 3.27, 137
1648633637, 0, 0, 10, 10, 2, 5.16%, 0, 0, 2, 3.65, 156
1648633652, 0, 0, 11, 11, 2, 5.16%, 0, 0, 2, 0.22, 202
1648633657, 0, 0, 13, 13, 2, 5.17%, 0, 0, 2, 3.67, 211
1648633662, 0, 0, 15, 15, 2, 5.17%, 0, 0, 2, 3.66, 230
1648633667, 0, 0, 17, 17, 2, 5.17%, 0, 0, 2, 3.52, 248
1648633673, 0, 0, 18, 18, 2, 5.18%, 0, 0, 2, 4.25, 271
1648633683, 0, 0, 21, 21, 2, 5.18%, 0, 0, 2, 4.58, 318
1648633688, 0, 0, 23, 23, 2, 5.18%, 0, 0, 2, 4.19, 338
1648633693, 0, 0, 25, 25, 2, 5.18%, 0, 0, 2, 4.14, 359
1648633698, 0, 0, 26, 26, 2, 5.18%, 0, 0, 2, 3.85, 378
1648633708, 0, 0, 28, 28, 2, 5.18%, 0, 0, 2, 3.62, 415
1648633720, 0, 0, 29, 29, 2, 5.21%, 0, 0, 2, 3.66, 427
1648633725, 0, 0, 30, 30, 2, 5.22%, 0, 0, 2, 4.15, 448
1648633736, 0, 0, 33, 33, 2, 5.22%, 0, 0, 2, 4.66, 495
1648633741, 0, 0, 34, 34, 2, 5.22%, 0, 0, 2, 4.17, 516
1648633746, 0, 0, 35, 35, 2, 5.22%, 0, 0, 2, 3.50, 532
1648633751, 0, 0, 37, 37, 2, 5.22%, 0, 0, 2, 3.91, 553
1648633756, 0, 0, 38, 38, 2, 5.22%, 0, 0, 2, 3.61, 571
1648633761, 0, 0, 40, 40, 2, 5.22%, 0, 0, 2, 3.66, 591
1648633766, 0, 0, 41, 41, 2, 5.22%, 0, 0, 2, 3.96, 613
1648633772, 0, 0, 43, 43, 2, 5.22%, 0, 0, 2, 3.92, 633
1648633777, 0, 0, 44, 44, 2, 5.22%, 0, 0, 2, 4.32, 656
1648633787, 0, 0, 46, 46, 2, 5.22%, 0, 0, 2, 4.66, 707
1648633792, 0, 0, 48, 48, 2, 5.22%, 0, 0, 2, 4.35, 730
1648633797, 0, 0, 49, 49, 2, 5.22%, 0, 0, 2, 4.45, 753
1648633803, 0, 0, 51, 51, 2, 5.22%, 0, 0, 2, 4.09, 774
1648633808, 0, 0, 53, 53, 2, 5.22%, 0, 0, 2, 4.00, 794
1648633818, 0, 0, 54, 54, 2, 5.22%, 0, 0, 2, 4.40, 840
1648633823, 0, 0, 56, 56, 2, 5.22%, 0, 0, 2, 4.57, 864
1648633829, 0, 0, 59, 59, 2, 5.24%, 0, 0, 2, 4.66, 888
1648633834, 0, 0, 60, 60, 2, 5.24%, 0, 0, 2, 4.50, 910
1648633844, 0, 0, 61, 61, 2, 5.24%, 0, 0, 2, 4.42, 955
1648633849, 0, 0, 63, 63, 2, 5.24%, 0, 0, 2, 4.53, 979
1648633854, 0, 0, 64, 64, 2, 5.24%, 0, 0, 2, 4.48, 1002
1648633859, 0, 0, 65, 65, 2, 5.24%, 0, 0, 2, 4.30, 1023
1648633864, 0, 0, 67, 67, 2, 5.24%, 0, 0, 2, 4.49, 1046
1648633869, 0, 39, 69, 68, 0, 5.24%, 0, 0, 3, 5.62, 1075
1648633874, 0, 39, 70, 69, 0, 5.24%, 0, 0, 3, 11.38, 1141
1648633880, 0, 39, 76, 75, 0, 5.24%, 0, 0, 3, 19.02, 1242
1648633885, 0, 39, 80, 79, 0, 5.25%, 0, 0, 3, 17.47, 1340
1648633890, 0, 39, 84, 83, 0, 5.25%, 0, 0, 3, 17.50, 1427
1648633895, 1, 0, 87, 85, 1, 5.25%, 0, 0, 3, 2.04, 1476
1648633900, 1, 0, 88, 86, 1, 5.27%, 0, 0, 3, 3.20, 1493
1648633905, 1, 0, 89, 87, 1, 5.27%, 0, 0, 3, 3.77, 1513
1648633911, 1, 0, 92, 90, 1, 5.28%, 0, 0, 3, 4.18, 1535
1648633916, 1, 0, 93, 91, 1, 5.28%, 0, 0, 3, 3.71, 1554
1648633921, 1, 0, 95, 93, 1, 5.29%, 0, 0, 3, 4.40, 1577
1648633926, 1, 0, 97, 95, 1, 5.31%, 0, 0, 3, 4.60, 1601
1648633931, 1, 0, 99, 97, 1, 5.31%, 0, 0, 3, 4.44, 1623
1648633936, 1, 0, 101, 99, 1, 5.31%, 0, 0, 3, 4.50, 1646
1648633942, 1, 0, 103, 101, 1, 5.31%, 0, 0, 3, 4.43, 1669
1648633947, 1, 0, 104, 102, 1, 5.31%, 0, 0, 3, 4.41, 1691
1648633953, 1, 0, 105, 103, 1, 5.31%, 0, 0, 3, 0.18, 1695
1648633963, 1, 0, 106, 104, 1, 5.31%, 0, 0, 3, 0.22, 1699
1648633968, 1, 0, 107, 105, 1, 5.32%, 0, 0, 3, 4.10, 1712
1648633974, 1, 0, 108, 106, 1, 5.32%, 0, 0, 3, 4.08, 1732
1648633979, 1, 0, 109, 107, 1, 5.32%, 0, 0, 3, 3.15, 1743
1648633989, 1, 0, 111, 109, 1, 5.32%, 0, 0, 3, 3.96, 1783
1648633994, 1, 0, 113, 111, 1, 5.32%, 0, 0, 3, 3.98, 1803
1648634004, 1, 0, 114, 112, 1, 5.34%, 0, 0, 3, 3.32, 1838
1648634015, 1, 0, 115, 113, 1, 5.35%, 0, 0, 3, 3.45, 1870
1648634020, 1, 0, 116, 114, 1, 5.35%, 0, 0, 3, 3.69, 1890
1648634033, 1, 0, 117, 115, 1, 5.36%, 0, 0, 3, 4.29, 1923
1648634038, 1, 0, 118, 116, 1, 5.36%, 0, 0, 3, 0.35, 1934
1648634059, 1, 0, 119, 117, 1, 5.36%, 0, 0, 3, 0.27, 1976
1648634076, 1, 0, 120, 118, 1, 5.36%, 0, 0, 3, 4.17, 1995
1648634081, 1, 0, 121, 119, 1, 5.36%, 0, 0, 3, 3.35, 2009
1648634086, 1, 0, 124, 122, 1, 5.36%, 0, 0, 3, 2.87, 2024
1648634096, 1, 0, 125, 123, 1, 5.38%, 0, 0, 3, 3.10, 2054
1648634101, 1, 0, 127, 125, 1, 5.38%, 0, 0, 3, 3.40, 2072
1648634106, 1, 0, 129, 127, 1, 5.38%, 0, 0, 3, 3.51, 2090
1648634111, 1, 0, 131, 129, 1, 5.38%, 0, 0, 3, 3.50, 2108
1648634117, 1, 0, 133, 131, 1, 5.38%, 0, 0, 3, 3.73, 2128
1648634127, 1, 0, 134, 132, 1, 5.38%, 0, 0, 3, 3.55, 2164
1648634132, 1, 0, 136, 134, 1, 5.38%, 0, 0, 3, 3.51, 2182
1648634137, 1, 0, 137, 135, 1, 5.38%, 0, 0, 3, 3.67, 2201
1648634142, 1, 0, 139, 137, 1, 5.38%, 0, 0, 3, 3.80, 2221
1648634154, 1, 0, 140, 138, 1, 5.38%, 0, 0, 3, 0.34, 2238
1648634169, 1, 0, 141, 139, 1, 5.38%, 0, 0, 3, 3.56, 2270
1648634175, 1, 0, 142, 140, 1, 5.39%, 0, 0, 3, 3.39, 2286
1648634182, 1, 0, 143, 141, 1, 5.39%, 0, 0, 3, 0.26, 2299
1648634187, 1, 0, 145, 143, 1, 5.39%, 0, 0, 3, 3.58, 2308
1648634203, 1, 0, 146, 144, 1, 5.39%, 0, 0, 3, 3.39, 2350
1648634218, 1, 0, 147, 145, 1, 5.40%, 0, 0, 3, 3.61, 2388
1648634223, 1, 0, 148, 146, 1, 5.40%, 0, 0, 3, 3.59, 2396
1648634230, 1, 0, 149, 147, 1, 5.40%, 0, 0, 3, 0.34, 2405
1648634237, 1, 0, 151, 149, 1, 5.40%, 0, 0, 3, 0.35, 2420
1648634243, 1, 0, 153, 151, 1, 5.40%, 0, 0, 3, 3.26, 2438
1648634248, 1, 0, 154, 152, 1, 5.40%, 0, 0, 3, 3.34, 2455
1648634272, 1, 0, 155, 153, 1, 5.40%, 0, 0, 3, 3.37, 2488
1648634277, 1, 64, 156, 154, 0, 5.40%, 0, 0, 3, 0.00, 2498
1648634354, 2, 32, 156, 153, 0, 5.40%, 0, 0, 3, 4.69, 2760
1648634365, 2, 32, 158, 155, 0, 5.42%, 0, 0, 3, 4.42, 2806
1648634370, 2, 32, 159, 156, 0, 5.43%, 0, 0, 3, 4.23, 2827
1648634375, 2, 32, 160, 157, 0, 5.44%, 0, 0, 3, 3.99, 2846
1648634380, 2, 32, 161, 158, 0, 5.44%, 0, 0, 3, 4.29, 2867
1648634385, 2, 32, 162, 159, 0, 5.44%, 0, 0, 3, 4.55, 2890
1648634395, 2, 32, 163, 160, 0, 5.45%, 0, 0, 3, 4.08, 2931
1648634400, 2, 32, 164, 161, 0, 5.45%, 0, 0, 3, 4.37, 2953
1648634411, 2, 32, 165, 162, 0, 5.45%, 0, 0, 3, 4.19, 2996
1648634417, 2, 32, 167, 164, 0, 5.45%, 0, 0, 3, 0.35, 3012
1648634422, 2, 32, 168, 165, 0, 5.45%, 0, 0, 3, 0.26, 3020
1648634454, 2, 32, 170, 167, 0, 5.45%, 0, 0, 3, 3.68, 3088
1648634459, 2, 32, 171, 168, 0, 5.45%, 0, 0, 3, 4.30, 3111
1648634475, 3, 79, 172, 168, 0, 5.45%, 0, 0, 4, 0.00, 3136
1648634591, 4, 21, 173, 168, 0, 5.45%, 0, 0, 4, 0.00, 3448
1648634648, 5, 2, 173, 167, 0, 5.45%, 0, 0, 4, 4.16, 3719
1648634653, 5, 2, 174, 168, 0, 5.45%, 0, 0, 4, 3.79, 3737
1648634658, 5, 2, 175, 169, 0, 5.46%, 0, 0, 4, 3.73, 3756
1648634663, 5, 2, 176, 170, 0, 5.46%, 0, 0, 4, 3.99, 3776
1648634689, 5, 2, 177, 171, 0, 5.46%, 0, 0, 4, 4.14, 3876
1648634694, 5, 2, 179, 173, 0, 5.47%, 0, 0, 4, 4.12, 3897
1648634704, 5, 2, 180, 174, 0, 5.47%, 0, 0, 4, 4.03, 3936
1648634709, 5, 2, 181, 175, 0, 5.47%, 0, 0, 4, 3.94, 3956
1648634725, 5, 2, 182, 176, 0, 5.47%, 0, 0, 4, 4.35, 4020
1648634735, 5, 11, 182, 175, 0, 5.47%, 0, 0, 4, 9.23, 4083
1648634740, 5, 11, 183, 176, 0, 5.48%, 0, 0, 4, 11.63, 4143
1648634745, 5, 11, 186, 179, 0, 5.49%, 0, 0, 4, 13.23, 4208
1648634750, 5, 11, 187, 180, 0, 5.49%, 0, 0, 4, 12.31, 4271
1648634761, 6, 0, 188, 181, 8, 5.49%, 0, 0, 4, 2.33, 4359
1648634766, 6, 0, 189, 182, 8, 5.49%, 0, 0, 4, 3.23, 4377
1648634782, 6, 0, 190, 183, 8, 5.49%, 0, 0, 4, 3.80, 4435
1648634787, 6, 0, 191, 184, 8, 5.49%, 0, 0, 4, 3.86, 4454
1648634792, 6, 0, 192, 185, 8, 5.49%, 0, 0, 4, 3.99, 4474
1648634807, 6, 0, 193, 186, 8, 5.49%, 0, 0, 4, 3.94, 4533
1648634813, 6, 0, 195, 188, 8, 5.49%, 0, 0, 4, 3.71, 4552
1648634818, 6, 0, 196, 189, 8, 5.49%, 0, 0, 4, 3.36, 4568
1648634828, 6, 0, 197, 190, 8, 5.49%, 0, 0, 4, 3.41, 4574
1648634839, 6, 0, 199, 192, 8, 5.50%, 0, 0, 4, 2.95, 4591
1648634849, 6, 0, 200, 193, 8, 5.53%, 0, 0, 4, 3.94, 4631
1648634870, 6, 0, 201, 194, 8, 5.53%, 0, 0, 4, 4.04, 4710
1648634875, 6, 1, 201, 194, 5, 5.53%, 0, 0, 4, 3.71, 4727
1648634880, 6, 1, 203, 196, 5, 5.53%, 0, 0, 4, 14.35, 4778
1648634885, 6, 1, 204, 197, 5, 5.54%, 0, 0, 4, 2.34, 4790
1648634895, 6, 1, 205, 198, 5, 5.54%, 0, 0, 4, 3.18, 4820
1648634900, 6, 1, 206, 199, 5, 5.54%, 0, 0, 4, 3.06, 4835
1648634921, 6, 1, 207, 200, 5, 5.54%, 0, 0, 4, 3.47, 4896
1648634926, 6, 1, 208, 201, 5, 5.54%, 0, 0, 4, 3.41, 4913
1648634931, 6, 1, 209, 202, 5, 5.54%, 0, 0, 4, 3.31, 4929
1648634936, 6, 1, 211, 204, 5, 5.54%, 0, 0, 4, 3.40, 4947
1648634947, 6, 1, 213, 206, 5, 5.54%, 0, 0, 4, 3.30, 4980
1648634958, 6, 1, 214, 207, 5, 5.54%, 0, 0, 4, 3.19, 5013
1648634983, 6, 139, 214, 206, 0, 5.54%, 0, 0, 4, 9.13, 5121
1648634988, 6, 139, 216, 208, 0, 5.54%, 0, 0, 4, 11.86, 5187
1648634994, 6, 139, 218, 210, 0, 5.54%, 0, 0, 4, 14.92, 5254
1648635004, 7, 88, 218, 210, 4, 5.54%, 0, 0, 4, 11.00, 5372
1648635086, 7, 88, 219, 211, 4, 5.54%, 0, 0, 4, 3.54, 5628
1648635097, 8, 211, 220, 211, 3, 5.54%, 0, 0, 4, 0.00, 5660
1648635114, 8, 211, 221, 212, 3, 5.54%, 0, 0, 4, 3.36, 5705
1648635198, 9, 31, 221, 211, 0, 5.54%, 0, 0, 4, 5.13, 5983
1648635249, 10, 8, 221, 210, 0, 5.54%, 0, 0, 4, 4.94, 6244
1648635259, 10, 8, 222, 211, 0, 5.54%, 0, 0, 4, 4.02, 6281
1648635280, 10, 8, 223, 212, 0, 5.54%, 0, 0, 4, 3.91, 6360
1648635290, 10, 8, 224, 213, 0, 5.54%, 0, 0, 4, 4.17, 6399
1648635305, 10, 8, 225, 214, 0, 5.54%, 0, 0, 4, 4.03, 6457
1648635310, 10, 8, 226, 215, 0, 5.54%, 0, 0, 4, 3.81, 6476
1648635315, 10, 8, 227, 216, 0, 5.54%, 0, 0, 4, 3.83, 6496
1648635326, 10, 8, 228, 217, 0, 5.54%, 0, 0, 4, 3.86, 6535
1648635336, 10, 182, 228, 216, 3, 5.54%, 0, 0, 4, 5.79, 6584
1648635356, 10, 182, 229, 217, 3, 5.54%, 0, 0, 4, 9.44, 6769
1648635361, 10, 182, 230, 218, 3, 5.55%, 0, 0, 4, 10.16, 6824
1648635371, 10, 182, 231, 219, 3, 5.55%, 0, 0, 4, 12.14, 6941
1648635387, 10, 182, 233, 221, 3, 5.55%, 0, 0, 4, 11.05, 7111
1648635392, 10, 182, 234, 222, 3, 5.55%, 0, 0, 4, 11.10, 7167
1648635397, 11, 1, 234, 221, 5, 5.55%, 0, 0, 4, 1.49, 7195
1648635413, 11, 1, 235, 222, 5, 5.55%, 0, 0, 4, 3.50, 7243
1648635418, 11, 1, 236, 223, 5, 5.55%, 0, 0, 4, 3.63, 7262
1648635438, 11, 1, 237, 224, 5, 5.57%, 0, 0, 4, 4.03, 7335
1648635454, 11, 1, 238, 225, 5, 5.58%, 0, 0, 4, 3.43, 7387
1648635459, 11, 1, 239, 226, 5, 5.58%, 0, 0, 4, 3.38, 7404
1648635485, 11, 119, 240, 227, 8, 5.58%, 0, 0, 4, 19.41, 7503
1648635490, 11, 119, 241, 228, 8, 5.58%, 0, 0, 4, 17.69, 7583
1648635505, 11, 208, 241, 227, 2, 5.58%, 0, 0, 4, 12.65, 7796
1648635511, 11, 208, 242, 228, 2, 5.58%, 0, 0, 4, 9.55, 7836
1648635526, 11, 208, 243, 229, 2, 5.58%, 0, 0, 4, 5.22, 7914
1648635531, 11, 208, 244, 230, 2, 5.58%, 0, 0, 4, 8.44, 7958
1648635536, 11, 208, 245, 231, 2, 5.58%, 0, 0, 4, 8.16, 7998
1648635542, 11, 208, 246, 232, 2, 5.59%, 0, 0, 4, 7.99, 8036
1648635552, 11, 208, 248, 234, 2, 5.59%, 0, 0, 4, 6.54, 8109
1648635562, 12, 158, 251, 236, 4, 5.59%, 0, 0, 4, 9.87, 8206
1648635633, 13, 217, 251, 235, 0, 5.59%, 0, 0, 4, 7.27, 8535
1648635674, 13, 217, 253, 237, 0, 5.59%, 0, 0, 4, 12.81, 8941
1648635680, 13, 217, 254, 238, 0, 5.60%, 0, 0, 4, 13.08, 9004
1648635685, 13, 217, 255, 239, 0, 5.60%, 0, 0, 4, 14.62, 9082
1648635690, 13, 217, 256, 240, 0, 5.60%, 0, 0, 4, 14.18, 9154
1648635710, 14, 74, 258, 241, 0, 5.60%, 0, 0, 4, 0.00, 9418
1648635809, 15, 10, 258, 240, 0, 5.60%, 0, 0, 4, 3.28, 9734
1648635824, 15, 10, 259, 241, 0, 5.61%, 0, 0, 4, 3.55, 9787
1648635829, 15, 10, 260, 242, 0, 5.61%, 0, 0, 4, 3.94, 9807
1648635876, 15, 10, 261, 243, 0, 5.62%, 0, 0, 4, 4.04, 9991
1648635881, 15, 10, 262, 244, 0, 5.62%, 0, 0, 4, 4.12, 10012
1648635886, 15, 184, 263, 245, 3, 5.62%, 0, 0, 4, 41.67, 10039
1648635891, 15, 184, 264, 246, 3, 5.62%, 0, 0, 4, 3.18, 10147
1648635901, 15, 184, 265, 247, 3, 5.63%, 0, 0, 4, 2.97, 10178
1648636059, 15, 184, 266, 248, 3, 5.63%, 0, 0, 4, 2.91, 10619
1648636090, 15, 184, 267, 249, 3, 5.63%, 0, 0, 4, 2.58, 10704
1648636194, 16, 1, 267, 248, 6, 5.63%, 0, 0, 4, 2.48, 10976
1648636230, 16, 1, 268, 249, 6, 5.63%, 0, 0, 4, 3.27, 11098
1648636271, 16, 124, 268, 249, 6, 5.63%, 0, 0, 4, 6.69, 11266
1648636276, 16, 124, 269, 250, 6, 5.64%, 0, 0, 4, 11.76, 11331
1648636292, 16, 216, 269, 249, 4, 5.64%, 0, 0, 4, 12.16, 11519
1648636327, 17, 161, 270, 249, 3, 5.64%, 0, 0, 4, 16.03, 11925
1648636348, 19, 109, 271, 249, 0, 5.64%, 0, 0, 4, 4.34, 12176
1648636358, 19, 109, 272, 250, 0, 5.64%, 0, 0, 4, 12.74, 12295
1648636363, 19, 109, 273, 251, 0, 5.64%, 0, 0, 4, 12.44, 12363
1648636373, 19, 164, 274, 251, 0, 5.64%, 0, 0, 4, 0.00, 12458
1648636440, 19, 260, 274, 250, 0, 5.64%, 0, 0, 4, 5.88, 12767
1648636455, 19, 260, 276, 252, 0, 5.64%, 0, 0, 4, 11.97, 12918
1648636466, 19, 260, 277, 253, 0, 5.64%, 0, 0, 4, 14.86, 13062
1648636471, 20, 17, 278, 253, 11, 5.64%, 0, 0, 4, 12.58, 13123
1648636497, 20, 17, 279, 254, 11, 5.64%, 0, 0, 4, 3.88, 13226
1648636538, 20, 229, 279, 253, 4, 5.64%, 0, 0, 4, 4.05, 13395
1648636585, 21, 115, 280, 253, 3, 5.64%, 0, 0, 4, 8.11, 13766
1648636616, 21, 115, 281, 254, 3, 5.64%, 0, 0, 4, 7.72, 14020
1648636621, 21, 140, 281, 253, 4, 5.64%, 0, 0, 4, 8.71, 14064
1648636632, 21, 140, 282, 254, 4, 5.64%, 0, 0, 4, 15.07, 14236
1648636642, 21, 245, 282, 253, 3, 5.64%, 0, 0, 4, 18.40, 14403
1648636652, 21, 245, 283, 254, 3, 5.64%, 0, 0, 4, 20.08, 14611
1648636657, 21, 245, 284, 255, 3, 5.64%, 0, 0, 4, 17.95, 14705
1648636673, 21, 245, 285, 256, 3, 5.64%, 0, 0, 4, 11.50, 14881
1648636683, 21, 245, 286, 257, 3, 5.64%, 0, 0, 4, 10.27, 14981
1648636693, 21, 245, 287, 258, 3, 5.64%, 0, 0, 4, 13.68, 15123
1648636709, 22, 204, 287, 257, 1, 5.64%, 0, 0, 4, 7.28, 15258
1648636787, 22, 204, 288, 258, 1, 5.64%, 0, 0, 4, 3.09, 15484
1648636818, 23, 134, 289, 258, 0, 5.64%, 0, 0, 4, 2.79, 15572
1648636823, 23, 134, 290, 259, 0, 5.64%, 0, 0, 4, 7.23, 15616
1648636833, 23, 134, 291, 260, 0, 5.64%, 0, 0, 4, 12.78, 15765
1648636843, 24, 74, 291, 259, 0, 5.64%, 0, 0, 4, 3.27, 15872
1648636917, 24, 74, 292, 260, 0, 5.65%, 0, 0, 4, 3.24, 16108
1648636954, 24, 268, 292, 260, 0, 5.65%, 0, 0, 4, 7.10, 16247
1648637000, 24, 268, 293, 261, 0, 5.65%, 0, 0, 4, 15.88, 16818
1648637010, 24, 268, 294, 262, 0, 5.65%, 0, 0, 4, 22.01, 16994
1648637021, 25, 231, 294, 261, 3, 5.65%, 0, 0, 4, 5.39, 17129
1648637103, 25, 231, 296, 263, 3, 5.74%, 0, 0, 5, 12.79, 18032
1648637123, 26, 203, 297, 263, 2, 5.74%, 0, 0, 5, 1.86, 18309
1648637211, 26, 203, 298, 264, 2, 5.74%, 0, 0, 5, 3.26, 18588
1648637216, 26, 274, 298, 263, 3, 5.74%, 0, 0, 5, 3.27, 18604
1648637257, 27, 269, 299, 263, 2, 5.74%, 0, 0, 5, 0.00, 18957
1648637513, 28, 177, 299, 262, 5, 5.74%, 0, 0, 5, 10.31, 20184
1648637518, 28, 177, 300, 263, 5, 5.74%, 0, 0, 5, 18.01, 20274
1648637533, 29, 26, 300, 262, 7, 5.74%, 0, 0, 5, 2.51, 20486
1648637538, 29, 26, 301, 263, 7, 5.74%, 0, 0, 5, 3.00, 20502
1648637611, 29, 28, 301, 262, 8, 5.74%, 0, 0, 5, 3.70, 20745
1648637717, 29, 188, 301, 261, 7, 5.74%, 0, 0, 5, 6.26, 21030
1648637737, 29, 188, 302, 262, 7, 5.76%, 0, 1, 5, 0.88, 21222
1648637743, 29, 188, 303, 263, 7, 5.76%, 0, 1, 5, 10.83, 21277
1648637753, 29, 199, 303, 262, 6, 5.76%, 0, 1, 5, 1.26, 21370
1648637863, 29, 199, 304, 263, 6, 5.76%, 0, 1, 5, 3.53, 21688
1648637874, 29, 216, 304, 262, 6, 5.76%, 0, 1, 5, 4.17, 21721
1648637894, 29, 216, 305, 263, 6, 5.76%, 0, 1, 5, 7.12, 21883
1648637910, 29, 275, 306, 264, 2, 5.76%, 0, 1, 5, 8.39, 22025
1648637936, 29, 275, 307, 265, 2, 5.76%, 0, 1, 5, 10.84, 22283
1648637972, 29, 275, 308, 266, 2, 5.76%, 0, 1, 5, 16.98, 22770
1648637987, 30, 263, 308, 265, 3, 5.76%, 0, 1, 5, 41.10, 23016
1648638161, 30, 263, 309, 266, 3, 5.84%, 0, 1, 5, 3.01, 23569
1648638244, 30, 263, 310, 267, 3, 5.84%, 0, 1, 5, 3.05, 23797
1648638384, 31, 161, 310, 266, 6, 5.84%, 0, 1, 5, 3.49, 24182
1648638459, 31, 175, 310, 266, 6, 5.84%, 0, 1, 5, 4.05, 24465
1648638511, 31, 175, 311, 267, 6, 5.84%, 0, 1, 5, 3.96, 24650
1648638557, 31, 191, 312, 267, 6, 5.84%, 0, 1, 5, 3.91, 24827
1648638614, 32, 188, 312, 266, 6, 5.84%, 0, 1, 5, 3.98, 25032
1648638639, 32, 188, 313, 267, 6, 5.84%, 0, 1, 5, 11.78, 25323
1648638644, 32, 282, 313, 267, 2, 5.84%, 0, 1, 5, 1.33, 25413
1648638763, 32, 282, 314, 268, 2, 5.84%, 0, 1, 5, 3.25, 26059
1648638779, 32, 282, 315, 269, 2, 5.84%, 0, 1, 5, 3.22, 26108
1648638784, 32, 282, 316, 270, 2, 5.84%, 0, 1, 5, 3.19, 26124
1648638820, 32, 282, 317, 271, 2, 5.84%, 0, 1, 5, 3.66, 26243
1648638887, 32, 282, 318, 272, 2, 5.84%, 0, 1, 5, 3.38, 26454
1648638913, 32, 282, 319, 273, 2, 5.84%, 0, 1, 5, 1.74, 26532
1648638944, 33, 268, 319, 272, 2, 5.84%, 0, 1, 5, 4.25, 26623
1648638986, 33, 268, 320, 273, 2, 5.84%, 0, 1, 5, 10.63, 27014
1648639027, 33, 295, 320, 273, 2, 5.84%, 0, 1, 5, 10.65, 27514
1648639057, 33, 295, 321, 274, 2, 5.84%, 0, 1, 6, 10.31, 27805
1648639088, 33, 295, 322, 275, 2, 5.86%, 0, 1, 6, 16.90, 28361
1648639093, 34, 266, 322, 274, 1, 5.86%, 0, 1, 6, 4.14, 28407
1648639144, 34, 283, 322, 273, 0, 5.86%, 0, 1, 6, 40.23, 28853
1648639247, 34, 283, 323, 274, 0, 5.86%, 0, 1, 6, 3.02, 29286
1648639347, 34, 283, 324, 275, 0, 5.87%, 0, 1, 6, 0.59, 29578
1648639352, 34, 283, 325, 276, 0, 5.87%, 0, 1, 6, 3.35, 29595
1648639477, 35, 236, 326, 276, 6, 5.87%, 0, 1, 6, 3.08, 29979
1648639508, 35, 284, 327, 276, 5, 5.87%, 0, 1, 6, 13.02, 30318
1648639605, 35, 284, 328, 277, 5, 5.87%, 0, 1, 6, 12.79, 31439
1648639610, 36, 267, 328, 276, 0, 5.87%, 0, 1, 6, 11.31, 31494
1648639615, 36, 267, 329, 277, 0, 5.87%, 0, 1, 6, 2.17, 31509
1648639684, 36, 267, 330, 278, 0, 5.87%, 0, 1, 6, 2.48, 31670
1648639721, 36, 267, 331, 279, 0, 5.87%, 0, 1, 6, 2.64, 31763
1648639746, 36, 289, 331, 278, 0, 5.87%, 0, 1, 6, 12.62, 31840
1648639787, 37, 237, 331, 277, 0, 5.87%, 0, 1, 6, 22.40, 32399
1648639799, 37, 237, 332, 278, 0, 5.87%, 0, 1, 6, 2.94, 32427
1648639819, 37, 237, 333, 279, 0, 5.87%, 0, 1, 6, 2.86, 32479
1648639829, 37, 237, 334, 280, 0, 5.87%, 0, 1, 6, 3.35, 32515
1648639845, 37, 237, 335, 281, 0, 5.87%, 0, 1, 6, 3.76, 32566
1648639901, 37, 252, 335, 280, 7, 5.87%, 0, 1, 6, 8.64, 32782
1648639922, 37, 252, 336, 281, 7, 5.87%, 0, 1, 6, 10.95, 33008
1648639927, 37, 252, 337, 282, 7, 5.88%, 0, 1, 6, 12.90, 33072
1648639932, 37, 252, 342, 287, 7, 5.88%, 0, 1, 6, 15.82, 33158
1648639937, 37, 252, 343, 288, 7, 5.88%, 0, 1, 6, 17.08, 33251
1648639948, 37, 252, 344, 289, 7, 5.88%, 0, 1, 6, 17.55, 33428
1648639958, 37, 252, 345, 290, 7, 5.88%, 0, 1, 6, 16.12, 33598
1648639963, 37, 252, 348, 293, 7, 5.88%, 0, 1, 6, 16.44, 33683
1648639969, 37, 270, 349, 293, 0, 5.88%, 0, 1, 6, 0.00, 33723
1648639974, 37, 270, 350, 294, 0, 5.88%, 0, 1, 6, 3.61, 33739
1648639994, 37, 270, 351, 295, 0, 5.88%, 0, 1, 6, 4.02, 33809
1648640112, 37, 270, 352, 296, 0, 5.89%, 0, 1, 6, 4.07, 34233
1648640122, 37, 270, 353, 297, 0, 5.89%, 0, 1, 6, 4.14, 34275
1648640143, 37, 270, 354, 298, 0, 5.89%, 0, 1, 6, 4.10, 34355
1648640148, 37, 270, 356, 300, 0, 5.89%, 0, 1, 6, 4.20, 34376
1648640308, 38, 222, 356, 299, 5, 5.89%, 0, 1, 6, 3.63, 34989
1648640401, 38, 222, 357, 300, 5, 5.89%, 0, 1, 6, 4.01, 35316
1648640406, 38, 254, 357, 299, 13, 5.89%, 0, 1, 6, 3.48, 35332
1648640437, 38, 254, 358, 300, 13, 5.89%, 0, 1, 6, 13.98, 35716
1648640452, 38, 254, 359, 301, 13, 5.89%, 0, 1, 6, 12.27, 35911
1648640478, 38, 294, 360, 301, 0, 5.89%, 0, 1, 6, 12.70, 36233
1648640570, 39, 267, 360, 300, 0, 5.89%, 0, 1, 6, 1.49, 37115
1648640622, 40, 67, 360, 300, 0, 5.89%, 0, 1, 6, 4.38, 37270
1648640627, 40, 67, 361, 301, 0, 5.89%, 0, 1, 6, 10.02, 37326
1648640648, 41, 52, 363, 302, 0, 5.89%, 0, 1, 6, 0.00, 37534
1648640705, 41, 314, 364, 302, 0, 5.89%, 0, 1, 6, 3.15, 37797
1648640847, 42, 127, 364, 301, 0, 5.89%, 0, 1, 6, 3.96, 38245
1648640917, 42, 304, 364, 300, 0, 5.89%, 0, 1, 6, 6.05, 38537
1648640938, 42, 304, 365, 301, 0, 5.89%, 0, 1, 6, 13.82, 38761
1648640948, 42, 304, 366, 302, 0, 5.89%, 0, 1, 6, 16.41, 38933
1648640964, 42, 321, 366, 301, 2, 5.89%, 0, 1, 6, 14.16, 39166
1648640999, 43, 295, 366, 300, 1, 5.89%, 0, 1, 6, 12.75, 39728
1648641083, 44, 258, 366, 300, 1, 5.89%, 0, 1, 6, 2.80, 40567
1648641119, 44, 258, 367, 301, 1, 5.89%, 0, 1, 6, 4.23, 40693
1648641129, 44, 361, 367, 300, 1, 5.89%, 0, 1, 6, 3.89, 40731
1648641196, 44, 361, 368, 301, 1, 5.89%, 0, 1, 6, 10.04, 41230
1648641206, 45, 36, 368, 300, 0, 5.89%, 0, 1, 6, 8.23, 41316
1648641232, 45, 36, 369, 301, 0, 5.89%, 0, 1, 6, 3.41, 41398
1648641289, 45, 317, 369, 300, 0, 5.89%, 0, 1, 6, 4.43, 41588
1648641330, 45, 317, 370, 301, 0, 5.89%, 0, 1, 6, 9.68, 41991
1648641335, 45, 320, 370, 300, 1, 5.89%, 0, 1, 6, 8.84, 42032
1648641397, 46, 216, 370, 299, 1, 5.89%, 0, 1, 6, 12.51, 42764
1648641412, 46, 260, 370, 299, 1, 5.89%, 0, 1, 6, 2.94, 43011
1648641504, 46, 323, 370, 299, 1, 5.89%, 0, 1, 6, 34.83, 43361
1648641530, 47, 302, 370, 298, 0, 5.89%, 0, 1, 6, 17.19, 43794
1648641576, 47, 302, 373, 301, 0, 5.89%, 0, 1, 6, 10.10, 44253
1648641591, 47, 302, 374, 302, 0, 5.89%, 0, 1, 6, 10.23, 44398
1648641596, 47, 327, 374, 301, 3, 5.89%, 0, 1, 6, 14.92, 44472
1648641617, 47, 327, 375, 302, 3, 5.89%, 0, 1, 6, 19.08, 44795
1648641643, 47, 327, 376, 303, 3, 5.89%, 0, 1, 6, 15.47, 45180
1648641653, 47, 327, 377, 304, 3, 5.89%, 0, 1, 6, 17.78, 45345
1648641669, 47, 327, 378, 305, 3, 5.89%, 0, 1, 6, 16.68, 45573
1648641674, 48, 303, 378, 304, 12, 5.89%, 0, 1, 6, 1.31, 45610
1648641720, 48, 303, 379, 305, 12, 5.90%, 0, 1, 6, 3.68, 45754
1648641787, 48, 342, 379, 304, 4, 5.90%, 0, 1, 6, 14.99, 45991
1648641833, 48, 342, 380, 305, 4, 5.90%, 0, 1, 6, 17.41, 46734
1648641859, 49, 268, 380, 304, 5, 5.90%, 0, 1, 6, 3.43, 47121
1648641926, 49, 268, 381, 305, 5, 5.90%, 0, 1, 6, 3.33, 47343
1648641962, 49, 268, 382, 306, 5, 5.90%, 0, 1, 6, 3.94, 47471
1648641983, 49, 268, 383, 307, 5, 5.90%, 0, 1, 6, 4.50, 47559
1648642014, 49, 268, 384, 308, 5, 5.90%, 0, 1, 6, 3.67, 47679
1648642035, 49, 300, 384, 308, 8, 5.90%, 0, 1, 6, 3.60, 47752
1648642086, 49, 304, 384, 307, 7, 5.90%, 0, 1, 6, 3.50, 47902
1648642137, 50, 301, 384, 307, 7, 5.90%, 0, 1, 6, 3.81, 48116
1648642291, 50, 369, 384, 306, 6, 5.90%, 0, 1, 6, 5.80, 48704
1648642343, 51, 293, 384, 305, 5, 5.90%, 0, 1, 6, 6.06, 49287
1648642436, 52, 137, 384, 304, 4, 5.90%, 0, 1, 6, 16.74, 50444
1648642528, 52, 321, 385, 304, 4, 5.90%, 0, 1, 7, 9.17, 50752
1648642544, 52, 321, 386, 305, 4, 5.90%, 0, 1, 7, 17.25, 50954
1648642569, 53, 210, 386, 305, 1, 5.90%, 0, 1, 7, 12.13, 51341
1648642574, 53, 210, 387, 306, 1, 5.90%, 0, 1, 7, 10.64, 51389
1648642580, 53, 210, 388, 307, 1, 5.90%, 0, 1, 7, 13.10, 51458
1648642590, 53, 210, 389, 308, 1, 5.90%, 0, 1, 7, 12.99, 51591
1648642595, 53, 351, 390, 308, 2, 5.90%, 0, 1, 7, 13.51, 51659
1648642600, 53, 351, 392, 310, 2, 5.90%, 0, 1, 7, 12.97, 51729
1648642616, 53, 351, 394, 312, 2, 5.90%, 0, 1, 7, 12.60, 51898
1648642621, 53, 351, 395, 313, 2, 5.90%, 0, 1, 7, 15.69, 51978
1648642641, 53, 351, 396, 314, 2, 5.91%, 0, 1, 7, 13.00, 52259
1648642646, 53, 355, 396, 313, 3, 5.91%, 0, 1, 7, 4.55, 52294
1648642774, 54, 7, 396, 312, 2, 5.91%, 0, 1, 7, 7.11, 52878
1648642785, 54, 7, 397, 313, 2, 5.91%, 0, 1, 7, 12.47, 53000
1648642800, 54, 310, 397, 312, 2, 5.91%, 0, 1, 7, 6.73, 53138
1648642959, 54, 380, 397, 311, 1, 5.91%, 0, 1, 7, 6.73, 53733
1648642995, 55, 325, 397, 310, 0, 5.91%, 0, 1, 7, 9.82, 54177
1648643051, 55, 391, 398, 310, 0, 5.92%, 0, 1, 7, 12.11, 54735
1648643066, 55, 391, 399, 311, 0, 5.92%, 0, 1, 7, 20.10, 55004
1648643077, 55, 391, 400, 312, 0, 5.92%, 0, 1, 7, 20.24, 55206
1648643082, 55, 391, 401, 313, 0, 5.92%, 0, 1, 7, 19.22, 55298
1648643123, 56, 356, 401, 312, 6, 5.92%, 0, 1, 7, 3.33, 55934
1648643220, 56, 356, 402, 313, 6, 5.92%, 0, 1, 7, 4.15, 56300
1648643251, 56, 356, 403, 314, 6, 5.92%, 0, 1, 7, 3.64, 56419
1648643282, 56, 394, 403, 313, 4, 5.92%, 0, 1, 7, 8.54, 56563
1648643328, 56, 394, 404, 314, 4, 5.92%, 0, 1, 7, 15.56, 57177
1648643338, 56, 394, 405, 315, 4, 5.92%, 0, 1, 7, 16.92, 57338
1648643344, 56, 394, 406, 316, 4, 5.92%, 0, 1, 7, 17.98, 57435
1648643349, 56, 394, 407, 317, 4, 5.93%, 0, 1, 7, 18.99, 57528
1648643359, 56, 394, 408, 318, 4, 5.93%, 0, 1, 7, 15.04, 57699
1648643364, 57, 216, 408, 317, 2, 5.93%, 0, 1, 7, 5.46, 57757
1648643380, 57, 331, 409, 318, 2, 5.93%, 0, 1, 7, 2.12, 58007
1648643395, 57, 331, 410, 319, 2, 5.93%, 0, 1, 7, 2.58, 58046
1648643432, 57, 331, 411, 320, 2, 5.93%, 0, 1, 7, 3.03, 58139
1648643463, 57, 331, 412, 321, 2, 5.93%, 0, 1, 7, 3.46, 58238
1648643468, 57, 331, 413, 322, 2, 5.93%, 0, 1, 7, 3.59, 58254
1648643499, 57, 331, 414, 323, 2, 5.93%, 0, 1, 7, 3.09, 58350
1648643509, 57, 331, 415, 324, 2, 5.93%, 0, 1, 7, 2.90, 58377
1648643515, 57, 366, 415, 323, 6, 5.93%, 0, 1, 7, 3.35, 58396
1648643623, 57, 366, 416, 324, 6, 5.93%, 0, 1, 7, 4.49, 58706
1648643669, 57, 376, 416, 323, 5, 5.93%, 0, 1, 7, 9.56, 58935
1648643694, 57, 376, 417, 324, 5, 5.93%, 0, 1, 7, 13.69, 59240
1648643750, 58, 336, 417, 323, 12, 5.93%, 0, 1, 7, 14.24, 60072
1648643827, 58, 336, 418, 324, 12, 5.93%, 0, 1, 7, 14.96, 61035
1648643833, 58, 336, 419, 325, 12, 5.93%, 0, 1, 7, 15.78, 61114
1648643838, 58, 336, 420, 326, 12, 5.93%, 0, 1, 7, 17.93, 61211
1648643843, 58, 377, 420, 325, 4, 5.93%, 0, 1, 7, 13.08, 61267
1648643848, 58, 377, 421, 326, 4, 5.93%, 0, 1, 7, 12.31, 61325
1648643884, 58, 377, 422, 327, 4, 5.93%, 0, 1, 7, 14.01, 61747
1648643914, 58, 377, 423, 328, 4, 5.97%, 0, 1, 7, 14.43, 62246
1648643930, 58, 380, 423, 327, 5, 5.97%, 0, 1, 7, 10.40, 62461
1648644048, 58, 382, 423, 327, 5, 5.97%, 0, 1, 7, 4.22, 62902
1648644192, 58, 398, 424, 327, 4, 5.97%, 0, 1, 8, 20.16, 63529
1648644197, 58, 398, 425, 328, 4, 5.97%, 0, 1, 8, 15.99, 63609
1648644213, 58, 398, 426, 329, 4, 5.97%, 0, 1, 8, 16.37, 63851
1648644264, 58, 400, 428, 330, 6, 5.99%, 0, 1, 8, 14.69, 64674
1648644527, 59, 379, 428, 329, 5, 5.99%, 0, 1, 8, 6.50, 65866
1648644610, 60, 305, 428, 328, 4, 5.99%, 0, 1, 8, 15.81, 67060
1648644615, 60, 305, 429, 329, 4, 5.99%, 0, 1, 8, 14.16, 67126
1648644641, 60, 305, 430, 330, 4, 5.99%, 0, 1, 8, 16.27, 67469
1648644646, 60, 305, 431, 331, 4, 5.99%, 0, 1, 8, 18.83, 67567
1648644651, 60, 337, 431, 330, 10, 5.99%, 0, 1, 8, 16.44, 67644
1648644728, 60, 385, 431, 329, 10, 5.99%, 0, 1, 8, 19.88, 68799
1648644769, 60, 385, 432, 330, 10, 5.99%, 0, 1, 8, 13.30, 69241
1648644810, 61, 347, 432, 329, 1, 5.99%, 0, 1, 8, 18.52, 69978
1648644856, 62, 72, 432, 328, 0, 5.99%, 0, 1, 8, 2.55, 70517
1648644950, 62, 72, 433, 329, 0, 5.99%, 0, 1, 8, 3.19, 70792
1648644965, 62, 404, 433, 328, 5, 5.99%, 0, 1, 8, 14.10, 70850
1648644975, 62, 404, 434, 329, 5, 5.99%, 0, 1, 8, 2.52, 70977
1648644981, 62, 404, 435, 330, 5, 5.99%, 0, 1, 8, 12.93, 71039
1648645053, 62, 407, 435, 329, 5, 5.99%, 0, 1, 8, 4.56, 72019
1648645314, 63, 401, 435, 328, 4, 5.99%, 0, 1, 8, 4.53, 73187
1648645432, 63, 401, 436, 329, 4, 5.99%, 0, 1, 8, 4.11, 73624
1648645463, 63, 401, 438, 331, 4, 5.99%, 0, 1, 8, 4.34, 73752
1648645468, 63, 401, 439, 332, 4, 5.99%, 0, 1, 8, 4.33, 73774
1648645478, 63, 406, 439, 331, 5, 5.99%, 0, 1, 8, 8.66, 73848
1648645529, 63, 406, 440, 332, 5, 5.99%, 0, 1, 8, 19.49, 74557
1648645555, 63, 416, 441, 332, 5, 5.99%, 0, 1, 8, 9.33, 75030
1648645565, 63, 416, 442, 333, 5, 5.99%, 0, 1, 8, 12.69, 75144
1648645642, 64, 407, 443, 333, 5, 5.99%, 0, 1, 8, 15.57, 76180
1648645689, 64, 407, 444, 334, 5, 5.99%, 0, 1, 8, 15.23, 76698
1648645735, 65, 340, 444, 334, 9, 5.99%, 0, 1, 8, 13.60, 77389
1648645776, 65, 340, 445, 335, 9, 5.99%, 0, 1, 8, 16.56, 77859
1648645818, 65, 429, 445, 334, 8, 5.99%, 0, 1, 8, 16.90, 78542
1648645894, 65, 429, 446, 335, 8, 5.99%, 0, 1, 8, 14.61, 79537
1648645910, 66, 106, 447, 335, 0, 5.99%, 0, 1, 8, 0.00, 79723
1648645977, 66, 231, 447, 335, 0, 5.99%, 0, 1, 8, 3.10, 79987
1648646365, 66, 248, 447, 335, 0, 5.99%, 0, 1, 8, 7.11, 81192
1648646421, 67, 4, 447, 334, 0, 5.99%, 0, 1, 8, 10.12, 81731
1648646458, 67, 268, 447, 333, 0, 5.99%, 0, 1, 8, 4.59, 81866
1648646514, 68, 6, 447, 333, 0, 5.99%, 0, 1, 8, 10.13, 82458
1648646529, 68, 22, 447, 332, 0, 5.99%, 0, 1, 8, 13.77, 82701
1648646545, 68, 251, 448, 332, 0, 5.99%, 0, 1, 8, 0.00, 82955
1648646812, 69, 77, 448, 331, 0, 5.99%, 0, 1, 8, 3.29, 83829
1648646838, 69, 343, 448, 330, 0, 5.99%, 0, 1, 8, 10.54, 84123
1648646868, 69, 343, 450, 332, 0, 6.00%, 0, 1, 8, 18.47, 84568
1648646894, 69, 407, 450, 331, 5, 6.00%, 0, 1, 8, 14.67, 85013
1648646920, 69, 407, 451, 332, 5, 6.00%, 0, 1, 8, 11.28, 85272
1648646987, 70, 264, 451, 332, 5, 6.00%, 0, 1, 8, 14.56, 86196
1648647097, 71, 220, 451, 331, 5, 6.00%, 0, 1, 8, 3.76, 86555
1648647127, 71, 432, 451, 330, 4, 6.00%, 0, 1, 8, 7.41, 86848
1648647235, 72, 347, 452, 330, 3, 6.00%, 0, 1, 8, 9.96, 87340
1648647276, 72, 347, 454, 332, 3, 6.00%, 0, 1, 8, 20.78, 87946
1648647296, 73, 45, 454, 332, 3, 6.00%, 0, 1, 8, 2.41, 88195
1648647373, 73, 360, 454, 331, 3, 6.00%, 0, 1, 8, 6.11, 88480
1648647492, 74, 248, 454, 330, 3, 6.00%, 0, 1, 8, 11.79, 89635
1648647601, 74, 248, 455, 331, 3, 6.00%, 0, 1, 8, 3.32, 89957
1648647687, 74, 378, 455, 331, 3, 6.00%, 0, 1, 8, 4.36, 90238
1648647723, 74, 378, 456, 332, 3, 6.00%, 0, 1, 8, 8.73, 90551
1648647749, 75, 134, 457, 332, 0, 6.00%, 0, 1, 8, 0.00, 90792
1648647828, 75, 424, 458, 333, 0, 6.00%, 0, 1, 9, 18.05, 91109
1648647833, 75, 424, 459, 334, 0, 6.00%, 0, 1, 9, 20.06, 91215
1648647843, 75, 424, 461, 336, 0, 6.00%, 0, 1, 9, 20.36, 91399
1648647863, 75, 424, 462, 337, 0, 6.01%, 0, 1, 9, 15.06, 91718
1648647884, 75, 424, 464, 339, 0, 6.01%, 0, 1, 9, 15.66, 92050
1648647900, 76, 297, 464, 338, 2, 6.01%, 0, 1, 9, 1.07, 92281
1648647993, 76, 434, 464, 337, 1, 6.01%, 0, 1, 9, 5.33, 92601
1648647998, 76, 434, 466, 339, 1, 6.01%, 0, 1, 9, 11.89, 92669
1648648060, 76, 434, 467, 340, 1, 6.01%, 0, 1, 9, 14.18, 93517
1648648065, 76, 434, 468, 341, 1, 6.01%, 0, 1, 9, 13.90, 93589
1648648080, 77, 402, 468, 340, 8, 6.01%, 0, 1, 9, 16.21, 93812
1648648116, 77, 411, 469, 340, 7, 6.01%, 0, 1, 9, 13.82, 94302
1648648136, 77, 411, 471, 342, 7, 6.02%, 0, 1, 9, 12.33, 94549
1648648162, 77, 413, 471, 341, 9, 6.02%, 0, 1, 9, 11.34, 94837
1648648167, 77, 413, 472, 342, 9, 6.02%, 0, 1, 9, 6.11, 94860
1648648229, 78, 253, 472, 341, 8, 6.02%, 0, 1, 9, 7.79, 95297
1648648266, 78, 253, 473, 342, 8, 6.02%, 0, 1, 9, 15.78, 95757
1648648276, 78, 445, 473, 341, 7, 6.02%, 0, 1, 9, 5.27, 95883
1648648302, 78, 445, 474, 342, 7, 6.02%, 0, 1, 9, 1.02, 96089
1648648313, 78, 445, 475, 343, 7, 6.02%, 0, 1, 9, 13.18, 96206
1648648333, 79, 323, 475, 342, 6, 6.02%, 0, 1, 9, 11.16, 96464
1648648354, 79, 323, 476, 343, 6, 6.02%, 0, 1, 9, 13.68, 96705
1648648369, 80, 73, 476, 343, 0, 6.02%, 0, 1, 9, 7.26, 96926
1648648395, 80, 417, 477, 343, 0, 6.02%, 0, 1, 9, 12.70, 97232
1648648467, 80, 439, 477, 342, 8, 6.02%, 0, 1, 9, 15.27, 98113
1648648544, 80, 442, 479, 343, 7, 6.02%, 0, 1, 9, 18.50, 99311
1648648549, 80, 442, 480, 344, 7, 6.02%, 0, 1, 9, 15.49, 99377
1648648560, 80, 442, 482, 346, 7, 6.02%, 0, 1, 9, 12.98, 99508
1648648590, 80, 442, 484, 348, 7, 6.02%, 0, 1, 9, 13.49, 99878
1648648595, 80, 442, 485, 349, 7, 6.03%, 0, 1, 9, 13.45, 99946
1648648606, 80, 442, 488, 352, 7, 6.03%, 0, 1, 9, 16.22, 100087
1648648611, 80, 442, 489, 353, 7, 6.03%, 0, 1, 9, 16.13, 100169
1648648626, 80, 442, 490, 354, 7, 6.03%, 0, 1, 9, 14.62, 100386
1648648631, 80, 442, 492, 356, 7, 6.04%, 0, 1, 9, 14.70, 100455
1648648637, 80, 442, 493, 357, 7, 6.04%, 0, 1, 9, 14.65, 100529
1648648642, 80, 451, 493, 356, 0, 6.04%, 0, 1, 9, 12.31, 100598
1648648709, 80, 457, 493, 355, 0, 6.04%, 0, 1, 9, 16.10, 101406
1648648714, 80, 457, 494, 356, 0, 6.04%, 0, 1, 10, 15.82, 101491
1648648761, 80, 457, 495, 357, 0, 6.04%, 0, 1, 10, 16.97, 102253
1648648781, 81, 321, 495, 356, 1, 6.04%, 0, 1, 10, 12.52, 102533
1648648807, 81, 321, 496, 357, 1, 6.04%, 0, 1, 10, 15.98, 102853
1648648818, 81, 458, 496, 357, 9, 6.04%, 0, 1, 10, 16.44, 103014
1648648884, 82, 316, 496, 356, 8, 6.04%, 0, 1, 10, 3.40, 104172
1648648925, 82, 316, 497, 357, 8, 6.04%, 0, 1, 10, 3.09, 104320
1648648941, 82, 316, 498, 358, 8, 6.04%, 0, 1, 10, 2.86, 104362
1648648993, 82, 316, 499, 359, 8, 6.04%, 0, 1, 10, 2.52, 104499
1648649040, 83, 280, 499, 358, 7, 6.04%, 0, 1, 10, 0.00, 104620
1648649142, 83, 361, 500, 358, 6, 6.04%, 0, 1, 10, 0.00, 104958
1648649369, 83, 419, 500, 358, 9, 6.04%, 0, 1, 10, 16.81, 105553
1648649462, 83, 445, 500, 357, 9, 6.04%, 0, 1, 10, 5.60, 106736
1648649514, 84, 321, 500, 357, 9, 6.04%, 0, 1, 10, 2.74, 107296
1648649612, 84, 361, 500, 357, 9, 6.04%, 0, 1, 10, 7.76, 107871
1648649623, 84, 361, 501, 358, 9, 6.04%, 0, 1, 10, 10.82, 107979
1648649643, 85, 336, 501, 358, 9, 6.04%, 0, 1, 10, 15.48, 108252
