# unix_time, cycles_done, cur_path, paths_total, pending_total, pending_favs, map_size, unique_crashes, unique_hangs, max_depth, execs_per_sec, total_execs
1648633502, 0, 0, 14, 14, 4, 1.21%, 0, 0, 2, 22.14, 233
1648633507, 0, 0, 18, 18, 4, 1.23%, 0, 0, 2, 17.49, 310
1648633512, 0, 0, 22, 22, 4, 1.23%, 0, 0, 2, 14.51, 380
1648633517, 0, 0, 26, 26, 4, 1.23%, 0, 0, 2, 12.00, 439
1648633523, 0, 0, 30, 30, 4, 1.23%, 0, 0, 2, 12.25, 502
1648633528, 0, 0, 31, 31, 4, 1.23%, 0, 0, 2, 12.73, 562
1648633533, 0, 0, 35, 35, 4, 1.23%, 0, 0, 2, 15.25, 641
1648633538, 0, 0, 43, 43, 4, 1.23%, 0, 0, 2, 15.83, 718
1648633543, 0, 0, 49, 49, 4, 1.25%, 0, 0, 2, 15.58, 795
1648633548, 0, 0, 53, 53, 4, 1.25%, 0, 0, 2, 14.64, 868
1648633554, 0, 0, 53, 53, 4, 1.25%, 0, 2, 2, 1.00, 911
1648633565, 0, 0, 55, 55, 4, 1.25%, 0, 2, 2, 11.38, 978
1648633570, 0, 0, 58, 58, 4, 1.25%, 0, 2, 2, 13.94, 1050
1648633575, 0, 55, 61, 60, 0, 1.26%, 0, 2, 3, 14.90, 1128
1648633580, 0, 55, 64, 63, 0, 1.26%, 0, 2, 3, 13.96, 1200
1648633585, 0, 55, 68, 67, 0, 1.26%, 0, 2, 3, 13.33, 1269
1648633590, 0, 55, 70, 69, 0, 1.26%, 0, 2, 3, 13.29, 1333
1648633595, 0, 55, 74, 73, 0, 1.26%, 0, 2, 3, 13.30, 1400
1648633601, 0, 55, 75, 74, 0, 1.26%, 0, 2, 3, 12.75, 1466
1648633606, 0, 55, 76, 75, 0, 1.26%, 0, 3, 3, 8.03, 1505
1648633611, 1, 0, 78, 76, 3, 1.26%, 0, 3, 3, 14.74, 1554
1648633616, 1, 0, 81, 79, 3, 1.26%, 0, 4, 3, 20.46, 1649
1648633621, 1, 0, 82, 80, 3, 1.26%, 0, 4, 3, 24.63, 1739
1648633626, 1, 0, 84, 82, 3, 1.30%, 0, 4, 3, 16.21, 1793
1648633632, 1, 0, 88, 86, 3, 1.30%, 0, 4, 3, 1.00, 1880
1648633637, 1, 0, 89, 87, 3, 1.30%, 0, 4, 3, 16.79, 1904
1648633643, 1, 0, 91, 89, 3, 1.30%, 0, 4, 3, 3.19, 1935
1648633648, 1, 0, 94, 92, 3, 1.31%, 0, 4, 3, 21.90, 2020
1648633654, 1, 0, 95, 93, 3, 1.32%, 0, 4, 3, 3.38, 2053
1648633659, 1, 0, 97, 95, 3, 1.32%, 0, 4, 3, 17.18, 2094
1648633664, 1, 0, 98, 96, 3, 1.32%, 0, 4, 3, 2.39, 2111
1648633670, 1, 45, 99, 97, 0, 1.34%, 0, 4, 3, 15.34, 2173
1648633675, 1, 45, 99, 97, 0, 1.34%, 0, 5, 3, 0.86, 2201
1648633680, 1, 45, 100, 98, 0, 1.34%, 0, 6, 3, 1.74, 2220
1648633690, 1, 45, 100, 98, 0, 1.34%, 0, 7, 3, 0.98, 2240
1648633701, 1, 45, 101, 99, 0, 1.34%, 0, 7, 3, 20.48, 2288
1648633707, 1, 45, 102, 100, 0, 1.34%, 0, 7, 3, 2.69, 2321
1648633718, 1, 45, 103, 101, 0, 1.34%, 0, 7, 3, 2.46, 2350
1648633729, 1, 45, 104, 102, 0, 1.34%, 0, 7, 3, 9.16, 2399
1648633755, 1, 103, 104, 101, 0, 1.34%, 0, 7, 3, 13.94, 2520
1648633761, 1, 103, 104, 101, 0, 1.34%, 0, 8, 3, 1.68, 2540
1648633771, 1, 103, 105, 102, 0, 1.34%, 0, 8, 4, 12.03, 2578
1648633776, 1, 103, 106, 103, 0, 1.34%, 0, 8, 4, 13.99, 2634
1648633781, 1, 103, 107, 104, 0, 1.34%, 0, 8, 4, 7.83, 2660
1648633787, 1, 103, 108, 105, 0, 1.34%, 0, 8, 4, 6.34, 2687
1648633792, 1, 103, 109, 106, 0, 1.34%, 0, 8, 4, 5.57, 2715
1648633803, 1, 103, 110, 107, 0, 1.34%, 0, 8, 4, 3.15, 2751
1648633808, 1, 103, 113, 110, 0, 1.34%, 0, 8, 4, 3.83, 2774
1648633813, 1, 103, 115, 112, 0, 1.34%, 0, 8, 4, 4.45, 2798
1648633828, 3, 106, 115, 111, 0, 1.34%, 0, 8, 4, 5.44, 2872
1648633833, 3, 106, 116, 112, 0, 1.34%, 0, 8, 5, 6.94, 2910
1648633849, 3, 106, 117, 113, 0, 1.35%, 0, 8, 5, 0.98, 3018
1648633855, 3, 106, 119, 115, 0, 1.39%, 0, 8, 5, 1.13, 3049
1648633865, 3, 106, 120, 116, 0, 1.39%, 0, 8, 5, 7.30, 3094
1648633877, 3, 106, 121, 117, 0, 1.39%, 0, 8, 5, 7.35, 3121
1648633931, 3, 106, 123, 119, 0, 1.39%, 0, 8, 5, 5.99, 3250
1648633936, 3, 110, 123, 118, 0, 1.39%, 0, 8, 5, 10.65, 3313
1648633987, 3, 110, 125, 120, 0, 1.39%, 0, 9, 5, 1.73, 3472
1648633992, 3, 110, 126, 121, 0, 1.39%, 0, 9, 5, 7.42, 3492
1648633997, 3, 110, 128, 123, 0, 1.39%, 0, 9, 5, 9.64, 3538
1648634002, 3, 110, 129, 124, 0, 1.39%, 0, 9, 5, 11.76, 3557
1648634007, 3, 110, 130, 125, 0, 1.39%, 0, 9, 5, 10.20, 3584
1648634034, 4, 104, 130, 124, 0, 1.39%, 0, 9, 5, 11.21, 3663
1648634039, 4, 104, 132, 126, 0, 1.40%, 0, 9, 5, 13.24, 3733
1648634066, 4, 104, 133, 127, 0, 1.40%, 0, 9, 5, 4.06, 3838
1648634071, 4, 104, 134, 128, 0, 1.40%, 0, 9, 5, 4.03, 3859
1648634091, 4, 104, 135, 129, 0, 1.40%, 0, 9, 5, 4.27, 3945
1648634117, 4, 104, 136, 130, 0, 1.41%, 0, 9, 5, 4.25, 4054
1648634127, 4, 104, 137, 131, 0, 1.41%, 0, 9, 5, 4.21, 4098
1648634133, 4, 104, 138, 132, 0, 1.41%, 0, 9, 5, 4.18, 4119
1648634143, 5, 45, 138, 131, 0, 1.41%, 0, 9, 5, 7.49, 4178
1648634158, 5, 45, 139, 132, 0, 1.41%, 0, 9, 5, 11.92, 4372
1648634163, 5, 45, 141, 134, 0, 1.41%, 0, 9, 5, 11.49, 4428
1648634174, 5, 83, 142, 135, 0, 1.41%, 0, 9, 5, 13.27, 4546
1648634179, 5, 83, 143, 136, 0, 1.41%, 0, 9, 5, 16.40, 4635
1648634184, 5, 83, 145, 138, 0, 1.42%, 0, 9, 5, 11.74, 4688
1648634189, 5, 83, 147, 140, 0, 1.57%, 0, 9, 5, 11.26, 4743
1648634194, 5, 83, 148, 141, 0, 1.57%, 0, 9, 5, 13.65, 4816
1648634199, 5, 83, 151, 144, 0, 1.57%, 0, 9, 5, 11.64, 4874
1648634209, 5, 83, 153, 146, 0, 1.59%, 0, 9, 5, 12.13, 4997
1648634214, 5, 83, 154, 147, 0, 1.60%, 0, 9, 5, 10.96, 5049
1648634220, 5, 83, 157, 150, 0, 1.60%, 0, 9, 5, 11.15, 5109
1648634225, 5, 83, 160, 153, 0, 1.60%, 0, 9, 5, 10.62, 5157
1648634230, 6, 4, 163, 155, 0, 1.60%, 0, 9, 5, 13.73, 5223
1648634240, 6, 4, 164, 156, 0, 1.60%, 0, 9, 5, 1.00, 5322
1648634251, 6, 54, 165, 156, 0, 1.60%, 0, 9, 5, 11.97, 5447
1648634256, 6, 54, 165, 156, 0, 1.60%, 0, 10, 5, 1.84, 5510
1648634267, 6, 54, 166, 157, 0, 1.60%, 0, 10, 5, 13.60, 5614
1648634272, 6, 54, 168, 159, 0, 1.60%, 0, 10, 5, 10.48, 5661
1648634277, 6, 54, 170, 161, 0, 1.60%, 0, 10, 5, 13.15, 5735
1648634282, 7, 2, 171, 161, 4, 1.60%, 0, 10, 5, 2.74, 5815
1648634292, 7, 2, 172, 162, 4, 1.60%, 0, 10, 5, 19.59, 5889
1648634297, 7, 2, 175, 165, 4, 1.62%, 0, 10, 5, 1.00, 5952
1648634309, 7, 2, 177, 167, 4, 1.64%, 0, 10, 5, 18.21, 6077
1648634314, 7, 2, 179, 169, 4, 1.65%, 0, 10, 5, 7.23, 6118
1648634319, 7, 111, 179, 168, 0, 1.65%, 0, 10, 5, 16.03, 6161
1648634400, 7, 111, 180, 169, 0, 1.65%, 0, 10, 5, 0.97, 6463
1648634411, 7, 159, 181, 169, 0, 1.65%, 0, 10, 5, 5.50, 6497
1648634416, 7, 159, 182, 170, 0, 1.65%, 0, 10, 5, 7.94, 6541
1648634441, 7, 159, 184, 172, 0, 1.67%, 0, 10, 5, 8.59, 6763
1648634457, 7, 159, 185, 173, 0, 1.67%, 0, 10, 5, 8.22, 6890
1648634483, 7, 159, 187, 175, 0, 1.67%, 0, 10, 5, 6.49, 7069
1648634498, 7, 159, 188, 176, 0, 1.67%, 0, 10, 5, 7.81, 7183
1648634503, 7, 159, 191, 179, 0, 1.67%, 0, 10, 5, 7.83, 7225
1648634513, 7, 159, 192, 180, 0, 1.67%, 0, 10, 5, 7.67, 7297
1648634545, 8, 105, 193, 180, 0, 1.67%, 0, 10, 5, 8.32, 7544
1648634627, 8, 105, 194, 181, 0, 1.67%, 0, 10, 5, 0.97, 7760
1648634699, 9, 105, 194, 180, 0, 1.67%, 0, 10, 5, 3.55, 7942
1648634756, 10, 110, 194, 180, 0, 1.67%, 0, 10, 5, 5.70, 8272
1648634788, 10, 110, 194, 180, 0, 1.67%, 0, 11, 5, 1.17, 8364
1648634830, 10, 110, 195, 181, 0, 1.67%, 0, 11, 5, 11.27, 8484
1648634867, 10, 114, 195, 181, 0, 1.67%, 0, 11, 5, 8.79, 8608
1648634927, 10, 114, 195, 181, 0, 1.67%, 0, 12, 5, 13.76, 8890
1648634939, 11, 106, 195, 180, 0, 1.67%, 0, 12, 5, 6.20, 8939
1648634985, 12, 111, 196, 181, 0, 1.67%, 0, 12, 5, 7.24, 9224
1648635077, 12, 149, 196, 181, 0, 1.67%, 0, 12, 5, 7.49, 9535
1648635093, 12, 149, 197, 182, 0, 1.68%, 0, 12, 5, 8.67, 9672
1648635108, 12, 149, 198, 183, 0, 1.68%, 0, 12, 5, 7.45, 9800
1648635134, 12, 149, 199, 184, 0, 1.68%, 0, 12, 5, 6.53, 9985
1648635154, 12, 149, 201, 186, 0, 1.68%, 0, 12, 5, 7.13, 10115
1648635164, 12, 149, 202, 187, 0, 1.68%, 0, 12, 5, 6.83, 10186
1648635180, 13, 185, 204, 188, 0, 1.68%, 0, 12, 5, 6.97, 10273
1648635190, 13, 185, 205, 189, 0, 1.69%, 0, 12, 5, 8.10, 10360
1648635206, 13, 185, 206, 190, 0, 1.70%, 0, 12, 5, 7.26, 10468
1648635211, 13, 185, 207, 191, 0, 1.71%, 0, 12, 5, 6.83, 10502
1648635268, 13, 185, 209, 193, 0, 1.71%, 0, 12, 5, 7.00, 10896
1648635288, 13, 185, 210, 194, 0, 1.72%, 0, 12, 5, 7.19, 11043
1648635293, 13, 185, 211, 195, 0, 1.72%, 0, 12, 5, 6.69, 11077
1648635298, 13, 185, 212, 196, 0, 1.72%, 0, 12, 5, 6.59, 11111
1648635304, 13, 185, 213, 197, 0, 1.72%, 0, 12, 5, 6.61, 11145
1648635319, 13, 185, 214, 198, 0, 1.72%, 0, 12, 5, 7.19, 11253
1648635340, 13, 185, 215, 199, 0, 1.72%, 0, 12, 5, 7.65, 11399
1648635345, 14, 6, 215, 198, 3, 1.72%, 0, 12, 5, 12.35, 11440
1648635366, 14, 6, 217, 200, 3, 1.72%, 0, 12, 5, 8.00, 11538
1648635376, 14, 166, 218, 200, 1, 1.72%, 0, 12, 5, 9.74, 11654
1648635386, 14, 166, 219, 201, 1, 1.72%, 0, 12, 5, 7.66, 11730
1648635397, 14, 166, 219, 201, 1, 1.72%, 0, 13, 5, 10.53, 11831
1648635428, 15, 3, 221, 202, 1, 1.72%, 0, 13, 5, 13.81, 12135
1648635434, 15, 3, 223, 204, 1, 1.72%, 0, 13, 5, 15.78, 12209
1648635459, 15, 3, 225, 206, 1, 1.73%, 0, 13, 5, 1.85, 12450
1648635464, 15, 132, 225, 205, 0, 1.73%, 0, 13, 5, 4.01, 12475
1648635542, 15, 132, 226, 206, 0, 1.73%, 0, 13, 6, 7.03, 12854
1648635557, 15, 181, 226, 205, 6, 1.73%, 0, 13, 6, 7.44, 12957
1648635563, 15, 181, 227, 206, 6, 1.73%, 0, 13, 6, 8.07, 12999
1648635568, 15, 181, 228, 207, 6, 1.73%, 0, 13, 6, 8.40, 13043
1648635624, 15, 181, 229, 208, 6, 1.73%, 0, 13, 6, 8.10, 13534
1648635629, 15, 181, 230, 209, 6, 1.79%, 0, 13, 6, 8.15, 13576
1648635640, 15, 181, 231, 210, 6, 1.79%, 0, 13, 6, 8.38, 13662
1648635645, 15, 181, 232, 211, 6, 1.79%, 0, 13, 6, 8.11, 13703
1648635660, 15, 181, 233, 212, 6, 1.79%, 0, 13, 6, 8.28, 13835
1648635691, 15, 181, 235, 214, 6, 1.79%, 0, 13, 6, 8.57, 14100
1648635707, 16, 106, 235, 213, 0, 1.79%, 0, 13, 6, 9.00, 14234
1648635751, 16, 106, 236, 214, 0, 1.79%, 0, 13, 6, 12.90, 14430
1648635768, 16, 106, 237, 215, 0, 1.79%, 0, 13, 6, 4.19, 14484
1648635805, 17, 214, 238, 216, 0, 1.79%, 0, 13, 6, 6.36, 14539
1648635971, 17, 220, 239, 216, 0, 1.79%, 0, 13, 6, 0.00, 15701
1648635981, 17, 220, 240, 217, 0, 1.79%, 0, 13, 6, 15.60, 15853
1648635992, 17, 220, 241, 218, 0, 1.79%, 0, 13, 6, 12.32, 15989
1648635997, 17, 220, 242, 219, 0, 1.80%, 0, 13, 6, 11.76, 16049
1648636023, 17, 220, 243, 220, 0, 1.80%, 0, 13, 6, 11.69, 16329
1648636028, 18, 117, 243, 219, 1, 1.80%, 0, 13, 6, 0.00, 16372
1648636192, 19, 115, 243, 218, 0, 1.80%, 0, 13, 6, 7.91, 17692
1648636235, 19, 115, 244, 219, 0, 1.81%, 0, 13, 6, 3.08, 17901
1648636268, 19, 115, 245, 220, 0, 1.81%, 0, 13, 6, 6.00, 18043
1648636273, 19, 115, 246, 221, 0, 1.81%, 0, 13, 6, 6.60, 18080
1648636284, 19, 123, 247, 221, 0, 1.81%, 0, 13, 6, 12.70, 18184
1648636354, 19, 123, 247, 221, 0, 1.81%, 0, 14, 6, 1.31, 18509
1648636369, 19, 123, 248, 222, 0, 1.81%, 0, 14, 6, 11.99, 18576
1648636435, 20, 110, 248, 221, 0, 1.81%, 0, 14, 6, 4.68, 18762
1648636542, 21, 138, 249, 222, 0, 1.81%, 0, 14, 6, 8.13, 19101
1648636547, 21, 138, 250, 223, 0, 1.81%, 0, 14, 6, 10.06, 19156
1648636552, 21, 138, 251, 224, 0, 1.81%, 0, 14, 6, 10.69, 19213
1648636593, 21, 153, 251, 223, 6, 1.81%, 0, 14, 6, 0.00, 19706
1648636599, 21, 153, 252, 224, 6, 1.81%, 0, 14, 6, 9.18, 19764
1648636619, 21, 153, 253, 225, 6, 1.81%, 0, 14, 6, 9.62, 19986
1648636624, 21, 153, 254, 226, 6, 1.81%, 0, 14, 6, 8.88, 20030
1648636634, 21, 153, 255, 227, 6, 1.84%, 0, 14, 6, 10.40, 20134
1648636655, 21, 153, 256, 228, 6, 1.84%, 0, 14, 6, 8.67, 20323
1648636660, 21, 153, 257, 229, 6, 1.84%, 0, 14, 6, 8.83, 20369
1648636665, 21, 153, 258, 230, 6, 1.84%, 0, 14, 6, 8.72, 20415
1648636671, 22, 203, 259, 230, 0, 1.84%, 0, 14, 6, 5.52, 20454
1648636676, 22, 203, 261, 232, 0, 1.84%, 0, 14, 6, 6.82, 20492
1648636681, 22, 203, 262, 233, 0, 1.84%, 0, 14, 6, 8.00, 20535
1648636717, 22, 203, 263, 234, 0, 1.84%, 0, 14, 6, 8.62, 20829
1648636722, 22, 203, 264, 235, 0, 1.84%, 0, 14, 6, 8.53, 20873
1648636737, 22, 203, 265, 236, 0, 1.84%, 0, 14, 6, 5.91, 20974
1648636758, 22, 203, 266, 237, 0, 1.84%, 0, 14, 6, 5.97, 21095
1648636763, 22, 203, 267, 238, 0, 1.84%, 0, 14, 6, 7.30, 21135
1648636773, 22, 203, 268, 239, 0, 1.84%, 0, 14, 6, 6.90, 21209
1648636789, 22, 203, 269, 240, 0, 1.84%, 0, 14, 6, 8.27, 21322
1648636814, 22, 203, 270, 241, 0, 1.84%, 0, 14, 6, 8.00, 21523
1648636851, 22, 258, 270, 240, 0, 1.84%, 0, 14, 6, 4.73, 21773
1648636861, 22, 258, 271, 241, 0, 1.84%, 0, 14, 7, 7.56, 21855
1648636877, 22, 258, 272, 242, 0, 1.84%, 0, 14, 7, 7.59, 21977
1648636902, 22, 258, 273, 243, 0, 1.84%, 0, 14, 7, 7.24, 22179
1648636928, 22, 258, 274, 244, 0, 1.84%, 0, 14, 7, 7.51, 22369
1648636953, 22, 258, 275, 245, 0, 1.85%, 0, 14, 7, 7.41, 22561
1648636974, 23, 241, 276, 245, 0, 1.85%, 0, 14, 7, 0.00, 22708
1648637010, 23, 241, 277, 246, 0, 1.85%, 0, 14, 7, 11.04, 23112
1648637026, 23, 241, 281, 250, 0, 1.85%, 0, 14, 7, 10.79, 23286
1648637031, 24, 12, 281, 249, 2, 1.85%, 0, 14, 7, 12.96, 23348
1648637047, 24, 167, 281, 248, 2, 1.85%, 0, 14, 7, 8.71, 23527
1648637067, 24, 167, 281, 248, 2, 1.85%, 0, 15, 7, 14.50, 23780
1648637072, 24, 167, 281, 248, 2, 1.85%, 0, 16, 7, 14.13, 23841
1648637077, 25, 6, 282, 248, 1, 1.85%, 0, 16, 7, 10.95, 23917
1648637088, 25, 6, 283, 249, 1, 1.85%, 0, 16, 7, 3.47, 24033
1648637093, 25, 6, 284, 250, 1, 1.85%, 0, 16, 7, 8.62, 24075
1648637098, 25, 6, 285, 251, 1, 1.85%, 0, 16, 7, 15.51, 24129
1648637104, 25, 6, 288, 254, 1, 1.86%, 0, 16, 7, 1.89, 24185
1648637109, 25, 6, 291, 257, 1, 1.87%, 0, 16, 7, 22.83, 24227
1648637114, 25, 6, 292, 258, 1, 1.87%, 0, 16, 7, 15.47, 24281
1648637120, 25, 6, 295, 261, 1, 1.87%, 0, 16, 7, 17.13, 24352
1648637125, 25, 6, 297, 263, 1, 1.87%, 0, 16, 7, 1.00, 24426
1648637130, 25, 230, 299, 265, 0, 1.87%, 0, 16, 7, 4.53, 24468
1648637146, 25, 230, 300, 266, 0, 1.89%, 0, 16, 7, 8.62, 24602
1648637192, 25, 230, 301, 267, 0, 1.89%, 0, 16, 7, 6.71, 24969
1648637197, 25, 230, 302, 268, 0, 1.89%, 0, 16, 7, 7.10, 25005
1648637207, 25, 230, 303, 269, 0, 1.89%, 0, 16, 7, 7.34, 25081
1648637227, 25, 230, 304, 270, 0, 1.89%, 0, 16, 7, 7.70, 25244
1648637233, 25, 230, 305, 271, 0, 1.89%, 0, 16, 7, 7.30, 25280
1648637253, 25, 230, 306, 272, 0, 1.89%, 0, 16, 7, 7.69, 25440
1648637263, 25, 230, 307, 273, 0, 1.89%, 0, 16, 7, 7.97, 25520
1648637268, 25, 230, 308, 274, 0, 1.89%, 0, 16, 7, 6.90, 25554
1648637279, 25, 230, 309, 275, 0, 1.89%, 0, 16, 7, 6.18, 25614
1648637289, 25, 230, 311, 277, 0, 1.89%, 0, 16, 7, 6.18, 25677
1648637294, 25, 230, 312, 278, 0, 1.89%, 0, 16, 7, 7.43, 25717
1648637299, 25, 230, 314, 280, 0, 1.89%, 0, 16, 7, 7.89, 25757
1648637304, 25, 230, 316, 282, 0, 1.89%, 0, 16, 7, 8.06, 25799
1648637315, 25, 230, 317, 283, 0, 1.89%, 0, 16, 7, 8.35, 25883
1648637330, 26, 182, 317, 282, 0, 1.89%, 0, 16, 7, 9.62, 26002
1648637382, 26, 182, 318, 283, 0, 1.89%, 0, 16, 7, 7.65, 26463
1648637429, 26, 182, 319, 284, 0, 1.89%, 0, 16, 7, 6.66, 26813
1648637454, 26, 182, 320, 285, 0, 1.89%, 0, 16, 7, 7.74, 27010
1648637459, 26, 182, 321, 286, 0, 1.89%, 0, 16, 7, 7.31, 27047
1648637464, 26, 182, 322, 287, 0, 1.89%, 0, 16, 7, 7.46, 27085
1648637470, 26, 182, 323, 288, 0, 1.89%, 0, 16, 7, 7.49, 27123
1648637480, 26, 206, 324, 288, 1, 1.89%, 0, 16, 7, 8.62, 27198
1648637536, 26, 206, 325, 289, 1, 1.89%, 0, 16, 7, 8.97, 27697
1648637541, 26, 206, 326, 290, 1, 1.89%, 0, 16, 7, 8.77, 27741
1648637547, 26, 206, 328, 292, 1, 1.89%, 0, 16, 7, 8.85, 27787
1648637552, 26, 206, 329, 293, 1, 1.90%, 0, 16, 7, 8.84, 27833
1648637557, 26, 206, 330, 294, 1, 1.90%, 0, 16, 7, 8.87, 27879
1648637567, 26, 206, 332, 296, 1, 1.90%, 0, 16, 7, 8.38, 27968
1648637583, 26, 206, 335, 299, 1, 1.90%, 0, 16, 7, 6.50, 28088
1648637588, 26, 206, 336, 300, 1, 1.90%, 0, 16, 7, 6.76, 28124
1648637599, 26, 206, 337, 301, 1, 1.90%, 0, 16, 7, 8.39, 28206
1648637609, 26, 206, 339, 303, 1, 1.91%, 0, 16, 7, 7.37, 28283
1648637614, 26, 206, 340, 304, 1, 1.91%, 0, 16, 7, 7.12, 28319
1648637665, 27, 26, 340, 303, 0, 1.91%, 0, 16, 7, 12.57, 28743
1648637691, 27, 116, 340, 302, 0, 1.91%, 0, 16, 7, 5.67, 29032
1648637799, 27, 254, 341, 302, 0, 1.91%, 0, 16, 7, 8.47, 29899
1648637809, 27, 254, 342, 303, 0, 1.92%, 0, 16, 7, 11.00, 30016
1648637876, 27, 254, 343, 304, 0, 1.92%, 0, 16, 7, 9.30, 30710
1648637887, 27, 254, 344, 305, 0, 1.92%, 0, 16, 7, 8.53, 30802
1648637923, 28, 240, 344, 304, 1, 1.92%, 0, 16, 7, 6.50, 31127
1648637959, 28, 240, 345, 305, 1, 1.92%, 0, 16, 7, 8.51, 31524
1648637994, 28, 240, 346, 306, 1, 1.93%, 0, 16, 7, 9.48, 31853
1648638015, 28, 309, 346, 305, 0, 1.93%, 0, 16, 7, 5.99, 32019
1648638155, 29, 116, 346, 304, 0, 1.93%, 0, 16, 7, 1.02, 32884
1648638292, 29, 116, 346, 304, 0, 1.93%, 0, 17, 7, 5.98, 33214
1648638356, 29, 116, 346, 304, 0, 1.93%, 0, 18, 7, 0.98, 33434
1648638372, 29, 116, 346, 304, 0, 1.93%, 0, 19, 7, 1.71, 33457
1648638383, 29, 116, 347, 305, 0, 1.93%, 0, 19, 7, 1.02, 33481
1648638394, 29, 125, 347, 305, 0, 1.93%, 0, 19, 7, 10.82, 33536
1648638474, 29, 125, 348, 306, 0, 1.93%, 0, 19, 7, 17.86, 33907
1648638533, 29, 131, 348, 305, 2, 1.93%, 0, 19, 7, 11.47, 34109
1648638607, 29, 131, 349, 306, 2, 1.93%, 0, 19, 7, 14.33, 34595
1648638613, 29, 131, 350, 307, 2, 1.93%, 0, 19, 7, 1.95, 34627
1648638714, 29, 131, 351, 308, 2, 1.93%, 0, 19, 7, 1.74, 34916
1648638757, 29, 131, 352, 309, 2, 1.93%, 0, 20, 7, 2.88, 35040
1648638856, 31, 125, 352, 308, 0, 1.93%, 0, 20, 7, 5.68, 35294
1648639000, 31, 153, 352, 308, 0, 1.93%, 0, 20, 7, 6.41, 35873
1648639036, 32, 344, 353, 309, 0, 1.93%, 0, 20, 7, 7.47, 36202
1648639108, 32, 344, 354, 310, 0, 1.93%, 0, 20, 7, 6.55, 36779
1648639149, 33, 204, 354, 309, 0, 1.93%, 0, 20, 7, 8.23, 37106
1648639160, 33, 204, 355, 310, 0, 1.93%, 0, 20, 7, 6.90, 37178
1648639200, 33, 204, 356, 311, 0, 1.93%, 0, 20, 7, 7.89, 37490
1648639267, 33, 258, 356, 310, 4, 1.93%, 0, 20, 7, 6.24, 37976
1648639323, 33, 258, 357, 311, 4, 1.93%, 0, 20, 7, 7.08, 38428
1648639395, 33, 258, 358, 312, 4, 1.93%, 0, 20, 7, 6.50, 38955
1648639426, 34, 241, 358, 312, 0, 1.93%, 0, 20, 7, 11.55, 39193
1648639447, 34, 241, 359, 313, 0, 1.93%, 0, 20, 7, 10.28, 39424
1648639457, 34, 241, 360, 314, 0, 1.93%, 0, 20, 7, 11.50, 39545
1648639477, 35, 18, 360, 314, 0, 1.93%, 0, 20, 7, 12.60, 39785
1648639505, 35, 18, 361, 315, 0, 1.93%, 0, 20, 7, 1.79, 39991
1648639510, 35, 168, 361, 314, 0, 1.93%, 0, 20, 7, 15.87, 40070
1648639530, 35, 168, 362, 315, 0, 1.93%, 0, 20, 7, 19.79, 40481
1648639541, 35, 168, 364, 317, 0, 1.93%, 0, 20, 7, 1.87, 40587
1648639547, 36, 9, 364, 316, 0, 1.93%, 0, 20, 7, 4.24, 40697
1648639578, 36, 9, 365, 317, 0, 1.93%, 0, 20, 7, 20.98, 40786
1648639583, 36, 9, 367, 319, 0, 1.93%, 0, 20, 7, 18.98, 40858
1648639594, 36, 324, 367, 318, 0, 1.93%, 0, 20, 7, 10.42, 40960
1648639630, 36, 324, 368, 319, 0, 1.93%, 0, 20, 7, 11.00, 41366
1648639635, 36, 324, 369, 320, 0, 1.93%, 0, 20, 7, 14.91, 41451
1648639640, 36, 324, 370, 321, 0, 1.93%, 0, 20, 7, 13.25, 41517
1648639651, 36, 324, 371, 322, 0, 1.93%, 0, 20, 7, 13.33, 41658
1648639656, 36, 324, 372, 323, 0, 1.93%, 0, 20, 7, 13.25, 41727
1648639661, 36, 324, 374, 325, 0, 1.93%, 0, 20, 7, 12.95, 41793
1648639676, 36, 324, 375, 326, 0, 1.93%, 0, 20, 7, 15.03, 42006
1648639697, 37, 259, 375, 325, 4, 1.93%, 0, 20, 7, 8.58, 42261
1648639790, 37, 259, 376, 326, 4, 1.93%, 0, 20, 7, 7.32, 42981
1648639810, 38, 190, 376, 325, 1, 1.93%, 0, 20, 7, 7.94, 43124
1648639887, 38, 190, 379, 328, 1, 1.95%, 0, 20, 7, 5.98, 43621
1648639893, 38, 190, 381, 330, 1, 1.96%, 0, 20, 7, 6.07, 43651
1648639898, 38, 190, 383, 332, 1, 1.96%, 0, 20, 7, 6.23, 43683
1648639918, 38, 190, 384, 333, 1, 1.96%, 0, 20, 7, 6.13, 43810
1648639923, 38, 190, 385, 334, 1, 1.96%, 0, 20, 7, 6.02, 43840
1648639959, 38, 302, 385, 333, 2, 1.96%, 0, 20, 7, 6.09, 44053
1648640011, 38, 302, 386, 334, 2, 1.96%, 0, 20, 7, 8.14, 44500
1648640032, 38, 302, 388, 336, 2, 1.96%, 0, 20, 7, 8.37, 44667
1648640068, 39, 120, 390, 337, 0, 1.96%, 0, 20, 7, 9.57, 44965
1648640073, 39, 120, 392, 339, 0, 1.97%, 0, 20, 7, 30.01, 45145
1648640078, 39, 120, 393, 340, 0, 1.97%, 0, 20, 7, 35.79, 45337
1648640083, 39, 120, 394, 341, 0, 1.97%, 0, 20, 7, 36.68, 45529
1648640088, 39, 257, 394, 340, 0, 1.97%, 0, 20, 7, 6.32, 45615
1648640170, 39, 257, 395, 341, 0, 1.97%, 0, 20, 7, 5.83, 46245
1648640175, 39, 257, 396, 342, 0, 1.97%, 0, 20, 7, 6.32, 46277
1648640206, 39, 257, 398, 344, 0, 1.97%, 0, 20, 7, 7.00, 46499
1648640211, 39, 257, 399, 345, 0, 1.97%, 0, 20, 7, 7.04, 46535
1648640217, 39, 257, 401, 347, 0, 1.97%, 0, 20, 7, 7.05, 46571
1648640258, 39, 345, 401, 346, 1, 1.97%, 0, 20, 7, 9.68, 46855
1648640304, 39, 345, 402, 347, 1, 1.97%, 0, 20, 7, 8.51, 47303
1648640309, 39, 345, 403, 348, 1, 1.97%, 0, 20, 7, 7.96, 47343
1648640335, 41, 118, 403, 347, 0, 1.97%, 0, 20, 7, 0.97, 47554
1648640531, 41, 128, 403, 346, 0, 1.97%, 0, 20, 7, 4.42, 48069
1648640595, 41, 128, 405, 348, 0, 1.97%, 0, 20, 7, 3.88, 48282
1648640600, 41, 128, 406, 349, 0, 1.97%, 0, 20, 7, 4.24, 48302
1648640692, 41, 128, 406, 349, 0, 1.97%, 0, 21, 7, 1.85, 48470
1648640719, 41, 135, 406, 348, 3, 1.97%, 0, 21, 7, 51.50, 48607
1648640827, 42, 250, 406, 347, 2, 1.97%, 0, 21, 7, 4.76, 49077
1648640852, 42, 250, 407, 348, 2, 1.97%, 0, 21, 7, 10.42, 49363
1648640940, 43, 223, 408, 348, 1, 1.97%, 0, 21, 7, 9.90, 50306
1648640955, 43, 223, 410, 350, 1, 1.97%, 0, 21, 7, 12.02, 50483
1648640960, 43, 223, 411, 351, 1, 1.98%, 0, 21, 7, 10.41, 50537
1648640970, 43, 223, 412, 352, 1, 1.99%, 0, 21, 7, 12.58, 50663
1648640975, 43, 223, 413, 353, 1, 1.99%, 0, 21, 7, 11.26, 50722
1648640991, 43, 223, 414, 354, 1, 1.99%, 0, 21, 7, 12.29, 50892
1648640996, 43, 223, 415, 355, 1, 1.99%, 0, 21, 7, 12.56, 50957
1648641006, 43, 223, 416, 356, 1, 1.99%, 0, 21, 7, 11.71, 51054
1648641016, 43, 223, 417, 357, 1, 1.99%, 0, 21, 7, 12.39, 51183
1648641027, 44, 344, 417, 356, 0, 1.99%, 0, 21, 7, 9.42, 51296
1648641104, 44, 344, 418, 357, 0, 1.99%, 0, 21, 7, 7.44, 51923
1648641114, 44, 344, 419, 358, 0, 2.00%, 0, 21, 7, 7.69, 52000
1648641119, 44, 344, 420, 359, 0, 2.00%, 0, 21, 7, 7.53, 52038
1648641129, 44, 344, 421, 360, 0, 2.00%, 0, 21, 7, 7.68, 52116
1648641140, 44, 370, 422, 361, 0, 2.00%, 0, 21, 8, 13.41, 52199
1648641145, 44, 370, 423, 362, 0, 2.00%, 0, 21, 8, 13.50, 52268
1648641196, 44, 370, 424, 363, 0, 2.00%, 0, 21, 8, 10.17, 52851
1648641201, 44, 370, 425, 364, 0, 2.00%, 0, 21, 8, 9.72, 52899
1648641211, 44, 370, 426, 365, 0, 2.00%, 0, 21, 8, 9.08, 52988
1648641222, 44, 370, 429, 368, 0, 2.00%, 0, 21, 8, 8.89, 53087
1648641242, 44, 370, 430, 369, 0, 2.00%, 0, 21, 8, 9.12, 53287
1648641247, 44, 370, 432, 371, 0, 2.00%, 0, 21, 8, 8.45, 53329
1648641258, 44, 370, 433, 372, 0, 2.00%, 0, 21, 8, 8.88, 53418
1648641263, 45, 206, 433, 371, 0, 2.00%, 0, 21, 8, 7.40, 53452
1648641319, 45, 206, 434, 372, 0, 2.00%, 0, 21, 8, 5.69, 53833
1648641330, 45, 206, 435, 373, 0, 2.00%, 0, 21, 8, 6.62, 53901
1648641335, 45, 206, 436, 374, 0, 2.00%, 0, 21, 8, 6.79, 53937
1648641340, 45, 206, 437, 375, 0, 2.00%, 0, 21, 8, 6.99, 53973
1648641350, 45, 206, 438, 376, 0, 2.00%, 0, 21, 8, 6.43, 54039
1648641392, 45, 270, 438, 376, 2, 2.00%, 0, 21, 8, 0.00, 54337
1648641458, 45, 270, 439, 377, 2, 2.00%, 0, 21, 8, 8.11, 54861
1648641510, 45, 270, 440, 378, 2, 2.00%, 0, 21, 8, 7.27, 55216
1648641515, 45, 276, 440, 377, 0, 2.00%, 0, 21, 8, 10.70, 55262
1648641556, 45, 276, 441, 378, 0, 2.00%, 0, 21, 8, 8.83, 55689
1648641582, 45, 276, 442, 379, 0, 2.00%, 0, 21, 8, 7.87, 55926
1648641627, 45, 276, 443, 380, 0, 2.00%, 0, 21, 8, 9.16, 56316
1648641633, 45, 276, 444, 381, 0, 2.00%, 0, 21, 8, 7.84, 56353
1648641643, 45, 435, 444, 380, 0, 2.00%, 0, 21, 8, 8.03, 56434
1648641653, 45, 435, 445, 381, 0, 2.00%, 0, 21, 8, 6.59, 56502
1648641659, 45, 435, 446, 382, 0, 2.00%, 0, 21, 8, 6.35, 56534
1648641689, 45, 435, 447, 383, 0, 2.00%, 0, 21, 8, 6.03, 56724
1648641695, 45, 435, 448, 384, 0, 2.00%, 0, 21, 8, 5.88, 56755
1648641705, 45, 435, 449, 385, 0, 2.00%, 0, 21, 8, 6.12, 56818
1648641788, 46, 173, 450, 385, 6, 2.00%, 0, 21, 8, 9.36, 57366
1648641793, 46, 173, 452, 387, 6, 2.00%, 0, 21, 8, 20.35, 57454
1648641799, 46, 173, 455, 390, 6, 2.01%, 0, 21, 8, 12.93, 57496
1648641824, 46, 173, 456, 391, 6, 2.01%, 0, 21, 8, 13.53, 57721
1648641829, 46, 173, 458, 393, 6, 2.01%, 0, 21, 8, 12.93, 57786
1648641835, 46, 173, 460, 395, 6, 2.01%, 0, 21, 8, 13.94, 57820
1648641845, 46, 173, 461, 396, 6, 2.01%, 0, 21, 8, 14.43, 57907
1648641866, 46, 252, 461, 395, 2, 2.01%, 0, 21, 8, 9.04, 58075
1648641918, 46, 252, 462, 396, 2, 2.01%, 0, 21, 8, 6.90, 58514
1648641923, 46, 252, 463, 397, 2, 2.01%, 0, 21, 8, 6.31, 58544
1648641933, 46, 252, 465, 399, 2, 2.01%, 0, 21, 8, 7.30, 58618
1648641959, 46, 252, 466, 400, 2, 2.01%, 0, 21, 8, 7.25, 58800
1648641990, 46, 252, 467, 401, 2, 2.02%, 0, 21, 8, 7.01, 59014
1648641995, 46, 252, 468, 402, 2, 2.02%, 0, 21, 8, 7.14, 59052
1648642006, 46, 252, 469, 403, 2, 2.02%, 0, 21, 8, 6.88, 59124
1648642032, 47, 120, 469, 402, 0, 2.02%, 0, 21, 8, 7.04, 59302
1648642100, 47, 120, 469, 402, 0, 2.02%, 0, 22, 8, 1.08, 59557
1648642121, 47, 120, 469, 402, 0, 2.02%, 0, 23, 8, 1.23, 59584
1648642152, 47, 221, 469, 402, 0, 2.02%, 0, 23, 8, 10.75, 59738
1648642210, 47, 221, 471, 404, 0, 2.02%, 0, 23, 8, 18.98, 60307
1648642215, 47, 343, 472, 404, 1, 2.02%, 0, 23, 8, 0.00, 60328
1648642230, 47, 343, 473, 405, 1, 2.02%, 0, 23, 8, 7.62, 60429
1648642241, 47, 343, 475, 407, 1, 2.02%, 0, 23, 8, 7.98, 60513
1648642369, 48, 140, 475, 406, 0, 2.02%, 0, 23, 8, 10.70, 61566
1648642410, 48, 140, 476, 407, 0, 2.02%, 0, 23, 8, 11.90, 62051
1648642415, 49, 22, 476, 406, 0, 2.02%, 0, 23, 8, 12.78, 62115
1648642436, 49, 22, 476, 406, 0, 2.02%, 0, 24, 8, 1.00, 62333
1648642447, 49, 357, 476, 405, 0, 2.02%, 0, 24, 8, 7.01, 62410
1648642540, 49, 435, 476, 404, 0, 2.02%, 0, 24, 8, 4.22, 62988
1648642576, 49, 435, 477, 405, 0, 2.02%, 0, 24, 8, 6.03, 63209
1648642586, 49, 435, 478, 406, 0, 2.02%, 0, 24, 8, 5.93, 63268
1648642685, 49, 443, 478, 406, 1, 2.02%, 0, 24, 8, 4.57, 63893
1648642756, 49, 443, 479, 407, 1, 2.02%, 0, 24, 8, 6.99, 64480
1648642762, 49, 443, 480, 408, 1, 2.02%, 0, 24, 8, 6.25, 64510
1648642767, 49, 443, 481, 409, 1, 2.02%, 0, 24, 8, 5.84, 64539
1648642844, 49, 443, 482, 410, 1, 2.02%, 0, 24, 8, 7.71, 65106
1648642864, 50, 273, 482, 409, 2, 2.02%, 0, 24, 8, 8.29, 65263
1648642874, 50, 273, 483, 410, 2, 2.02%, 0, 24, 8, 7.36, 65339
1648642879, 50, 273, 484, 411, 2, 2.02%, 0, 24, 8, 7.60, 65377
1648642942, 50, 273, 485, 412, 2, 2.02%, 0, 24, 8, 7.18, 65825
1648642962, 50, 273, 486, 413, 2, 2.03%, 0, 24, 8, 7.11, 65969
1648642988, 51, 247, 486, 412, 0, 2.03%, 0, 24, 8, 10.26, 66167
1648643083, 51, 247, 486, 412, 0, 2.03%, 0, 25, 8, 1.58, 66501
1648643191, 51, 300, 486, 411, 0, 2.03%, 0, 25, 8, 7.43, 66717
1648643237, 51, 300, 487, 412, 0, 2.03%, 0, 25, 8, 6.47, 67073
1648643252, 51, 300, 488, 413, 0, 2.03%, 0, 25, 8, 6.43, 67163
1648643299, 51, 300, 489, 414, 0, 2.03%, 0, 25, 8, 6.81, 67490
1648643314, 51, 300, 490, 415, 0, 2.03%, 0, 25, 8, 6.83, 67590
1648643319, 52, 23, 490, 414, 2, 2.03%, 0, 25, 8, 7.72, 67628
1648643335, 52, 23, 491, 415, 2, 2.03%, 0, 25, 8, 12.41, 67816
1648643340, 52, 23, 492, 416, 2, 2.03%, 0, 25, 8, 12.72, 67873
1648643345, 52, 328, 492, 415, 3, 2.03%, 0, 25, 8, 0.00, 67925
1648643406, 52, 328, 494, 417, 3, 2.04%, 0, 25, 8, 7.71, 68473
1648643411, 52, 328, 496, 419, 3, 2.04%, 0, 25, 8, 7.84, 68513
1648643417, 52, 328, 497, 420, 3, 2.04%, 0, 25, 8, 8.39, 68555
1648643422, 52, 328, 498, 421, 3, 2.04%, 0, 25, 8, 7.61, 68591
1648643432, 52, 328, 499, 422, 3, 2.04%, 0, 25, 8, 6.79, 68662
1648643483, 52, 328, 500, 423, 3, 2.04%, 0, 25, 8, 8.01, 69082
1648643499, 53, 307, 500, 422, 3, 2.04%, 0, 25, 8, 6.29, 69191
1648643586, 53, 307, 501, 423, 3, 2.04%, 0, 25, 8, 6.68, 69800
1648643591, 53, 307, 502, 424, 3, 2.04%, 0, 25, 8, 6.84, 69835
1648643602, 53, 307, 504, 426, 3, 2.04%, 0, 25, 8, 6.98, 69907
1648643622, 53, 307, 505, 427, 3, 2.04%, 0, 25, 8, 6.32, 70038
1648643638, 53, 307, 506, 428, 3, 2.04%, 0, 25, 8, 6.31, 70148
1648643658, 53, 307, 507, 429, 3, 2.05%, 0, 25, 8, 7.37, 70293
1648643673, 53, 307, 508, 430, 3, 2.05%, 0, 25, 8, 6.77, 70397
1648643705, 53, 353, 508, 429, 2, 2.05%, 0, 25, 8, 7.12, 70594
1648643782, 53, 353, 509, 430, 2, 2.05%, 0, 25, 8, 7.11, 71103
1648643813, 53, 353, 510, 431, 2, 2.05%, 0, 25, 8, 7.06, 71314
1648643838, 53, 444, 510, 430, 2, 2.05%, 0, 25, 8, 5.55, 71480
1648643858, 53, 444, 511, 431, 2, 2.05%, 0, 25, 8, 6.36, 71610
1648643935, 53, 444, 512, 432, 2, 2.05%, 0, 25, 8, 6.29, 72115
1648643940, 53, 444, 513, 433, 2, 2.07%, 0, 25, 8, 6.41, 72149
1648643951, 53, 444, 515, 435, 2, 2.09%, 0, 25, 8, 6.91, 72218
1648643987, 54, 338, 515, 434, 0, 2.09%, 0, 25, 8, 8.27, 72470
1648644068, 55, 321, 516, 434, 0, 2.09%, 0, 25, 8, 4.49, 73320
1648644269, 56, 217, 516, 433, 0, 2.09%, 0, 25, 8, 6.91, 74642
1648644327, 56, 217, 517, 434, 0, 2.10%, 0, 25, 8, 11.50, 74989
1648644333, 56, 217, 518, 435, 0, 2.10%, 0, 25, 8, 1.00, 75039
1648644360, 56, 217, 518, 435, 0, 2.10%, 0, 26, 8, 2.36, 75130
1648644381, 56, 388, 519, 435, 2, 2.10%, 0, 26, 8, 0.00, 75235
1648644427, 56, 388, 520, 436, 2, 2.10%, 0, 26, 8, 9.08, 75667
1648644509, 57, 274, 520, 435, 1, 2.10%, 0, 26, 8, 5.67, 76432
1648644545, 57, 274, 521, 436, 1, 2.10%, 0, 26, 8, 7.81, 76718
1648644565, 57, 274, 524, 439, 1, 2.10%, 0, 26, 8, 6.88, 76870
1648644581, 57, 274, 525, 440, 1, 2.10%, 0, 26, 8, 6.75, 76968
1648644663, 57, 274, 526, 441, 1, 2.10%, 0, 26, 8, 6.05, 77586
1648644673, 58, 224, 526, 440, 0, 2.10%, 0, 26, 8, 21.28, 77695
1648644679, 58, 224, 527, 441, 0, 2.10%, 0, 26, 8, 1.05, 77742
1648644701, 58, 224, 528, 442, 0, 2.10%, 0, 26, 8, 13.40, 77908
1648644711, 58, 224, 529, 443, 0, 2.10%, 0, 26, 8, 15.87, 77990
1648644728, 58, 224, 530, 444, 0, 2.10%, 0, 26, 8, 1.00, 78101
1648644756, 58, 347, 530, 443, 0, 2.10%, 0, 26, 8, 0.98, 78247
1648645056, 58, 347, 531, 444, 0, 2.10%, 0, 26, 8, 7.45, 78927
1648645077, 58, 347, 531, 444, 0, 2.10%, 0, 27, 8, 0.97, 79015
1648645109, 59, 317, 531, 443, 0, 2.10%, 0, 27, 8, 6.07, 79095
1648645165, 59, 317, 532, 444, 0, 2.10%, 0, 27, 8, 6.78, 79509
1648645181, 59, 317, 533, 445, 0, 2.10%, 0, 27, 8, 5.97, 79599
1648645191, 59, 317, 535, 447, 0, 2.10%, 0, 27, 8, 6.53, 79669
1648645217, 59, 317, 536, 448, 0, 2.10%, 0, 27, 8, 6.74, 79851
1648645269, 59, 317, 538, 450, 0, 2.10%, 0, 27, 8, 6.74, 80153
1648645289, 59, 417, 538, 449, 2, 2.10%, 0, 27, 8, 10.83, 80297
1648645310, 59, 417, 539, 450, 2, 2.10%, 0, 27, 8, 10.42, 80517
1648645397, 59, 418, 539, 449, 2, 2.10%, 0, 27, 8, 8.18, 81521
1648645403, 59, 418, 541, 451, 2, 2.10%, 0, 27, 8, 9.61, 81574
1648645408, 59, 418, 542, 452, 2, 2.10%, 0, 27, 8, 9.92, 81625
1648645449, 59, 418, 543, 453, 2, 2.10%, 0, 27, 8, 10.25, 82047
1648645551, 59, 418, 544, 454, 2, 2.10%, 0, 27, 8, 10.47, 83145
1648645562, 59, 418, 545, 455, 2, 2.11%, 0, 27, 8, 10.18, 83252
1648645567, 60, 381, 545, 454, 6, 2.11%, 0, 27, 8, 8.00, 83298
1648645634, 60, 381, 546, 455, 6, 2.11%, 0, 27, 8, 5.57, 83769
1648645639, 60, 381, 547, 456, 6, 2.11%, 0, 27, 8, 6.31, 83803
1648645685, 60, 381, 548, 457, 6, 2.11%, 0, 27, 8, 5.85, 84061
1648645700, 60, 381, 549, 458, 6, 2.11%, 0, 27, 8, 7.49, 84175
1648645706, 60, 432, 549, 457, 5, 2.11%, 0, 27, 8, 7.17, 84209
1648645756, 60, 432, 550, 458, 5, 2.11%, 0, 27, 9, 7.55, 84593
1648645761, 60, 432, 551, 459, 5, 2.11%, 0, 27, 9, 7.59, 84631
1648645767, 60, 432, 552, 460, 5, 2.11%, 0, 27, 9, 7.59, 84670
1648645910, 60, 432, 553, 461, 5, 2.29%, 0, 27, 9, 7.79, 85777
1648645972, 60, 432, 554, 462, 5, 2.29%, 0, 27, 9, 7.42, 86252
1648645988, 60, 432, 555, 463, 5, 2.29%, 0, 27, 9, 7.71, 86370
1648646024, 61, 265, 555, 462, 0, 2.29%, 0, 27, 9, 0.00, 86658
1648646075, 61, 265, 556, 463, 0, 2.33%, 0, 27, 9, 5.27, 86998
1648646132, 61, 265, 557, 464, 0, 2.33%, 0, 27, 9, 5.85, 87337
1648646137, 61, 265, 558, 465, 0, 2.33%, 0, 27, 9, 5.45, 87365
1648646168, 61, 335, 558, 464, 0, 2.33%, 0, 27, 9, 2.65, 87556
1648646318, 62, 277, 558, 463, 0, 2.33%, 0, 27, 9, 10.66, 88453
1648646426, 62, 281, 559, 463, 0, 2.33%, 0, 27, 9, 12.43, 89618
1648646463, 62, 281, 560, 464, 0, 2.33%, 0, 27, 9, 17.92, 89974
1648646478, 62, 283, 560, 463, 0, 2.33%, 0, 27, 9, 30.97, 90078
1648646510, 62, 283, 561, 464, 0, 2.33%, 0, 27, 9, 16.35, 90328
1648646567, 63, 68, 562, 464, 0, 2.33%, 0, 27, 9, 16.39, 90666
1648646572, 63, 68, 563, 465, 0, 2.33%, 0, 27, 9, 15.17, 90742
1648646587, 63, 329, 563, 464, 0, 2.33%, 0, 27, 9, 4.99, 90924
1648646674, 63, 329, 564, 465, 0, 2.33%, 0, 27, 9, 7.26, 91652
1648646704, 63, 329, 565, 466, 0, 2.33%, 0, 27, 9, 8.18, 91903
1648646709, 63, 329, 566, 467, 0, 2.33%, 0, 27, 9, 7.95, 91943
1648646715, 63, 329, 567, 468, 0, 2.33%, 0, 27, 9, 7.53, 91981
1648646735, 63, 329, 568, 469, 0, 2.33%, 0, 27, 9, 7.57, 92144
1648646740, 63, 490, 568, 468, 1, 2.33%, 0, 27, 9, 8.39, 92186
1648646808, 64, 318, 568, 467, 0, 2.33%, 0, 27, 9, 5.16, 92753
1648646859, 64, 318, 569, 468, 0, 2.33%, 0, 27, 9, 6.49, 93116
1648646900, 64, 318, 570, 469, 0, 2.33%, 0, 27, 9, 6.26, 93386
1648646941, 65, 24, 570, 468, 0, 2.33%, 0, 27, 9, 1.00, 93668
1648647066, 65, 403, 570, 467, 0, 2.33%, 0, 27, 9, 4.62, 93913
1648647193, 66, 27, 570, 466, 0, 2.33%, 0, 27, 9, 7.44, 94501
1648647224, 66, 461, 571, 466, 0, 2.34%, 0, 27, 9, 0.00, 94796
1648647463, 66, 462, 571, 465, 0, 2.34%, 0, 27, 9, 5.68, 96127
1648647696, 67, 286, 571, 464, 0, 2.34%, 0, 27, 9, 0.97, 97449
1648647702, 67, 286, 572, 465, 0, 2.34%, 0, 27, 9, 4.20, 97492
1648647708, 67, 286, 573, 466, 0, 2.34%, 0, 27, 9, 3.44, 97543
1648647734, 67, 286, 574, 467, 0, 2.34%, 0, 27, 9, 16.99, 97778
1648647755, 67, 286, 575, 468, 0, 2.34%, 0, 27, 9, 2.71, 97931
1648647766, 68, 60, 575, 467, 0, 2.34%, 0, 27, 9, 12.89, 98065
1648647803, 68, 136, 575, 466, 0, 2.34%, 0, 27, 9, 13.19, 98301
1648647941, 68, 344, 575, 465, 0, 2.34%, 0, 27, 9, 9.91, 98876
1648648008, 68, 344, 576, 466, 0, 2.34%, 0, 27, 9, 6.68, 99415
1648648018, 68, 344, 577, 467, 0, 2.34%, 0, 27, 9, 7.72, 99491
1648648023, 68, 344, 578, 468, 0, 2.34%, 0, 27, 9, 6.65, 99524
1648648080, 68, 344, 579, 469, 0, 2.34%, 0, 27, 9, 7.35, 99970
1648648095, 69, 267, 579, 469, 0, 2.34%, 0, 27, 9, 8.68, 100100
1648648244, 69, 397, 579, 468, 0, 2.34%, 0, 27, 9, 5.35, 101257
1648648316, 69, 397, 580, 469, 0, 2.34%, 0, 27, 9, 6.95, 101809
1648648347, 69, 397, 581, 470, 0, 2.34%, 0, 27, 9, 7.41, 102033
1648648352, 69, 397, 582, 471, 0, 2.34%, 0, 27, 9, 7.12, 102069
1648648409, 70, 309, 582, 470, 0, 2.34%, 0, 27, 9, 4.46, 102485
1648648554, 70, 378, 582, 470, 0, 2.34%, 0, 27, 9, 0.00, 103343
1648648683, 70, 378, 583, 471, 0, 2.34%, 0, 27, 9, 5.63, 104121
1648648704, 70, 385, 583, 470, 0, 2.34%, 0, 27, 9, 9.15, 104256
1648648735, 70, 385, 584, 471, 0, 2.34%, 0, 27, 9, 9.09, 104542
1648648776, 70, 385, 585, 472, 0, 2.34%, 0, 27, 9, 7.38, 104874
1648648781, 70, 385, 586, 473, 0, 2.34%, 0, 27, 9, 7.36, 104912
1648648786, 70, 385, 587, 474, 0, 2.34%, 0, 27, 9, 6.52, 104942
1648648791, 70, 385, 588, 475, 0, 2.34%, 0, 27, 9, 5.76, 104971
1648648838, 70, 385, 590, 477, 0, 2.34%, 0, 27, 9, 7.19, 105315
1648648843, 70, 385, 593, 480, 0, 2.34%, 0, 27, 9, 7.34, 105353
1648648848, 70, 385, 594, 481, 0, 2.34%, 0, 27, 9, 7.45, 105391
1648648858, 70, 385, 597, 484, 0, 2.34%, 0, 27, 9, 6.85, 105464
1648648869, 71, 290, 598, 484, 0, 2.34%, 0, 27, 9, 12.43, 105549
1648648884, 71, 290, 599, 485, 0, 2.34%, 0, 27, 9, 7.59, 105732
1648648911, 71, 290, 600, 486, 0, 2.34%, 0, 27, 9, 1.00, 105944
1648648927, 71, 290, 601, 487, 0, 2.34%, 0, 27, 9, 15.31, 106077
1648648932, 71, 446, 601, 486, 0, 2.34%, 0, 27, 9, 16.16, 106113
1648648963, 71, 446, 602, 487, 0, 2.35%, 0, 27, 9, 7.15, 106320
1648648984, 71, 446, 603, 488, 0, 2.35%, 0, 27, 9, 6.15, 106448
1648649020, 71, 446, 604, 489, 0, 2.35%, 0, 27, 9, 6.01, 106677
1648649061, 71, 446, 605, 490, 0, 2.35%, 0, 27, 9, 7.06, 106960
1648649076, 72, 136, 605, 489, 1, 2.35%, 0, 27, 9, 6.84, 107061
1648649148, 72, 402, 606, 490, 1, 2.35%, 0, 27, 9, 9.94, 107380
1648649153, 72, 402, 607, 491, 1, 2.35%, 0, 27, 9, 10.18, 107432
1648649184, 72, 402, 608, 492, 1, 2.35%, 0, 27, 9, 10.26, 107747
1648649205, 72, 402, 609, 493, 1, 2.36%, 0, 27, 9, 9.84, 107953
1648649225, 72, 402, 610, 494, 1, 2.36%, 0, 27, 9, 10.03, 108165
1648649230, 72, 402, 611, 495, 1, 2.36%, 0, 27, 9, 9.74, 108215
1648649276, 72, 504, 611, 494, 3, 2.36%, 0, 27, 9, 4.00, 108665
1648649572, 73, 243, 611, 493, 2, 2.36%, 0, 27, 9, 5.33, 109974
1648649583, 73, 243, 612, 494, 2, 2.36%, 0, 27, 9, 6.94, 110036
