# unix_time, cycles_done, cur_path, paths_total, pending_total, pending_favs, map_size, unique_crashes, unique_hangs, max_depth, execs_per_sec, total_execs
1648633529, 0, 0, 14, 14, 3, 1.08%, 0, 0, 2, 21.30, 169
1648633534, 0, 0, 18, 18, 3, 1.15%, 0, 0, 2, 16.87, 249
1648633540, 0, 0, 21, 21, 3, 1.15%, 0, 1, 2, 0.80, 300
1648633545, 0, 0, 24, 24, 3, 1.15%, 0, 1, 2, 10.03, 353
1648633550, 0, 0, 26, 26, 3, 1.16%, 0, 1, 2, 12.14, 414
1648633555, 0, 0, 32, 32, 3, 1.16%, 0, 1, 2, 13.38, 483
1648633560, 0, 0, 37, 37, 3, 1.16%, 0, 3, 2, 1.00, 542
1648633566, 0, 0, 40, 40, 3, 1.16%, 0, 3, 2, 8.24, 577
1648633572, 0, 0, 43, 43, 3, 1.16%, 0, 3, 2, 2.57, 610
1648633577, 0, 0, 47, 47, 3, 1.16%, 0, 3, 2, 16.03, 648
1648633582, 0, 0, 51, 51, 3, 1.16%, 0, 4, 2, 1.00, 691
1648633587, 0, 0, 53, 53, 3, 1.16%, 0, 4, 2, 10.15, 713
1648633593, 0, 0, 55, 55, 3, 1.16%, 0, 4, 2, 1.83, 742
1648633599, 0, 0, 56, 56, 3, 1.16%, 0, 5, 2, 14.48, 774
1648633604, 0, 0, 61, 61, 3, 1.18%, 0, 5, 2, 10.14, 835
1648633609, 0, 0, 63, 63, 3, 1.18%, 0, 5, 2, 13.31, 877
1648633614, 0, 62, 64, 63, 0, 1.18%, 0, 5, 3, 13.17, 944
1648633619, 0, 62, 65, 64, 0, 1.18%, 0, 5, 3, 12.78, 1011
1648633624, 0, 62, 68, 67, 0, 1.18%, 0, 5, 3, 8.03, 1059
1648633629, 0, 62, 73, 72, 0, 1.18%, 0, 5, 3, 10.32, 1118
1648633634, 0, 62, 75, 74, 0, 1.18%, 0, 5, 3, 10.68, 1175
1648633640, 0, 62, 79, 78, 0, 1.18%, 0, 5, 3, 11.59, 1237
1648633645, 0, 62, 81, 80, 0, 1.18%, 0, 5, 3, 10.89, 1295
1648633650, 0, 62, 83, 82, 0, 1.18%, 0, 5, 3, 11.52, 1356
1648633655, 0, 62, 87, 86, 0, 1.18%, 0, 5, 3, 11.06, 1412
1648633660, 1, 0, 90, 88, 2, 1.19%, 0, 6, 3, 14.20, 1478
1648633665, 1, 0, 91, 89, 2, 1.19%, 0, 6, 3, 1.00, 1532
1648633671, 1, 0, 92, 90, 2, 1.21%, 0, 6, 3, 2.69, 1580
1648633676, 1, 0, 95, 93, 2, 1.21%, 0, 6, 3, 24.84, 1626
1648633682, 1, 0, 96, 94, 2, 1.22%, 0, 6, 3, 16.08, 1649
1648633687, 1, 0, 97, 95, 2, 1.22%, 0, 6, 3, 15.76, 1673
1648633698, 1, 0, 98, 96, 2, 1.22%, 0, 6, 3, 6.24, 1733
1648633703, 1, 0, 100, 98, 2, 1.22%, 0, 6, 3, 11.70, 1790
1648633709, 1, 0, 103, 101, 2, 1.23%, 0, 6, 3, 2.65, 1851
1648633714, 1, 0, 104, 102, 2, 1.23%, 0, 6, 3, 16.33, 1871
1648633720, 1, 0, 107, 105, 2, 1.23%, 0, 6, 3, 3.44, 1922
1648633725, 2, 26, 107, 105, 0, 1.23%, 0, 6, 3, 17.27, 1964
1648633730, 2, 26, 109, 107, 0, 1.23%, 0, 6, 3, 16.18, 2051
1648633735, 2, 26, 112, 110, 0, 1.23%, 0, 6, 3, 17.93, 2145
1648633740, 2, 26, 116, 114, 0, 1.23%, 0, 6, 3, 15.49, 2227
1648633746, 2, 26, 116, 114, 0, 1.23%, 0, 7, 3, 2.60, 2282
1648633751, 2, 26, 117, 115, 0, 1.23%, 0, 7, 3, 4.21, 2300
1648633757, 3, 116, 117, 114, 1, 1.23%, 0, 7, 3, 8.41, 2353
1648633767, 3, 116, 119, 116, 1, 1.23%, 0, 7, 4, 9.60, 2457
1648633782, 3, 116, 120, 117, 1, 1.23%, 0, 7, 4, 9.94, 2610
1648633787, 3, 116, 121, 118, 1, 1.24%, 0, 7, 4, 9.87, 2661
1648633792, 3, 116, 123, 120, 1, 1.24%, 0, 7, 4, 9.37, 2708
1648633797, 4, 41, 123, 119, 0, 1.24%, 0, 7, 4, 0.97, 2751
1648633813, 4, 41, 125, 121, 0, 1.26%, 0, 7, 4, 0.97, 2826
1648633819, 4, 41, 125, 121, 0, 1.26%, 0, 8, 4, 1.07, 2835
1648633846, 4, 41, 125, 121, 0, 1.26%, 0, 9, 4, 14.46, 2912
1648633868, 5, 27, 125, 120, 0, 1.26%, 0, 9, 4, 21.39, 3122
1648633873, 5, 27, 126, 121, 0, 1.27%, 0, 9, 4, 19.75, 3213
1648633878, 5, 51, 127, 121, 0, 1.27%, 0, 9, 4, 18.21, 3302
1648633883, 5, 51, 128, 122, 0, 1.27%, 0, 9, 4, 11.44, 3351
1648633898, 5, 51, 129, 123, 0, 1.27%, 0, 9, 4, 7.42, 3465
1648633904, 5, 51, 130, 124, 0, 1.27%, 0, 9, 4, 7.28, 3503
1648633919, 6, 27, 130, 123, 0, 1.27%, 0, 9, 4, 11.18, 3640
1648633945, 6, 58, 131, 124, 0, 1.27%, 0, 9, 4, 37.42, 4011
1648633950, 6, 93, 132, 124, 0, 1.27%, 0, 9, 4, 0.00, 4185
1648633955, 6, 93, 134, 126, 0, 1.28%, 0, 9, 4, 10.96, 4252
1648633971, 6, 93, 136, 128, 0, 1.31%, 0, 9, 4, 13.65, 4453
1648633976, 6, 93, 140, 132, 0, 1.34%, 0, 9, 4, 13.10, 4520
1648633981, 6, 93, 142, 134, 0, 1.37%, 0, 9, 4, 13.00, 4586
1648633986, 6, 93, 143, 135, 0, 1.37%, 0, 9, 4, 13.09, 4652
1648633991, 6, 93, 144, 136, 0, 1.39%, 0, 9, 4, 13.65, 4723
1648634001, 6, 125, 144, 135, 0, 1.39%, 0, 9, 4, 19.09, 4882
1648634017, 6, 125, 144, 135, 0, 1.39%, 0, 10, 4, 19.33, 5176
1648634022, 6, 125, 144, 135, 0, 1.39%, 0, 12, 4, 14.21, 5211
1648634027, 6, 125, 145, 136, 0, 1.39%, 0, 12, 4, 15.52, 5276
1648634032, 6, 125, 146, 137, 0, 1.39%, 0, 12, 4, 15.73, 5345
1648634037, 6, 125, 148, 139, 0, 1.39%, 0, 12, 4, 14.53, 5420
1648634042, 7, 3, 148, 138, 2, 1.39%, 0, 12, 4, 12.50, 5478
1648634052, 7, 3, 149, 139, 2, 1.39%, 0, 12, 4, 13.20, 5592
1648634073, 7, 38, 150, 139, 0, 1.39%, 0, 12, 4, 16.30, 5770
1648634088, 8, 3, 154, 142, 7, 1.42%, 0, 12, 4, 25.53, 6062
1648634093, 8, 3, 155, 143, 7, 1.42%, 0, 12, 4, 1.16, 6103
1648634099, 8, 3, 156, 144, 7, 1.42%, 0, 12, 4, 1.00, 6140
1648634105, 8, 3, 157, 145, 7, 1.42%, 0, 12, 4, 1.75, 6160
1648634110, 8, 3, 159, 147, 7, 1.42%, 0, 12, 4, 1.72, 6190
1648634121, 8, 3, 162, 150, 7, 1.42%, 0, 12, 4, 3.48, 6269
1648634126, 8, 3, 166, 154, 7, 1.43%, 0, 12, 4, 13.61, 6352
1648634132, 8, 3, 167, 155, 7, 1.44%, 0, 12, 4, 1.81, 6409
1648634137, 8, 3, 169, 157, 7, 1.44%, 0, 12, 4, 20.27, 6469
1648634143, 8, 157, 171, 159, 0, 1.44%, 0, 12, 4, 17.02, 6537
1648634158, 8, 157, 172, 160, 0, 1.44%, 0, 12, 4, 15.34, 6773
1648634163, 8, 157, 173, 161, 0, 1.44%, 0, 12, 4, 13.55, 6842
1648634168, 8, 157, 176, 164, 0, 1.44%, 0, 12, 4, 10.50, 6890
1648634178, 8, 157, 179, 167, 0, 1.48%, 0, 12, 4, 10.25, 7001
1648634183, 8, 157, 181, 169, 0, 1.50%, 0, 12, 4, 8.76, 7043
1648634194, 8, 157, 182, 170, 0, 1.50%, 0, 12, 4, 12.27, 7165
1648634199, 8, 157, 183, 171, 0, 1.50%, 0, 12, 4, 9.49, 7211
1648634209, 8, 157, 184, 172, 0, 1.50%, 0, 12, 4, 11.74, 7335
1648634214, 8, 157, 185, 173, 0, 1.50%, 0, 12, 4, 13.03, 7403
1648634219, 8, 157, 186, 174, 0, 1.50%, 0, 12, 4, 11.67, 7461
1648634225, 8, 157, 187, 175, 0, 1.50%, 0, 12, 4, 12.15, 7526
1648634230, 9, 156, 188, 175, 0, 1.50%, 0, 12, 4, 13.60, 7594
1648634235, 9, 156, 190, 177, 0, 1.50%, 0, 12, 4, 12.94, 7656
1648634240, 9, 156, 191, 178, 0, 1.51%, 0, 12, 4, 14.01, 7728
1648634250, 9, 156, 193, 180, 0, 1.51%, 0, 12, 4, 14.88, 7878
1648634255, 9, 156, 194, 181, 0, 1.51%, 0, 12, 4, 14.12, 7948
1648634265, 9, 156, 196, 183, 0, 1.55%, 0, 12, 4, 14.82, 8097
1648634271, 9, 156, 200, 187, 0, 1.55%, 0, 12, 4, 14.99, 8174
1648634276, 9, 156, 203, 190, 0, 1.55%, 0, 12, 4, 13.48, 8242
1648634286, 9, 156, 204, 191, 0, 1.55%, 0, 12, 4, 14.35, 8391
1648634301, 9, 156, 206, 193, 0, 1.56%, 0, 12, 4, 14.40, 8631
1648634306, 9, 156, 207, 194, 0, 1.57%, 0, 12, 4, 13.12, 8698
1648634311, 9, 187, 208, 194, 0, 1.57%, 0, 12, 4, 15.24, 8779
1648634316, 9, 187, 211, 197, 0, 1.57%, 0, 12, 4, 11.27, 8832
1648634321, 9, 187, 214, 200, 0, 1.57%, 0, 12, 4, 11.30, 8889
1648634332, 9, 187, 215, 201, 0, 1.57%, 0, 12, 4, 10.76, 9003
1648634337, 9, 187, 216, 202, 0, 1.57%, 0, 12, 4, 10.82, 9057
1648634347, 9, 187, 217, 203, 0, 1.71%, 0, 12, 4, 9.94, 9162
1648634378, 9, 187, 218, 204, 0, 1.71%, 0, 12, 4, 11.27, 9523
1648634383, 9, 187, 219, 205, 0, 1.71%, 0, 12, 4, 12.00, 9585
1648634388, 9, 187, 220, 206, 0, 1.71%, 0, 12, 4, 12.25, 9648
1648634393, 9, 187, 221, 207, 0, 1.71%, 0, 12, 4, 11.04, 9705
1648634409, 10, 195, 222, 207, 0, 1.71%, 0, 12, 4, 12.71, 9855
1648634429, 11, 113, 222, 206, 1, 1.71%, 0, 12, 4, 13.15, 10169
1648634450, 11, 113, 223, 207, 1, 1.71%, 0, 12, 4, 8.96, 10366
1648634455, 11, 113, 224, 208, 1, 1.71%, 0, 12, 4, 9.88, 10416
1648634465, 12, 119, 224, 207, 1, 1.71%, 0, 12, 4, 10.69, 10522
1648634496, 12, 119, 225, 208, 1, 1.71%, 0, 12, 5, 16.53, 11039
1648634501, 12, 190, 225, 207, 1, 1.71%, 0, 12, 5, 10.29, 11116
1648634526, 12, 190, 226, 208, 1, 1.71%, 0, 12, 5, 11.42, 11443
1648634537, 12, 190, 228, 210, 1, 1.71%, 0, 12, 5, 9.69, 11545
1648634547, 12, 190, 229, 211, 1, 1.72%, 0, 12, 5, 9.78, 11634
1648634552, 12, 190, 231, 213, 1, 1.72%, 0, 12, 5, 10.04, 11685
1648634562, 12, 190, 232, 214, 1, 1.72%, 0, 12, 5, 9.07, 11789
1648634567, 12, 190, 233, 215, 1, 1.75%, 0, 12, 5, 10.81, 11844
1648634573, 12, 190, 234, 216, 1, 1.75%, 0, 12, 5, 12.34, 11910
1648634583, 12, 190, 235, 217, 1, 1.75%, 0, 12, 5, 8.98, 12017
1648634593, 12, 190, 237, 219, 1, 1.76%, 0, 12, 5, 8.53, 12095
1648634609, 13, 126, 237, 218, 1, 1.76%, 0, 12, 5, 14.14, 12277
1648634619, 13, 126, 238, 219, 1, 1.76%, 0, 12, 5, 14.48, 12442
1648634629, 13, 126, 240, 221, 1, 1.76%, 0, 12, 5, 11.09, 12557
1648634634, 13, 126, 241, 222, 1, 1.76%, 0, 12, 5, 10.64, 12610
1648634640, 13, 126, 244, 225, 1, 1.76%, 0, 12, 5, 10.20, 12663
1648634665, 14, 157, 245, 225, 0, 1.76%, 0, 12, 5, 12.41, 12917
1648634681, 14, 157, 246, 226, 0, 1.76%, 0, 12, 5, 12.05, 13090
1648634691, 14, 157, 247, 227, 0, 1.76%, 0, 12, 5, 13.64, 13226
1648634696, 14, 157, 248, 228, 0, 1.76%, 0, 12, 5, 13.19, 13293
1648634706, 14, 157, 249, 229, 0, 1.76%, 0, 12, 5, 10.78, 13415
1648634711, 14, 157, 250, 230, 0, 1.76%, 0, 12, 5, 11.39, 13475
1648634717, 14, 157, 251, 231, 0, 1.77%, 0, 12, 5, 11.11, 13532
1648634747, 14, 157, 252, 232, 0, 1.77%, 0, 12, 5, 13.01, 13920
1648634752, 15, 92, 253, 233, 0, 1.77%, 0, 12, 5, 17.54, 14000
1648634768, 15, 139, 254, 233, 4294967295, 1.78%, 0, 12, 5, 6.83, 14414
1648634773, 15, 139, 256, 235, 4294967295, 1.78%, 0, 12, 5, 11.23, 14480
1648634778, 15, 139, 258, 237, 4294967295, 1.78%, 0, 12, 5, 12.97, 14550
1648634783, 15, 139, 259, 238, 4294967295, 1.78%, 0, 12, 5, 13.63, 14620
1648634788, 15, 139, 260, 239, 4294967295, 1.78%, 0, 12, 5, 13.22, 14686
1648634793, 15, 139, 261, 240, 4294967295, 1.78%, 0, 12, 5, 13.75, 14758
1648634798, 15, 139, 262, 241, 4294967295, 1.78%, 0, 12, 5, 13.19, 14824
1648634814, 15, 139, 264, 243, 4294967295, 1.78%, 0, 12, 5, 13.77, 15032
1648634824, 15, 146, 264, 242, 2, 1.78%, 0, 12, 5, 15.69, 15183
1648634856, 15, 146, 266, 244, 2, 1.78%, 0, 12, 5, 2.54, 15584
1648634862, 15, 146, 267, 245, 2, 1.78%, 0, 13, 5, 1.03, 15616
1648634867, 15, 146, 268, 246, 2, 1.78%, 0, 13, 5, 9.86, 15647
1648634921, 15, 146, 269, 247, 2, 1.78%, 0, 13, 5, 9.48, 15984
1648634937, 15, 146, 270, 248, 2, 1.79%, 0, 13, 5, 6.76, 16081
1648634942, 15, 146, 271, 249, 2, 1.79%, 0, 13, 5, 7.16, 16100
1648634947, 15, 146, 272, 250, 2, 1.79%, 0, 13, 5, 6.77, 16130
1648634963, 15, 146, 274, 252, 2, 1.79%, 0, 13, 5, 7.72, 16221
1648634973, 15, 146, 275, 253, 2, 1.79%, 0, 13, 5, 10.26, 16281
1648635000, 15, 176, 277, 254, 0, 1.79%, 0, 13, 5, 0.00, 16420
1648635051, 15, 178, 280, 256, 0, 1.79%, 0, 13, 5, 10.22, 17040
1648635056, 15, 178, 282, 258, 0, 1.79%, 0, 13, 5, 10.40, 17097
1648635061, 15, 178, 284, 260, 0, 1.79%, 0, 13, 5, 11.08, 17154
1648635066, 15, 178, 286, 262, 0, 1.79%, 0, 13, 5, 11.43, 17210
1648635071, 15, 178, 287, 263, 0, 1.79%, 0, 13, 5, 12.01, 17272
1648635081, 15, 178, 288, 264, 0, 1.79%, 0, 13, 5, 10.49, 17387
1648635087, 15, 178, 290, 266, 0, 1.79%, 0, 13, 5, 8.66, 17427
1648635092, 15, 178, 291, 267, 0, 1.79%, 0, 13, 5, 10.90, 17487
1648635097, 15, 178, 294, 270, 0, 1.79%, 0, 13, 5, 10.22, 17539
1648635102, 15, 178, 295, 271, 0, 1.79%, 0, 13, 5, 10.97, 17595
1648635112, 15, 178, 296, 272, 0, 1.80%, 0, 13, 5, 10.57, 17699
1648635117, 15, 178, 297, 273, 0, 1.80%, 0, 13, 5, 8.80, 17742
1648635123, 15, 178, 298, 274, 0, 1.80%, 0, 13, 5, 9.99, 17793
1648635128, 15, 231, 300, 275, 0, 1.80%, 0, 13, 5, 4.85, 17833
1648635174, 15, 231, 302, 277, 0, 1.80%, 0, 13, 5, 7.29, 18205
1648635189, 15, 231, 303, 278, 0, 1.80%, 0, 13, 5, 6.88, 18316
1648635215, 15, 231, 304, 279, 0, 1.80%, 0, 13, 5, 7.14, 18498
1648635225, 15, 231, 305, 280, 0, 1.80%, 0, 13, 5, 6.84, 18565
1648635256, 16, 6, 305, 279, 2, 1.80%, 0, 13, 5, 8.07, 18792
1648635273, 16, 6, 305, 279, 2, 1.80%, 0, 14, 5, 12.15, 18901
1648635278, 16, 6, 306, 280, 2, 1.80%, 0, 14, 5, 10.97, 18941
1648635283, 16, 69, 307, 280, 1, 1.80%, 0, 14, 5, 11.61, 19000
1648635309, 17, 6, 308, 280, 1, 1.80%, 0, 14, 5, 9.85, 19307
1648635320, 17, 6, 309, 281, 1, 1.80%, 0, 14, 5, 13.66, 19376
1648635330, 17, 6, 309, 281, 1, 1.80%, 0, 15, 5, 17.49, 19493
1648635346, 17, 271, 309, 281, 0, 1.80%, 0, 15, 5, 22.31, 19602
1648635413, 17, 271, 310, 282, 0, 1.80%, 0, 15, 6, 6.25, 20055
1648635439, 17, 271, 311, 283, 0, 1.80%, 0, 15, 6, 6.24, 20221
1648635455, 17, 271, 313, 285, 0, 1.80%, 0, 15, 6, 6.22, 20320
1648635460, 17, 271, 314, 286, 0, 1.80%, 0, 15, 6, 5.54, 20348
1648635465, 17, 271, 315, 287, 0, 1.80%, 0, 15, 6, 4.97, 20374
1648635470, 17, 271, 316, 288, 0, 1.80%, 0, 15, 6, 4.31, 20395
1648635491, 17, 271, 317, 289, 0, 1.86%, 0, 15, 6, 6.63, 20517
1648635496, 18, 177, 317, 288, 1, 1.86%, 0, 15, 6, 7.96, 20549
1648635526, 18, 177, 318, 289, 1, 1.86%, 0, 15, 6, 7.75, 20789
1648635552, 18, 202, 318, 288, 0, 1.86%, 0, 15, 6, 8.84, 21000
1648635588, 18, 202, 319, 289, 0, 1.86%, 0, 15, 6, 11.04, 21402
1648635603, 18, 202, 320, 290, 0, 1.86%, 0, 15, 6, 10.78, 21571
1648635608, 19, 177, 320, 289, 2, 1.86%, 0, 15, 6, 5.56, 21617
1648635629, 19, 177, 321, 290, 2, 1.86%, 0, 15, 6, 6.94, 21781
1648635634, 19, 177, 322, 291, 2, 1.86%, 0, 15, 6, 6.16, 21811
1648635639, 19, 177, 323, 292, 2, 1.86%, 0, 15, 6, 6.71, 21846
1648635655, 19, 177, 324, 293, 2, 1.86%, 0, 15, 6, 5.90, 21953
1648635660, 19, 177, 325, 294, 2, 1.86%, 0, 15, 6, 5.56, 21983
1648635665, 19, 177, 326, 295, 2, 1.86%, 0, 15, 6, 5.44, 22011
1648635681, 20, 277, 326, 295, 0, 1.86%, 0, 15, 6, 7.19, 22118
1648635778, 21, 111, 326, 294, 0, 1.86%, 0, 15, 6, 11.60, 22980
1648635804, 21, 179, 327, 294, 0, 1.86%, 0, 15, 6, 4.39, 23307
1648635897, 22, 122, 327, 293, 0, 1.86%, 0, 15, 6, 10.97, 23985
1648635917, 22, 122, 328, 294, 0, 1.86%, 0, 15, 6, 14.05, 24257
1648635927, 22, 122, 329, 295, 0, 1.86%, 0, 15, 6, 14.26, 24405
1648635938, 23, 51, 329, 294, 0, 1.86%, 0, 15, 6, 13.26, 24548
1648635948, 23, 51, 331, 296, 0, 1.86%, 0, 15, 6, 10.92, 24654
1648635958, 23, 51, 332, 297, 0, 1.86%, 0, 15, 6, 11.03, 24755
1648635969, 23, 186, 332, 297, 0, 1.86%, 0, 15, 6, 12.48, 24875
1648635984, 23, 186, 333, 298, 0, 1.86%, 0, 15, 6, 11.24, 25051
1648635989, 23, 186, 334, 299, 0, 1.86%, 0, 15, 6, 9.05, 25090
1648636009, 23, 186, 335, 300, 0, 1.86%, 0, 15, 6, 8.44, 25283
1648636030, 23, 186, 337, 302, 0, 1.86%, 0, 15, 6, 8.52, 25444
1648636035, 24, 314, 337, 301, 0, 1.86%, 0, 16, 6, 6.97, 25473
1648636051, 24, 314, 338, 302, 0, 1.86%, 0, 16, 7, 6.20, 25541
1648636220, 24, 314, 339, 303, 0, 1.86%, 0, 16, 7, 7.56, 26126
1648636269, 24, 314, 340, 304, 0, 1.86%, 0, 16, 7, 5.72, 26273
1648636284, 26, 140, 340, 303, 0, 1.86%, 0, 16, 7, 13.78, 26417
1648636304, 26, 140, 341, 304, 0, 1.86%, 0, 16, 7, 13.75, 26703
1648636315, 26, 140, 342, 305, 0, 1.86%, 0, 16, 7, 13.73, 26846
1648636320, 26, 140, 343, 306, 0, 1.86%, 0, 16, 7, 13.80, 26916
1648636325, 26, 272, 343, 305, 0, 1.86%, 0, 16, 7, 1.72, 26961
1648636430, 26, 272, 343, 305, 0, 1.86%, 0, 17, 7, 8.24, 27499
1648636435, 26, 272, 344, 306, 0, 1.86%, 0, 17, 7, 2.64, 27531
1648636447, 26, 272, 345, 307, 0, 1.86%, 0, 17, 7, 1.78, 27580
1648636452, 26, 272, 345, 307, 0, 1.86%, 0, 18, 7, 1.07, 27597
1648636485, 26, 272, 346, 308, 0, 1.86%, 0, 18, 7, 13.52, 27655
1648636517, 27, 176, 346, 307, 0, 1.86%, 0, 18, 7, 11.75, 27807
1648636563, 27, 283, 346, 307, 0, 1.86%, 0, 18, 7, 8.95, 28375
1648636650, 27, 283, 349, 310, 0, 1.88%, 0, 18, 7, 8.78, 29193
1648636655, 27, 283, 352, 313, 0, 1.88%, 0, 18, 7, 7.10, 29229
1648636661, 27, 283, 353, 314, 0, 1.88%, 0, 18, 7, 7.11, 29266
1648636666, 27, 283, 355, 316, 0, 1.88%, 0, 18, 7, 8.57, 29310
1648636692, 27, 283, 357, 318, 0, 1.88%, 0, 18, 7, 8.55, 29529
1648636697, 27, 283, 358, 319, 0, 1.88%, 0, 18, 7, 8.39, 29571
1648636707, 28, 231, 358, 318, 0, 1.88%, 0, 18, 7, 5.04, 29659
1648636748, 28, 231, 359, 319, 0, 1.88%, 0, 18, 7, 7.52, 29993
1648636753, 28, 231, 360, 320, 0, 1.88%, 0, 18, 7, 7.25, 30029
1648636758, 28, 231, 361, 321, 0, 1.88%, 0, 18, 7, 7.29, 30065
1648636784, 28, 231, 362, 322, 0, 1.88%, 0, 18, 7, 6.95, 30243
1648636799, 28, 231, 364, 324, 0, 1.90%, 0, 18, 7, 6.25, 30347
1648636809, 28, 231, 365, 325, 0, 1.90%, 0, 18, 7, 6.82, 30415
1648636835, 28, 323, 365, 325, 0, 1.90%, 0, 18, 7, 4.26, 30594
1648636881, 28, 323, 366, 326, 0, 1.90%, 0, 18, 7, 5.51, 30847
1648636943, 28, 348, 368, 327, 0, 1.90%, 0, 18, 7, 3.81, 31195
1648637010, 28, 348, 369, 328, 0, 1.91%, 0, 18, 7, 7.04, 31721
1648637015, 28, 348, 370, 329, 0, 1.91%, 0, 18, 7, 5.64, 31746
1648637025, 28, 348, 371, 330, 0, 1.91%, 0, 18, 7, 6.67, 31809
1648637045, 28, 348, 372, 331, 0, 1.91%, 0, 18, 7, 5.58, 31931
1648637051, 28, 348, 373, 332, 0, 1.91%, 0, 18, 7, 5.61, 31960
1648637061, 28, 348, 374, 333, 0, 1.91%, 0, 18, 7, 5.11, 32014
1648637066, 28, 348, 376, 335, 0, 1.92%, 0, 18, 7, 5.06, 32040
1648637087, 28, 348, 377, 336, 0, 1.94%, 0, 18, 7, 6.87, 32172
1648637133, 29, 12, 377, 335, 0, 1.94%, 0, 18, 7, 7.90, 32479
1648637144, 29, 71, 377, 334, 0, 1.94%, 0, 18, 7, 14.35, 32619
1648637149, 29, 71, 378, 335, 0, 1.94%, 0, 18, 7, 12.77, 32674
1648637154, 29, 71, 379, 336, 0, 1.94%, 0, 18, 7, 9.05, 32718
1648637174, 30, 8, 379, 335, 0, 1.94%, 0, 18, 7, 16.28, 32962
1648637180, 30, 8, 380, 336, 0, 1.95%, 0, 18, 7, 18.15, 33003
1648637185, 30, 8, 381, 337, 0, 1.96%, 0, 18, 7, 18.27, 33056
1648637196, 30, 8, 383, 339, 0, 1.96%, 0, 18, 7, 12.62, 33168
1648637212, 30, 8, 384, 340, 0, 1.96%, 0, 18, 7, 1.92, 33274
1648637217, 30, 271, 384, 339, 2, 1.96%, 0, 18, 7, 20.11, 33377
1648637238, 30, 271, 385, 340, 2, 1.97%, 0, 18, 7, 0.97, 33651
1648637280, 30, 271, 386, 341, 2, 1.97%, 0, 18, 7, 0.97, 33920
1648637291, 30, 271, 387, 342, 2, 1.97%, 0, 18, 7, 5.32, 33979
1648637308, 30, 271, 388, 343, 2, 1.97%, 0, 18, 7, 5.16, 34046
1648637344, 31, 197, 388, 343, 0, 1.97%, 0, 18, 7, 12.13, 34268
1648637354, 31, 197, 389, 344, 0, 1.97%, 0, 18, 7, 11.34, 34385
1648637365, 31, 197, 391, 346, 0, 1.98%, 0, 18, 7, 11.25, 34500
1648637370, 31, 197, 392, 347, 0, 1.98%, 0, 18, 7, 11.12, 34557
1648637380, 31, 197, 393, 348, 0, 1.98%, 0, 18, 7, 10.56, 34665
1648637401, 31, 318, 394, 348, 2, 1.98%, 0, 18, 7, 10.62, 34874
1648637421, 31, 318, 395, 349, 2, 1.98%, 0, 18, 7, 10.59, 35096
1648637442, 31, 318, 396, 350, 2, 1.98%, 0, 18, 7, 10.91, 35319
1648637472, 31, 318, 397, 351, 2, 1.98%, 0, 18, 7, 11.66, 35658
1648637477, 31, 318, 398, 352, 2, 1.98%, 0, 18, 7, 11.51, 35718
1648637488, 31, 318, 399, 353, 2, 1.98%, 0, 18, 7, 9.96, 35823
1648637514, 32, 180, 400, 353, 3, 1.98%, 0, 18, 7, 7.18, 36095
1648637550, 32, 180, 401, 354, 3, 1.99%, 0, 18, 7, 7.56, 36394
1648637555, 32, 180, 402, 355, 3, 2.00%, 0, 18, 7, 6.90, 36426
1648637570, 32, 180, 403, 356, 3, 2.00%, 0, 18, 7, 7.10, 36529
1648637621, 32, 180, 404, 357, 3, 2.00%, 0, 18, 7, 7.34, 36866
1648637627, 32, 180, 405, 358, 3, 2.00%, 0, 18, 7, 6.97, 36902
1648637632, 32, 180, 406, 359, 3, 2.00%, 0, 18, 7, 6.74, 36936
1648637653, 33, 24, 406, 358, 0, 2.00%, 0, 18, 7, 8.74, 37100
1648637663, 33, 24, 407, 359, 0, 2.00%, 0, 18, 7, 7.92, 37178
1648637699, 33, 285, 407, 358, 0, 2.00%, 0, 18, 7, 10.53, 37403
1648637796, 34, 114, 407, 357, 0, 2.00%, 0, 18, 7, 15.47, 38553
1648637827, 34, 404, 407, 356, 0, 2.00%, 0, 18, 7, 4.11, 38965
1648637832, 34, 404, 408, 357, 0, 2.00%, 0, 18, 7, 5.79, 38999
1648637837, 34, 404, 409, 358, 0, 2.00%, 0, 18, 7, 6.48, 39033
1648637853, 34, 404, 410, 359, 0, 2.00%, 0, 18, 7, 6.48, 39137
1648637863, 34, 404, 411, 360, 0, 2.01%, 0, 18, 7, 6.38, 39201
1648637934, 34, 404, 412, 361, 0, 2.01%, 0, 18, 7, 6.26, 39686
1648637976, 34, 404, 413, 362, 0, 2.01%, 0, 18, 7, 6.92, 39970
1648638017, 34, 404, 414, 363, 0, 2.01%, 0, 18, 7, 6.76, 40250
1648638022, 34, 404, 415, 364, 0, 2.01%, 0, 18, 7, 6.91, 40286
1648638043, 35, 338, 415, 363, 0, 2.01%, 0, 18, 7, 0.00, 40425
1648638186, 35, 338, 416, 364, 0, 2.01%, 0, 18, 8, 4.00, 41128
1648638228, 35, 338, 417, 365, 0, 2.01%, 0, 18, 8, 4.21, 41311
1648638330, 35, 338, 418, 366, 0, 2.01%, 0, 18, 8, 4.06, 41751
1648638387, 35, 338, 419, 367, 0, 2.01%, 0, 18, 8, 4.51, 42014
1648638433, 36, 234, 419, 366, 1, 2.01%, 0, 18, 8, 0.00, 42207
1648638500, 36, 237, 419, 365, 0, 2.01%, 0, 18, 8, 13.60, 42808
1648638541, 36, 237, 420, 366, 0, 2.01%, 0, 18, 8, 15.13, 43484
1648638556, 37, 127, 420, 365, 0, 2.01%, 0, 18, 8, 10.51, 43694
1648638587, 37, 127, 421, 366, 0, 2.01%, 0, 18, 8, 7.45, 43934
1648638613, 37, 317, 421, 365, 0, 2.01%, 0, 18, 8, 8.27, 44122
1648638664, 37, 317, 422, 366, 0, 2.01%, 0, 18, 8, 6.55, 44509
1648638700, 37, 317, 423, 367, 0, 2.01%, 0, 18, 8, 6.41, 44747
1648638705, 37, 317, 424, 368, 0, 2.04%, 0, 18, 8, 6.46, 44781
1648638715, 37, 317, 425, 369, 0, 2.04%, 0, 18, 8, 6.52, 44847
1648638741, 37, 317, 426, 370, 0, 2.04%, 0, 18, 8, 6.93, 45031
1648638746, 39, 164, 427, 370, 0, 2.04%, 0, 18, 8, 10.29, 45078
1648638772, 39, 164, 428, 371, 0, 2.05%, 0, 18, 8, 12.17, 45399
1648638777, 39, 164, 430, 373, 0, 2.05%, 0, 18, 8, 12.76, 45466
1648638787, 39, 164, 431, 374, 0, 2.05%, 0, 18, 8, 12.83, 45596
1648638797, 39, 415, 431, 373, 2, 2.05%, 0, 18, 8, 10.81, 45709
1648638828, 39, 415, 432, 374, 2, 2.05%, 0, 18, 9, 5.75, 45874
1648638860, 39, 415, 434, 376, 2, 2.05%, 0, 18, 9, 7.14, 46047
1648638906, 40, 334, 434, 375, 0, 2.05%, 0, 18, 9, 7.83, 46133
1648638967, 40, 334, 436, 377, 0, 2.05%, 0, 18, 9, 5.69, 46581
1648639013, 40, 334, 437, 378, 0, 2.05%, 0, 18, 9, 6.66, 46880
1648639019, 40, 334, 438, 379, 0, 2.05%, 0, 18, 9, 7.49, 46918
1648639039, 41, 286, 438, 378, 8, 2.05%, 0, 18, 9, 8.86, 47062
1648639059, 41, 286, 439, 379, 8, 2.05%, 0, 18, 9, 12.59, 47308
1648639156, 41, 300, 439, 378, 0, 2.05%, 0, 18, 9, 7.73, 48240
1648639218, 41, 300, 440, 379, 0, 2.05%, 0, 18, 9, 6.98, 48701
1648639244, 41, 300, 441, 380, 0, 2.05%, 0, 18, 9, 5.58, 48863
1648639260, 41, 300, 442, 381, 0, 2.05%, 0, 18, 9, 6.86, 48971
1648639280, 41, 300, 443, 382, 0, 2.05%, 0, 18, 9, 7.72, 49114
1648639291, 41, 323, 443, 381, 1, 2.05%, 0, 18, 9, 0.00, 49185
1648639373, 41, 323, 444, 382, 1, 2.05%, 0, 18, 9, 6.60, 49688
1648639378, 41, 323, 445, 383, 1, 2.05%, 0, 18, 9, 6.54, 49722
1648639393, 41, 369, 445, 383, 3, 2.05%, 0, 18, 9, 3.62, 49813
1648639454, 41, 369, 446, 384, 3, 2.05%, 0, 18, 9, 5.01, 50137
1648639491, 41, 369, 448, 386, 3, 2.05%, 0, 18, 9, 5.24, 50333
1648639496, 41, 369, 449, 387, 3, 2.05%, 0, 18, 9, 5.00, 50359
1648639501, 41, 369, 450, 388, 3, 2.05%, 0, 18, 9, 4.95, 50385
1648639527, 41, 369, 451, 389, 3, 2.05%, 0, 18, 9, 5.92, 50547
1648639542, 41, 369, 452, 390, 3, 2.05%, 0, 18, 9, 4.69, 50627
1648639552, 41, 369, 453, 391, 3, 2.05%, 0, 18, 9, 5.37, 50680
1648639558, 41, 369, 454, 392, 3, 2.05%, 0, 18, 9, 5.69, 50711
1648639583, 41, 388, 455, 392, 0, 2.05%, 0, 18, 9, 10.00, 50848
1648639645, 41, 388, 457, 394, 0, 2.05%, 0, 18, 9, 7.72, 51452
1648639655, 41, 388, 458, 395, 0, 2.05%, 0, 18, 9, 6.86, 51520
1648639660, 41, 388, 459, 396, 0, 2.05%, 0, 18, 9, 6.34, 51551
1648639671, 41, 388, 460, 397, 0, 2.05%, 0, 18, 9, 6.26, 51613
1648639702, 41, 388, 461, 398, 0, 2.05%, 0, 18, 9, 6.36, 51824
1648639712, 41, 388, 462, 399, 0, 2.05%, 0, 18, 9, 6.32, 51888
1648639820, 41, 441, 463, 399, 0, 2.05%, 0, 18, 9, 5.45, 52700
1648639976, 42, 199, 463, 398, 4294967295, 2.05%, 0, 18, 9, 1.00, 53581
1648640017, 43, 73, 463, 397, 4294967294, 2.05%, 0, 18, 9, 10.27, 53812
1648640033, 43, 73, 463, 397, 4294967294, 2.05%, 0, 19, 9, 1.04, 53885
1648640048, 43, 73, 463, 397, 4294967294, 2.05%, 0, 20, 9, 8.55, 53988
1648640059, 43, 73, 463, 397, 4294967294, 2.05%, 0, 21, 9, 1.81, 54049
1648640069, 43, 92, 463, 396, 4294967294, 2.05%, 0, 21, 9, 15.04, 54106
1648640085, 43, 435, 463, 396, 4294967294, 2.05%, 0, 21, 9, 12.24, 54390
1648640125, 43, 435, 464, 397, 4294967294, 2.05%, 0, 21, 9, 8.17, 54685
1648640130, 43, 435, 465, 398, 4294967294, 2.05%, 0, 21, 9, 8.80, 54736
1648640141, 43, 435, 468, 401, 4294967294, 2.05%, 0, 21, 9, 9.53, 54816
1648640146, 43, 435, 469, 402, 4294967294, 2.08%, 0, 21, 9, 9.92, 54870
1648640156, 43, 435, 470, 403, 4294967294, 2.08%, 0, 21, 9, 9.01, 54963
1648640161, 43, 435, 471, 404, 4294967294, 2.08%, 0, 21, 9, 8.75, 55007
1648640192, 43, 435, 472, 405, 4294967294, 2.08%, 0, 21, 9, 8.36, 55269
1648640202, 43, 435, 475, 408, 4294967294, 2.08%, 0, 21, 9, 8.16, 55360
1648640207, 43, 435, 476, 409, 4294967294, 2.09%, 0, 21, 9, 9.97, 55412
1648640212, 43, 435, 478, 411, 4294967294, 2.09%, 0, 21, 9, 9.65, 55459
1648640217, 44, 218, 478, 410, 0, 2.09%, 0, 21, 9, 11.43, 55518
1648640264, 44, 218, 479, 411, 0, 2.09%, 0, 21, 9, 7.86, 56012
1648640274, 44, 218, 481, 413, 0, 2.09%, 0, 21, 9, 9.15, 56107
1648640289, 44, 218, 482, 414, 0, 2.09%, 0, 21, 9, 7.73, 56222
1648640326, 44, 218, 483, 415, 0, 2.09%, 0, 21, 9, 9.06, 56535
1648640336, 44, 218, 484, 416, 0, 2.09%, 0, 21, 9, 9.84, 56638
1648640341, 44, 218, 485, 417, 0, 2.09%, 0, 21, 9, 8.54, 56679
1648640346, 44, 395, 485, 416, 2, 2.09%, 0, 21, 9, 10.60, 56726
1648640362, 44, 395, 486, 417, 2, 2.09%, 0, 21, 9, 10.37, 56888
1648640413, 44, 395, 487, 418, 2, 2.09%, 0, 21, 9, 10.99, 57441
1648640418, 44, 395, 488, 419, 2, 2.09%, 0, 21, 9, 10.81, 57495
1648640449, 44, 395, 489, 420, 2, 2.09%, 0, 21, 9, 11.07, 57832
1648640459, 45, 320, 489, 419, 5, 2.09%, 0, 21, 9, 6.32, 57921
1648640577, 45, 323, 489, 418, 4, 2.09%, 0, 21, 9, 7.05, 58718
1648640639, 45, 323, 490, 419, 4, 2.09%, 0, 21, 9, 7.80, 59171
1648640644, 45, 323, 491, 420, 4, 2.09%, 0, 21, 9, 5.72, 59196
1648640659, 45, 382, 492, 421, 0, 2.09%, 0, 21, 9, 9.64, 59306
1648640705, 46, 222, 492, 420, 0, 2.09%, 0, 21, 9, 17.82, 60151
1648640793, 46, 222, 493, 421, 0, 2.09%, 0, 21, 9, 1.73, 60856
1648640846, 46, 410, 493, 420, 2, 2.09%, 0, 21, 9, 4.62, 61054
1648640851, 46, 410, 494, 421, 2, 2.09%, 0, 21, 9, 5.93, 61088
1648640856, 46, 410, 495, 422, 2, 2.09%, 0, 21, 9, 6.49, 61122
1648640891, 46, 410, 496, 423, 2, 2.09%, 0, 21, 9, 6.61, 61360
1648641041, 46, 415, 496, 422, 2, 2.09%, 0, 21, 9, 0.00, 62368
1648641170, 46, 415, 497, 423, 2, 2.09%, 0, 21, 9, 3.27, 62807
1648641227, 46, 415, 498, 424, 2, 2.09%, 0, 21, 9, 3.32, 62987
1648641319, 47, 311, 498, 424, 0, 2.09%, 0, 21, 9, 5.87, 63283
1648641408, 47, 311, 499, 425, 0, 2.09%, 0, 21, 9, 5.06, 63775
1648641480, 48, 267, 499, 424, 2, 2.09%, 0, 21, 9, 7.51, 64168
1648641568, 48, 267, 500, 425, 2, 2.09%, 0, 21, 9, 5.87, 64760
1648641573, 48, 267, 501, 426, 2, 2.09%, 0, 21, 9, 5.24, 64786
1648641594, 48, 267, 502, 427, 2, 2.09%, 0, 21, 9, 6.67, 64915
1648641609, 48, 267, 503, 428, 2, 2.09%, 0, 21, 9, 6.66, 65018
1648641620, 48, 267, 504, 429, 2, 2.09%, 0, 21, 9, 6.67, 65086
1648641630, 48, 267, 505, 430, 2, 2.09%, 0, 21, 9, 6.01, 65151
1648641666, 49, 129, 505, 429, 0, 2.09%, 0, 21, 9, 6.46, 65358
1648641727, 49, 338, 505, 428, 0, 2.09%, 0, 21, 9, 0.97, 65794
1648642185, 49, 338, 505, 428, 0, 2.09%, 0, 22, 9, 2.19, 66523
1648642201, 49, 338, 506, 429, 0, 2.09%, 0, 22, 9, 6.80, 66597
1648642207, 49, 338, 507, 430, 0, 2.09%, 0, 22, 9, 5.88, 66624
1648642213, 49, 338, 507, 430, 0, 2.09%, 0, 23, 9, 2.30, 66642
1648642327, 50, 58, 507, 430, 0, 2.09%, 0, 23, 9, 35.30, 67153
1648642333, 50, 254, 507, 430, 0, 2.09%, 0, 23, 9, 6.46, 67318
1648642338, 50, 254, 508, 431, 0, 2.09%, 0, 23, 9, 11.55, 67384
1648642358, 50, 254, 509, 432, 0, 2.09%, 0, 23, 9, 13.05, 67650
1648642368, 50, 254, 510, 433, 0, 2.09%, 0, 23, 9, 13.71, 67790
1648642378, 50, 254, 511, 434, 0, 2.09%, 0, 23, 9, 13.47, 67930
1648642425, 50, 432, 511, 433, 0, 2.09%, 0, 23, 9, 16.98, 68549
1648642523, 50, 432, 511, 433, 0, 2.09%, 0, 24, 9, 1.90, 69249
1648642577, 51, 176, 511, 432, 0, 2.09%, 0, 24, 9, 9.01, 69477
1648642603, 51, 296, 511, 432, 0, 2.09%, 0, 24, 9, 7.18, 69772
1648642684, 51, 296, 512, 433, 0, 2.09%, 0, 24, 9, 7.88, 70465
1648642694, 51, 296, 513, 434, 0, 2.09%, 0, 24, 9, 7.61, 70543
1648642700, 51, 296, 514, 435, 0, 2.09%, 0, 24, 9, 6.57, 70575
1648642710, 51, 296, 515, 436, 0, 2.09%, 0, 24, 9, 6.10, 70637
1648642761, 51, 304, 515, 435, 0, 2.09%, 0, 24, 9, 6.34, 71000
1648642802, 51, 304, 516, 436, 0, 2.09%, 0, 24, 9, 6.93, 71299
1648642807, 51, 304, 517, 437, 0, 2.09%, 0, 24, 9, 6.72, 71333
1648642828, 51, 304, 518, 438, 0, 2.09%, 0, 24, 9, 6.38, 71473
1648642833, 51, 304, 519, 439, 0, 2.09%, 0, 24, 9, 5.71, 71501
1648642844, 51, 304, 521, 441, 0, 2.09%, 0, 24, 9, 6.25, 71567
1648642895, 51, 365, 522, 441, 2, 2.09%, 0, 24, 9, 5.59, 71898
1648642905, 51, 365, 523, 442, 2, 2.10%, 0, 24, 9, 5.90, 71960
1648642916, 51, 365, 524, 443, 2, 2.10%, 0, 24, 9, 5.13, 72015
1648642931, 51, 365, 525, 444, 2, 2.10%, 0, 24, 9, 5.37, 72098
1648642942, 51, 365, 526, 445, 2, 2.10%, 0, 24, 9, 5.66, 72157
1648642957, 51, 365, 527, 446, 2, 2.10%, 0, 24, 9, 5.82, 72246
1648642972, 51, 365, 528, 447, 2, 2.10%, 0, 24, 9, 5.42, 72329
1648643080, 51, 371, 528, 446, 3, 2.10%, 0, 24, 9, 0.00, 72983
1648643131, 51, 371, 529, 447, 3, 2.10%, 0, 24, 9, 6.40, 73303
1648643136, 51, 371, 530, 448, 3, 2.10%, 0, 24, 9, 6.22, 73334
1648643188, 51, 371, 531, 449, 3, 2.10%, 0, 24, 9, 5.45, 73622
1648643239, 51, 388, 531, 448, 1, 2.10%, 0, 24, 9, 9.03, 73906
1648643326, 51, 388, 532, 449, 1, 2.10%, 0, 24, 9, 6.21, 74647
1648643347, 51, 388, 533, 450, 1, 2.15%, 0, 24, 9, 7.71, 74794
1648643383, 51, 441, 533, 450, 0, 2.15%, 0, 24, 9, 5.61, 75072
1648643544, 52, 411, 533, 450, 0, 2.15%, 0, 24, 9, 4.58, 75958
1648643621, 52, 411, 534, 451, 0, 2.15%, 0, 24, 9, 4.65, 76326
1648643626, 52, 411, 535, 452, 0, 2.15%, 0, 24, 9, 4.37, 76348
1648643672, 53, 375, 535, 451, 5, 2.15%, 0, 24, 9, 5.81, 76556
1648643755, 53, 375, 536, 452, 5, 2.15%, 0, 24, 9, 4.06, 76990
1648643812, 53, 375, 537, 453, 5, 2.15%, 0, 24, 9, 5.26, 77311
1648643838, 53, 403, 537, 452, 1, 2.15%, 0, 24, 9, 6.24, 77443
1648643843, 53, 403, 538, 453, 1, 2.15%, 0, 24, 9, 6.23, 77475
1648643853, 53, 403, 539, 454, 1, 2.15%, 0, 24, 9, 6.29, 77539
1648643869, 53, 403, 540, 455, 1, 2.15%, 0, 24, 9, 6.42, 77639
1648643977, 53, 403, 541, 456, 1, 2.15%, 0, 24, 9, 6.40, 78330
1648643987, 54, 352, 541, 455, 1, 2.15%, 0, 24, 9, 5.52, 78395
1648643992, 54, 352, 542, 456, 1, 2.15%, 0, 24, 9, 8.22, 78441
1648644033, 54, 352, 543, 457, 1, 2.15%, 0, 24, 9, 8.71, 78800
1648644043, 54, 352, 545, 459, 1, 2.16%, 0, 24, 9, 8.70, 78890
1648644054, 54, 352, 546, 460, 1, 2.16%, 0, 24, 9, 5.64, 78951
1648644084, 54, 352, 547, 461, 1, 2.16%, 0, 24, 9, 5.21, 79168
1648644135, 54, 352, 548, 462, 1, 2.16%, 0, 24, 9, 8.74, 79600
1648644146, 54, 415, 548, 461, 2, 2.16%, 0, 24, 9, 3.58, 79660
1648644244, 54, 415, 549, 462, 2, 2.16%, 0, 24, 9, 3.08, 80003
1648644341, 54, 415, 550, 463, 2, 2.16%, 0, 24, 9, 3.39, 80322
1648644351, 54, 415, 551, 464, 2, 2.16%, 0, 24, 9, 3.19, 80354
1648644371, 54, 415, 552, 465, 2, 2.16%, 0, 24, 9, 3.22, 80420
1648644377, 54, 415, 553, 466, 2, 2.16%, 0, 24, 9, 3.15, 80436
1648644407, 54, 415, 554, 467, 2, 2.16%, 0, 24, 9, 3.16, 80535
1648644428, 55, 412, 554, 467, 3, 2.16%, 0, 24, 9, 7.51, 80603
1648644433, 55, 412, 557, 470, 3, 2.16%, 0, 24, 9, 6.94, 80637
1648644454, 55, 412, 558, 471, 3, 2.16%, 0, 24, 9, 6.77, 80775
1648644480, 55, 412, 559, 472, 3, 2.16%, 0, 24, 9, 6.46, 80947
1648644495, 55, 412, 560, 473, 3, 2.16%, 0, 24, 9, 6.61, 81049
1648644573, 55, 412, 563, 476, 3, 2.33%, 0, 24, 9, 6.64, 81570
1648644588, 55, 412, 564, 477, 3, 2.33%, 0, 24, 9, 6.78, 81674
1648644604, 55, 412, 565, 478, 3, 2.33%, 0, 24, 9, 6.66, 81778
1648644614, 55, 412, 566, 479, 3, 2.33%, 0, 24, 9, 6.65, 81846
1648644619, 55, 412, 567, 480, 3, 2.34%, 0, 24, 9, 6.69, 81880
1648644634, 55, 445, 567, 479, 3, 2.34%, 0, 24, 9, 4.74, 81972
1648644665, 55, 445, 568, 480, 3, 2.35%, 0, 24, 9, 5.14, 82128
1648644804, 55, 445, 569, 481, 3, 2.35%, 0, 24, 9, 4.24, 82757
1648644830, 56, 421, 569, 480, 0, 2.35%, 0, 24, 9, 5.42, 82879
1648644906, 56, 421, 570, 481, 0, 2.35%, 0, 24, 9, 6.10, 83404
1648644922, 56, 421, 571, 482, 0, 2.35%, 0, 24, 9, 6.92, 83510
1648644958, 57, 223, 571, 481, 0, 2.35%, 0, 24, 9, 7.45, 83757
1648645067, 57, 223, 572, 482, 0, 2.35%, 0, 24, 9, 13.14, 84743
1648645087, 57, 416, 572, 481, 0, 2.35%, 0, 24, 9, 4.50, 84942
1648645283, 57, 416, 573, 482, 0, 2.35%, 0, 24, 9, 4.05, 85790
1648645288, 57, 448, 573, 481, 4, 2.35%, 0, 24, 9, 0.00, 85807
1648645458, 57, 448, 574, 482, 4, 2.35%, 0, 24, 9, 5.41, 86747
1648645468, 57, 448, 575, 483, 4, 2.35%, 0, 24, 9, 4.50, 86797
1648645473, 57, 448, 576, 484, 4, 2.35%, 0, 24, 9, 4.60, 86820
1648645483, 57, 448, 577, 485, 4, 2.35%, 0, 24, 9, 4.81, 86869
1648645545, 58, 431, 577, 484, 1, 2.35%, 0, 24, 9, 5.37, 87168
1648645647, 58, 431, 577, 484, 1, 2.35%, 0, 25, 9, 6.76, 87738
1648645657, 58, 431, 578, 485, 1, 2.35%, 0, 25, 10, 2.27, 87778
1648645684, 58, 431, 579, 486, 1, 2.35%, 0, 25, 10, 7.04, 87933
1648645704, 59, 360, 579, 485, 0, 2.35%, 0, 25, 10, 7.46, 88051
1648645834, 59, 361, 579, 484, 0, 2.35%, 0, 25, 10, 8.52, 88864
1648645921, 60, 74, 579, 483, 0, 2.35%, 0, 25, 10, 9.18, 89539
1648645948, 60, 93, 579, 482, 0, 2.35%, 0, 25, 10, 10.73, 89792
1648645965, 60, 93, 580, 483, 0, 2.35%, 0, 25, 10, 13.60, 89940
1648645987, 60, 432, 580, 483, 0, 2.35%, 0, 25, 10, 17.94, 90136
1648646108, 61, 109, 580, 483, 0, 2.35%, 0, 25, 10, 19.07, 91063
1648646134, 61, 109, 580, 483, 0, 2.35%, 0, 26, 10, 12.42, 91333
1648646139, 61, 270, 580, 482, 0, 2.35%, 0, 26, 10, 11.99, 91396
1648646307, 61, 270, 581, 483, 0, 2.35%, 0, 26, 10, 8.96, 92436
1648646328, 61, 529, 582, 483, 3, 2.35%, 0, 26, 10, 2.99, 92538
1648646333, 61, 529, 583, 484, 3, 2.35%, 0, 26, 10, 4.83, 92569
1648646339, 61, 529, 584, 485, 3, 2.35%, 0, 26, 10, 5.62, 92600
1648646354, 61, 529, 585, 486, 3, 2.35%, 0, 26, 10, 6.30, 92696
1648646477, 62, 255, 585, 485, 0, 2.35%, 0, 26, 10, 7.68, 93457
1648646564, 63, 97, 585, 484, 0, 2.35%, 0, 26, 10, 15.18, 94621
1648646589, 63, 97, 586, 485, 0, 2.35%, 0, 26, 10, 21.37, 94830
1648646599, 63, 97, 587, 486, 0, 2.36%, 0, 26, 10, 1.00, 94919
1648646621, 63, 417, 587, 485, 2, 2.36%, 0, 26, 10, 19.07, 95084
1648646874, 64, 371, 587, 484, 1, 2.36%, 0, 26, 10, 3.57, 95960
1648647158, 64, 371, 588, 485, 1, 2.36%, 0, 26, 10, 12.45, 96488
1648647271, 64, 371, 589, 486, 1, 2.36%, 0, 26, 10, 13.51, 96723
1648647310, 65, 333, 589, 486, 1, 2.36%, 0, 26, 10, 7.68, 96852
1648647372, 65, 333, 590, 487, 1, 2.36%, 0, 26, 10, 6.00, 97290
1648647377, 65, 333, 591, 488, 1, 2.36%, 0, 26, 10, 6.38, 97323
1648647449, 65, 333, 592, 489, 1, 2.36%, 0, 26, 10, 4.74, 97755
1648647454, 65, 334, 592, 488, 0, 2.36%, 0, 26, 10, 0.00, 97777
1648647607, 65, 439, 592, 488, 0, 2.36%, 0, 26, 10, 4.96, 98958
1648647808, 65, 455, 592, 487, 0, 2.36%, 0, 26, 10, 4.95, 100123
1648647870, 65, 455, 593, 488, 0, 2.37%, 0, 26, 10, 7.05, 100616
1648647896, 65, 455, 594, 489, 0, 2.37%, 0, 26, 10, 6.51, 100799
1648647942, 65, 455, 595, 490, 0, 2.37%, 0, 26, 10, 5.90, 101085
1648648003, 66, 260, 595, 489, 0, 2.37%, 0, 26, 10, 9.28, 101491
1648648115, 66, 425, 595, 488, 0, 2.37%, 0, 26, 10, 3.55, 102300
1648648223, 66, 425, 596, 489, 0, 2.37%, 0, 26, 10, 5.89, 103014
1648648264, 66, 425, 597, 490, 0, 2.38%, 0, 26, 10, 6.39, 103276
1648648274, 66, 425, 598, 491, 0, 2.38%, 0, 26, 10, 5.39, 103331
1648648285, 66, 425, 599, 492, 0, 2.38%, 0, 26, 10, 6.19, 103394
1648648305, 67, 349, 599, 491, 0, 2.38%, 0, 26, 10, 13.13, 103553
1648648408, 68, 75, 599, 490, 0, 2.38%, 0, 26, 10, 10.42, 104681
1648648440, 68, 310, 599, 489, 0, 2.38%, 0, 26, 10, 10.60, 104946
1648648522, 68, 310, 600, 490, 0, 2.38%, 0, 26, 10, 9.45, 105734
1648648533, 68, 310, 601, 491, 0, 2.38%, 0, 26, 10, 6.93, 105804
1648648601, 69, 283, 601, 490, 0, 2.38%, 0, 26, 10, 10.11, 106190
1648648676, 69, 283, 601, 490, 0, 2.38%, 0, 27, 10, 1.77, 106609
1648648718, 69, 334, 601, 490, 0, 2.38%, 0, 27, 10, 3.84, 106831
1648648780, 69, 334, 602, 491, 0, 2.38%, 0, 27, 10, 7.28, 107404
1648648806, 69, 334, 603, 492, 0, 2.38%, 0, 27, 10, 6.77, 107603
1648648868, 70, 257, 603, 492, 0, 2.38%, 0, 27, 10, 14.48, 108095
1648648873, 70, 257, 604, 493, 0, 2.38%, 0, 27, 10, 13.77, 108165
1648648955, 71, 439, 604, 492, 0, 2.38%, 0, 27, 10, 5.63, 109244
1648648996, 71, 439, 605, 493, 0, 2.39%, 0, 27, 10, 8.11, 109576
1648649052, 71, 439, 606, 494, 0, 2.39%, 0, 27, 10, 6.00, 109962
1648649068, 72, 262, 606, 494, 0, 2.39%, 0, 27, 10, 8.94, 110063
1648649078, 72, 262, 607, 495, 0, 2.39%, 0, 27, 10, 12.42, 110193
1648649160, 73, 79, 607, 494, 0, 2.39%, 0, 27, 10, 11.32, 111279
1648649196, 73, 530, 607, 493, 0, 2.39%, 0, 27, 10, 4.29, 111515
1648649262, 73, 567, 608, 493, 0, 2.39%, 0, 27, 10, 5.09, 111939
1648649267, 73, 567, 610, 495, 0, 2.39%, 0, 27, 10, 4.99, 111964
1648649273, 73, 567, 611, 496, 0, 2.39%, 0, 27, 10, 4.98, 111990
1648649278, 73, 567, 612, 497, 0, 2.39%, 0, 27, 10, 5.12, 112017
1648649283, 73, 567, 613, 498, 0, 2.39%, 0, 27, 10, 4.97, 112043
1648649293, 73, 567, 614, 499, 0, 2.39%, 0, 27, 10, 4.96, 112096
1648649397, 73, 567, 615, 500, 0, 2.39%, 0, 27, 10, 3.84, 112568
1648649412, 73, 567, 616, 501, 0, 2.39%, 0, 27, 10, 4.57, 112636
1648649418, 73, 567, 618, 503, 0, 2.39%, 0, 27, 10, 4.68, 112661
1648649423, 73, 567, 619, 504, 0, 2.39%, 0, 27, 10, 4.54, 112684
1648649484, 73, 567, 620, 505, 0, 2.39%, 0, 27, 10, 4.46, 112955
1648649495, 73, 567, 621, 506, 0, 2.39%, 0, 27, 10, 4.60, 113003
1648649551, 73, 567, 622, 507, 0, 2.39%, 0, 27, 10, 4.19, 113239
1648649561, 73, 567, 623, 508, 0, 2.39%, 0, 27, 10, 4.15, 113282
1648649566, 73, 567, 624, 509, 0, 2.39%, 0, 27, 10, 4.04, 113302
1648649592, 74, 415, 624, 508, 1, 2.39%, 0, 27, 10, 3.63, 113407
