# unix_time, cycles_done, cur_path, paths_total, pending_total, pending_favs, map_size, unique_crashes, unique_hangs, max_depth, execs_per_sec, total_execs
1648633517, 0, 0, 14, 14, 3, 1.19%, 0, 0, 2, 21.13, 233
1648633522, 0, 0, 17, 17, 3, 1.20%, 0, 0, 2, 13.98, 291
1648633527, 0, 0, 24, 24, 3, 1.21%, 0, 0, 2, 14.84, 367
1648633532, 0, 0, 26, 26, 3, 1.21%, 0, 1, 2, 12.47, 417
1648633538, 0, 0, 28, 28, 3, 1.21%, 0, 2, 2, 1.00, 468
1648633543, 0, 0, 33, 33, 3, 1.21%, 0, 2, 2, 1.84, 516
1648633548, 0, 0, 36, 36, 3, 1.23%, 0, 2, 2, 2.71, 549
1648633553, 0, 0, 39, 39, 3, 1.23%, 0, 2, 2, 13.78, 605
1648633558, 0, 0, 46, 46, 3, 1.23%, 0, 2, 2, 14.20, 676
1648633574, 0, 0, 50, 50, 3, 1.23%, 0, 2, 2, 12.82, 765
1648633579, 0, 0, 56, 56, 3, 1.23%, 0, 2, 2, 13.62, 833
1648633584, 0, 0, 59, 59, 3, 1.23%, 0, 2, 2, 15.27, 913
1648633589, 0, 0, 61, 61, 3, 1.23%, 0, 2, 2, 15.10, 989
1648633594, 0, 61, 64, 63, 0, 1.23%, 0, 2, 3, 10.91, 1040
1648633599, 0, 61, 68, 67, 0, 1.24%, 0, 2, 3, 10.70, 1098
1648633605, 0, 61, 72, 71, 0, 1.24%, 0, 2, 3, 11.06, 1156
1648633610, 0, 61, 75, 74, 0, 1.24%, 0, 2, 3, 12.29, 1222
1648633615, 0, 61, 79, 78, 0, 1.25%, 0, 2, 3, 14.63, 1301
1648633620, 0, 61, 81, 80, 0, 1.25%, 0, 2, 3, 12.96, 1364
1648633625, 0, 61, 83, 82, 0, 1.25%, 0, 2, 3, 11.65, 1419
1648633630, 1, 0, 87, 85, 2, 1.25%, 0, 2, 3, 15.74, 1496
1648633635, 1, 0, 92, 90, 2, 1.26%, 0, 3, 3, 17.83, 1575
1648633640, 1, 0, 93, 91, 2, 1.26%, 0, 3, 3, 18.27, 1600
1648633646, 1, 0, 96, 94, 2, 1.26%, 0, 3, 3, 17.16, 1651
1648633651, 1, 0, 98, 96, 2, 1.26%, 0, 3, 3, 17.24, 1701
1648633667, 1, 0, 101, 99, 2, 1.26%, 0, 3, 3, 2.75, 1829
1648633683, 2, 31, 103, 101, 0, 1.26%, 0, 3, 3, 19.70, 1971
1648633688, 2, 31, 105, 103, 0, 1.27%, 0, 3, 3, 18.25, 2062
1648633698, 2, 31, 108, 106, 0, 1.27%, 0, 3, 3, 18.25, 2239
1648633704, 3, 104, 108, 105, 1, 1.27%, 0, 3, 3, 21.05, 2352
1648633709, 3, 104, 109, 106, 1, 1.27%, 0, 3, 4, 16.93, 2433
1648633714, 3, 104, 111, 108, 1, 1.27%, 0, 3, 4, 12.32, 2489
1648633719, 3, 104, 111, 108, 1, 1.27%, 0, 4, 4, 1.00, 2544
1648633724, 3, 104, 113, 110, 1, 1.27%, 0, 4, 4, 10.37, 2587
1648633730, 3, 104, 115, 112, 1, 1.27%, 0, 4, 4, 9.57, 2636
1648633735, 4, 70, 115, 111, 0, 1.27%, 0, 4, 4, 10.87, 2687
1648633740, 4, 70, 117, 113, 0, 1.28%, 0, 4, 4, 13.97, 2760
1648633745, 4, 70, 120, 116, 0, 1.28%, 0, 4, 4, 11.56, 2814
1648633750, 4, 70, 122, 118, 0, 1.28%, 0, 4, 4, 11.81, 2875
1648633760, 4, 70, 125, 121, 0, 1.28%, 0, 4, 4, 11.47, 3002
1648633765, 5, 61, 126, 121, 0, 1.28%, 0, 4, 4, 11.60, 3062
1648633791, 6, 34, 127, 122, 0, 1.28%, 0, 4, 4, 25.33, 3391
1648633801, 7, 74, 127, 121, 0, 1.28%, 0, 4, 4, 21.87, 3691
1648633816, 7, 74, 128, 122, 0, 1.28%, 0, 4, 4, 12.53, 3888
1648633821, 7, 90, 129, 122, 0, 1.28%, 0, 4, 4, 0.00, 3909
1648633827, 7, 90, 130, 123, 0, 1.28%, 0, 4, 4, 10.16, 3958
1648633832, 7, 90, 131, 124, 0, 1.31%, 0, 4, 4, 13.37, 4031
1648633842, 7, 90, 133, 126, 0, 1.33%, 0, 4, 4, 13.51, 4172
1648633847, 7, 90, 135, 128, 0, 1.36%, 0, 4, 4, 12.85, 4235
1648633852, 7, 90, 136, 129, 0, 1.37%, 0, 4, 4, 13.12, 4303
1648633857, 7, 90, 138, 131, 0, 1.37%, 0, 4, 4, 13.05, 4369
1648633862, 7, 90, 140, 133, 0, 1.37%, 0, 4, 4, 10.53, 4419
1648633867, 7, 90, 141, 134, 0, 1.38%, 0, 4, 4, 12.03, 4480
1648633872, 7, 90, 143, 136, 0, 1.38%, 0, 4, 4, 13.21, 4549
1648633878, 7, 90, 145, 138, 0, 1.39%, 0, 4, 4, 13.38, 4615
1648633883, 7, 115, 145, 137, 0, 1.39%, 0, 4, 4, 15.05, 4692
1648633908, 7, 115, 146, 138, 0, 1.39%, 0, 5, 5, 10.31, 5054
1648633913, 7, 115, 147, 139, 0, 1.39%, 0, 5, 5, 1.86, 5107
1648633929, 7, 115, 148, 140, 0, 1.39%, 0, 5, 5, 11.77, 5234
1648633955, 7, 115, 152, 144, 0, 1.43%, 0, 5, 5, 1.49, 5525
1648633961, 7, 115, 154, 146, 0, 1.43%, 0, 5, 5, 1.00, 5587
1648633966, 7, 115, 157, 149, 0, 1.45%, 0, 5, 5, 12.97, 5641
1648633972, 8, 3, 157, 148, 3, 1.45%, 0, 5, 5, 11.15, 5691
1648633988, 8, 3, 159, 150, 3, 1.45%, 0, 5, 5, 13.46, 5829
1648633993, 8, 3, 161, 152, 3, 1.45%, 0, 5, 5, 13.10, 5891
1648633998, 8, 67, 161, 151, 2, 1.45%, 0, 5, 5, 10.80, 5947
1648634009, 8, 67, 162, 152, 2, 1.45%, 0, 5, 5, 9.70, 6012
1648634030, 9, 3, 163, 152, 4, 1.45%, 0, 5, 5, 13.20, 6242
1648634036, 9, 3, 165, 154, 4, 1.45%, 0, 5, 5, 2.67, 6306
1648634042, 9, 3, 168, 157, 4, 1.45%, 0, 5, 5, 2.60, 6345
1648634057, 9, 3, 171, 160, 4, 1.47%, 0, 5, 5, 13.66, 6396
1648634068, 9, 3, 172, 161, 4, 1.47%, 0, 5, 5, 20.14, 6461
1648634095, 9, 3, 173, 162, 4, 1.47%, 0, 5, 5, 14.63, 6591
1648634100, 9, 137, 173, 162, 0, 1.47%, 0, 5, 5, 10.28, 6616
1648634110, 9, 137, 174, 163, 0, 1.47%, 0, 5, 5, 10.85, 6724
1648634115, 9, 137, 175, 164, 0, 1.47%, 0, 5, 5, 10.12, 6776
1648634120, 9, 137, 177, 166, 0, 1.47%, 0, 5, 5, 9.21, 6820
1648634125, 9, 137, 178, 167, 0, 1.48%, 0, 5, 5, 8.37, 6862
1648634130, 9, 137, 179, 168, 0, 1.48%, 0, 5, 5, 7.66, 6900
1648634136, 9, 137, 180, 169, 0, 1.48%, 0, 5, 5, 7.79, 6940
1648634141, 9, 137, 181, 170, 0, 1.48%, 0, 5, 5, 8.77, 6985
1648634146, 9, 137, 183, 172, 0, 1.49%, 0, 5, 5, 8.77, 7032
1648634151, 9, 137, 184, 173, 0, 1.49%, 0, 5, 5, 9.21, 7081
1648634161, 9, 137, 185, 174, 0, 1.49%, 0, 5, 5, 8.47, 7171
1648634166, 9, 137, 186, 175, 0, 1.49%, 0, 5, 5, 6.74, 7203
1648634177, 10, 75, 187, 175, 0, 1.49%, 0, 5, 5, 25.11, 7355
1648634187, 10, 103, 188, 175, 0, 1.49%, 0, 5, 5, 20.08, 7580
1648634197, 10, 103, 189, 176, 0, 1.49%, 0, 5, 5, 18.11, 7763
1648634202, 10, 103, 193, 180, 0, 1.49%, 0, 5, 5, 17.79, 7856
1648634208, 11, 109, 193, 179, 1, 1.49%, 0, 5, 5, 14.22, 7930
1648634233, 11, 109, 193, 179, 1, 1.49%, 0, 8, 5, 11.43, 8155
1648634248, 11, 109, 194, 180, 1, 1.49%, 0, 8, 5, 11.39, 8308
1648634254, 11, 109, 195, 181, 1, 1.49%, 0, 8, 5, 10.08, 8358
1648634259, 11, 120, 195, 180, 0, 1.49%, 0, 8, 5, 10.23, 8413
1648634295, 11, 120, 196, 181, 0, 1.49%, 0, 8, 5, 9.81, 8756
1648634305, 11, 120, 197, 182, 0, 1.49%, 0, 8, 5, 9.42, 8856
1648634351, 12, 71, 197, 181, 0, 1.49%, 0, 8, 5, 14.50, 9322
1648634362, 12, 71, 199, 183, 0, 1.49%, 0, 9, 5, 1.84, 9471
1648634367, 12, 71, 200, 184, 0, 1.50%, 0, 9, 5, 6.78, 9515
1648634372, 13, 34, 200, 183, 0, 1.50%, 0, 9, 5, 21.46, 9623
1648634383, 14, 74, 200, 183, 0, 1.50%, 0, 9, 5, 25.11, 9964
1648634388, 14, 74, 202, 185, 0, 1.50%, 0, 9, 5, 16.73, 10036
1648634393, 14, 74, 203, 186, 0, 1.50%, 0, 10, 5, 13.02, 10071
1648634398, 14, 74, 204, 187, 0, 1.50%, 0, 10, 5, 13.81, 10138
1648634408, 14, 129, 204, 187, 6, 1.50%, 0, 10, 5, 15.13, 10286
1648634413, 14, 129, 206, 189, 6, 1.51%, 0, 10, 5, 13.99, 10356
1648634424, 14, 129, 207, 190, 6, 1.52%, 0, 10, 5, 14.08, 10505
1648634429, 14, 129, 208, 191, 6, 1.52%, 0, 10, 5, 13.11, 10571
1648634439, 14, 129, 210, 193, 6, 1.52%, 0, 10, 5, 13.53, 10707
1648634444, 14, 129, 211, 194, 6, 1.52%, 0, 10, 5, 13.84, 10775
1648634459, 14, 129, 212, 195, 6, 1.52%, 0, 10, 5, 12.50, 10984
1648634464, 14, 148, 213, 195, 0, 1.52%, 0, 10, 5, 13.69, 11052
1648634496, 14, 148, 213, 195, 0, 1.52%, 0, 11, 5, 3.67, 11312
1648634553, 14, 148, 214, 196, 0, 1.53%, 0, 11, 6, 11.83, 11871
1648634569, 14, 148, 214, 196, 0, 1.53%, 0, 12, 6, 10.42, 11987
1648634584, 14, 177, 215, 196, 0, 1.53%, 0, 12, 6, 0.00, 12155
1648634615, 14, 177, 216, 197, 0, 1.53%, 0, 12, 6, 8.27, 12402
1648634641, 14, 177, 217, 198, 0, 1.53%, 0, 12, 6, 8.20, 12605
1648634646, 14, 177, 219, 200, 0, 1.53%, 0, 12, 6, 6.64, 12638
1648634651, 14, 177, 220, 201, 0, 1.53%, 0, 12, 6, 6.24, 12668
1648634656, 14, 177, 221, 202, 0, 1.53%, 0, 12, 6, 6.45, 12700
1648634672, 14, 177, 222, 203, 0, 1.53%, 0, 12, 6, 7.72, 12821
1648634682, 14, 177, 223, 204, 0, 1.53%, 0, 12, 6, 6.56, 12889
1648634693, 14, 177, 225, 206, 0, 1.53%, 0, 12, 6, 6.22, 12949
1648634703, 14, 177, 226, 207, 0, 1.54%, 0, 12, 6, 7.38, 13025
1648634744, 14, 177, 227, 208, 0, 1.54%, 0, 12, 6, 7.86, 13342
1648634754, 14, 177, 228, 209, 0, 1.54%, 0, 12, 6, 8.81, 13428
1648634770, 14, 177, 229, 210, 0, 1.54%, 0, 12, 6, 8.05, 13546
1648634775, 14, 177, 230, 211, 0, 1.54%, 0, 12, 6, 8.10, 13588
1648634785, 14, 177, 231, 212, 0, 1.54%, 0, 12, 6, 7.88, 13668
1648634790, 15, 5, 231, 211, 0, 1.54%, 0, 12, 6, 10.89, 13703
1648634806, 15, 5, 231, 211, 0, 1.54%, 0, 13, 6, 1.00, 13849
1648634816, 15, 72, 231, 210, 0, 1.54%, 0, 13, 6, 15.73, 13979
1648634827, 15, 72, 234, 213, 0, 1.54%, 0, 13, 6, 16.73, 14123
1648634832, 15, 72, 236, 215, 0, 1.54%, 0, 13, 6, 13.75, 14192
1648634843, 16, 6, 238, 216, 3, 1.55%, 0, 13, 6, 15.26, 14325
1648634848, 16, 6, 241, 219, 3, 1.57%, 0, 13, 6, 2.81, 14409
1648634854, 16, 6, 242, 220, 3, 1.59%, 0, 13, 6, 1.86, 14439
1648634859, 16, 6, 244, 222, 3, 1.59%, 0, 13, 6, 22.50, 14507
1648634864, 16, 6, 247, 225, 3, 1.59%, 0, 13, 6, 18.68, 14599
1648634875, 16, 6, 248, 226, 3, 1.59%, 0, 13, 6, 2.63, 14704
1648634880, 16, 184, 250, 227, 0, 1.59%, 0, 13, 6, 0.00, 14754
1648634885, 16, 184, 251, 228, 0, 1.59%, 0, 13, 6, 6.86, 14780
1648634891, 16, 184, 252, 229, 0, 1.59%, 0, 13, 6, 6.74, 14815
1648634906, 16, 184, 253, 230, 0, 1.60%, 0, 13, 6, 7.81, 14929
1648634911, 16, 184, 254, 231, 0, 1.61%, 0, 13, 6, 7.75, 14969
1648634927, 16, 184, 255, 232, 0, 1.61%, 0, 13, 6, 7.64, 15084
1648634947, 16, 184, 257, 234, 0, 1.61%, 0, 13, 6, 7.91, 15242
1648634962, 16, 184, 258, 235, 0, 1.61%, 0, 13, 6, 7.76, 15356
1648634983, 16, 184, 260, 237, 0, 1.61%, 0, 13, 6, 8.09, 15518
1648634988, 16, 184, 264, 241, 0, 1.61%, 0, 13, 6, 7.31, 15554
1648635029, 16, 184, 265, 242, 0, 1.61%, 0, 13, 6, 7.05, 15874
1648635060, 16, 184, 267, 244, 0, 1.61%, 0, 13, 6, 7.72, 16106
1648635086, 16, 266, 268, 244, 0, 1.61%, 0, 13, 6, 0.00, 16295
1648635143, 16, 266, 269, 245, 0, 1.62%, 0, 13, 6, 6.48, 16700
1648635153, 16, 266, 271, 247, 0, 1.62%, 0, 13, 6, 6.23, 16764
1648635169, 16, 266, 272, 248, 0, 1.62%, 0, 13, 6, 6.33, 16856
1648635179, 16, 266, 273, 249, 0, 1.62%, 0, 13, 6, 6.80, 16926
1648635220, 16, 266, 274, 250, 0, 1.62%, 0, 13, 6, 7.05, 17224
1648635231, 17, 176, 274, 249, 2, 1.62%, 0, 13, 6, 9.10, 17299
1648635266, 17, 176, 276, 251, 2, 1.62%, 0, 13, 6, 8.50, 17610
1648635272, 17, 176, 279, 254, 2, 1.63%, 0, 13, 6, 7.78, 17648
1648635277, 17, 176, 281, 256, 2, 1.63%, 0, 13, 6, 6.90, 17682
1648635297, 17, 176, 282, 257, 2, 1.63%, 0, 13, 6, 7.71, 17826
1648635303, 17, 176, 283, 258, 2, 1.63%, 0, 13, 6, 7.52, 17864
1648635308, 17, 176, 284, 259, 2, 1.63%, 0, 13, 6, 7.26, 17900
1648635323, 17, 176, 287, 262, 2, 1.63%, 0, 13, 6, 6.76, 18010
1648635334, 17, 176, 289, 264, 2, 1.63%, 0, 13, 6, 6.42, 18078
1648635339, 17, 176, 290, 265, 2, 1.63%, 0, 13, 6, 7.69, 18118
1648635344, 17, 176, 291, 266, 2, 1.63%, 0, 13, 6, 7.40, 18156
1648635354, 17, 176, 293, 268, 2, 1.63%, 0, 13, 6, 7.30, 18229
1648635359, 17, 176, 294, 269, 2, 1.63%, 0, 13, 6, 7.62, 18269
1648635364, 17, 176, 295, 270, 2, 1.63%, 0, 13, 6, 7.35, 18305
1648635380, 19, 107, 295, 269, 0, 1.63%, 0, 13, 6, 17.50, 18486
1648635395, 19, 107, 298, 272, 0, 1.63%, 0, 13, 6, 14.93, 18741
1648635400, 20, 112, 298, 271, 0, 1.63%, 0, 13, 6, 14.70, 18816
1648635416, 20, 112, 299, 272, 0, 1.63%, 0, 13, 6, 7.71, 19002
1648635446, 20, 122, 299, 271, 0, 1.63%, 0, 13, 6, 10.32, 19331
1648635518, 20, 122, 300, 272, 0, 1.64%, 0, 13, 6, 11.31, 20273
1648635544, 21, 101, 300, 271, 0, 1.64%, 0, 13, 6, 12.20, 20550
1648635554, 21, 101, 301, 272, 0, 1.64%, 0, 13, 6, 15.59, 20718
1648635564, 21, 101, 303, 274, 0, 1.64%, 0, 13, 6, 16.64, 20864
1648635569, 22, 127, 304, 274, 0, 1.64%, 0, 13, 6, 12.76, 20930
1648635652, 22, 127, 304, 274, 0, 1.64%, 0, 14, 6, 12.11, 21705
1648635662, 22, 132, 304, 273, 0, 1.64%, 0, 14, 6, 7.28, 21812
1648635667, 22, 132, 306, 275, 0, 1.64%, 0, 14, 6, 11.03, 21875
1648635678, 22, 132, 307, 276, 0, 1.64%, 0, 14, 6, 12.42, 21999
1648635688, 22, 132, 308, 277, 0, 1.64%, 0, 14, 6, 11.74, 22119
1648635693, 22, 132, 309, 278, 0, 1.64%, 0, 14, 6, 12.24, 22184
1648635698, 22, 132, 310, 279, 0, 1.64%, 0, 14, 6, 11.64, 22244
1648635714, 22, 132, 311, 280, 0, 1.64%, 0, 14, 6, 11.91, 22430
1648635719, 22, 152, 311, 279, 0, 1.64%, 0, 14, 6, 11.50, 22489
1648635770, 22, 221, 311, 278, 0, 1.64%, 0, 14, 6, 6.33, 23090
1648635888, 22, 293, 312, 278, 0, 1.64%, 0, 14, 6, 8.05, 23952
1648635945, 22, 293, 313, 279, 0, 1.64%, 0, 14, 6, 6.49, 24352
1648635955, 22, 293, 314, 280, 0, 1.64%, 0, 14, 6, 6.43, 24420
1648635971, 22, 293, 315, 281, 0, 1.64%, 0, 14, 6, 5.92, 24513
1648635986, 22, 293, 316, 282, 0, 1.64%, 0, 14, 6, 6.37, 24611
1648635992, 22, 293, 317, 283, 0, 1.64%, 0, 14, 6, 6.14, 24643
1648636027, 23, 8, 317, 282, 0, 1.64%, 0, 14, 6, 10.66, 24904
1648636038, 23, 8, 318, 283, 0, 1.64%, 0, 14, 6, 2.62, 25041
1648636043, 23, 76, 318, 282, 0, 1.64%, 0, 14, 6, 12.03, 25114
1648636053, 23, 76, 318, 282, 0, 1.64%, 0, 15, 6, 2.45, 25190
1648636069, 24, 10, 318, 281, 0, 1.64%, 0, 15, 6, 18.32, 25404
1648636075, 24, 10, 319, 282, 0, 1.67%, 0, 15, 6, 3.22, 25463
1648636080, 24, 10, 320, 283, 0, 1.67%, 0, 15, 6, 20.00, 25490
1648636085, 24, 10, 321, 284, 0, 1.67%, 0, 15, 6, 20.67, 25535
1648636090, 24, 10, 322, 285, 0, 1.67%, 0, 15, 6, 1.00, 25594
1648636101, 24, 10, 323, 286, 0, 1.67%, 0, 15, 6, 3.03, 25666
1648636107, 24, 10, 324, 287, 0, 1.67%, 0, 15, 6, 2.57, 25702
1648636112, 24, 314, 324, 286, 0, 1.67%, 0, 15, 6, 11.00, 25717
1648636153, 24, 314, 325, 287, 0, 1.67%, 0, 15, 7, 6.57, 26007
1648636158, 24, 314, 326, 288, 0, 1.67%, 0, 15, 7, 6.03, 26039
1648636163, 24, 314, 328, 290, 0, 1.67%, 0, 15, 7, 5.59, 26067
1648636173, 24, 314, 329, 291, 0, 1.67%, 0, 15, 7, 8.93, 26147
1648636179, 24, 314, 330, 292, 0, 1.67%, 0, 15, 7, 8.40, 26192
1648636204, 24, 314, 332, 294, 0, 1.67%, 0, 15, 7, 7.30, 26353
1648636209, 24, 314, 334, 296, 0, 1.67%, 0, 15, 7, 8.38, 26392
1648636220, 24, 314, 336, 298, 0, 1.67%, 0, 15, 7, 5.75, 26465
1648636235, 24, 314, 337, 299, 0, 1.74%, 0, 15, 7, 7.85, 26576
1648636240, 24, 314, 338, 300, 0, 1.74%, 0, 15, 7, 6.62, 26605
1648636245, 24, 314, 340, 302, 0, 1.74%, 0, 15, 7, 6.19, 26638
1648636256, 25, 185, 341, 302, 2, 1.74%, 0, 15, 7, 0.00, 26714
1648636312, 25, 185, 342, 303, 2, 1.74%, 0, 15, 7, 5.95, 27077
1648636317, 25, 185, 344, 305, 2, 1.74%, 0, 15, 7, 5.51, 27104
1648636333, 25, 185, 345, 306, 2, 1.74%, 0, 15, 7, 6.03, 27197
1648636348, 25, 185, 346, 307, 2, 1.74%, 0, 15, 7, 5.70, 27289
1648636369, 25, 185, 347, 308, 2, 1.74%, 0, 15, 7, 6.65, 27423
1648636410, 25, 185, 348, 309, 2, 1.75%, 0, 15, 7, 6.01, 27677
1648636426, 25, 270, 348, 308, 1, 1.75%, 0, 15, 7, 0.00, 27771
1648636436, 25, 270, 349, 309, 1, 1.75%, 0, 15, 7, 6.50, 27838
1648636499, 25, 270, 350, 310, 1, 1.75%, 0, 15, 7, 6.42, 28241
1648636524, 25, 270, 351, 311, 1, 1.75%, 0, 15, 7, 5.57, 28397
1648636530, 25, 270, 352, 312, 1, 1.75%, 0, 15, 7, 5.39, 28424
1648636592, 25, 270, 353, 313, 1, 1.75%, 0, 15, 7, 6.35, 28798
1648636648, 25, 275, 354, 313, 5, 1.75%, 0, 15, 7, 7.67, 29159
1648636720, 27, 276, 354, 312, 4, 1.75%, 0, 15, 7, 8.15, 29810
1648636766, 27, 276, 355, 313, 4, 1.75%, 0, 15, 7, 9.21, 30268
1648636782, 27, 276, 356, 314, 4, 1.75%, 0, 15, 7, 8.67, 30404
1648636802, 27, 276, 357, 315, 4, 1.75%, 0, 15, 7, 9.56, 30594
1648636843, 27, 276, 358, 316, 4, 1.75%, 0, 15, 7, 8.83, 30951
1648636853, 29, 108, 358, 315, 0, 1.75%, 0, 15, 7, 11.06, 31048
1648636900, 29, 108, 359, 316, 0, 1.75%, 0, 15, 7, 10.91, 31661
1648636926, 29, 145, 359, 315, 0, 1.75%, 0, 15, 7, 12.33, 31934
1648636993, 29, 145, 360, 316, 0, 1.75%, 0, 15, 7, 1.00, 32747
1648636998, 29, 145, 361, 317, 0, 1.75%, 0, 15, 7, 7.22, 32780
1648637035, 29, 145, 362, 318, 0, 1.75%, 0, 15, 7, 11.67, 33069
1648637040, 30, 119, 362, 317, 0, 1.75%, 0, 15, 7, 16.55, 33151
1648637061, 30, 119, 362, 317, 0, 1.75%, 0, 16, 7, 19.51, 33556
1648637066, 30, 119, 363, 318, 0, 1.75%, 0, 16, 7, 1.84, 33600
1648637092, 30, 119, 364, 319, 0, 1.75%, 0, 16, 7, 21.54, 33889
1648637130, 30, 119, 365, 320, 0, 1.75%, 0, 16, 7, 2.62, 34287
1648637135, 31, 34, 365, 319, 0, 1.75%, 0, 16, 7, 34.36, 34478
1648637146, 31, 316, 366, 320, 0, 1.75%, 0, 16, 7, 5.97, 34741
1648637294, 32, 166, 366, 319, 0, 1.75%, 0, 16, 7, 30.08, 35664
1648637310, 32, 166, 367, 320, 0, 1.75%, 0, 16, 7, 6.01, 35924
1648637357, 33, 133, 367, 319, 0, 1.75%, 0, 16, 7, 13.73, 36200
1648637393, 33, 133, 369, 321, 0, 1.75%, 0, 16, 7, 13.08, 36696
1648637403, 33, 156, 369, 320, 0, 1.75%, 0, 16, 7, 18.65, 36867
1648637449, 33, 156, 370, 321, 0, 1.75%, 0, 16, 7, 10.53, 37523
1648637469, 33, 156, 371, 322, 0, 1.75%, 0, 16, 7, 10.00, 37753
1648637479, 33, 156, 372, 323, 0, 1.75%, 0, 16, 7, 9.55, 37841
1648637495, 33, 222, 372, 322, 3, 1.75%, 0, 16, 7, 0.00, 37964
1648637520, 33, 222, 373, 323, 3, 1.89%, 0, 16, 7, 7.35, 38155
1648637566, 33, 222, 374, 324, 3, 1.89%, 0, 16, 7, 7.90, 38494
1648637571, 33, 222, 375, 325, 3, 1.89%, 0, 16, 7, 7.88, 38534
1648637582, 33, 222, 376, 326, 3, 1.89%, 0, 16, 7, 7.10, 38610
1648637628, 33, 312, 377, 326, 0, 1.89%, 0, 16, 7, 0.00, 38933
1648637731, 33, 312, 378, 327, 0, 1.89%, 0, 16, 7, 5.71, 39541
1648637736, 33, 312, 379, 328, 0, 1.90%, 0, 16, 7, 5.63, 39570
1648637747, 33, 312, 381, 330, 0, 1.90%, 0, 16, 7, 5.66, 39629
1648637757, 33, 312, 382, 331, 0, 1.90%, 0, 16, 7, 5.62, 39688
1648637778, 33, 312, 383, 332, 0, 1.90%, 0, 16, 7, 4.90, 39793
1648637809, 34, 10, 383, 331, 0, 1.90%, 0, 16, 7, 30.40, 40000
1648637814, 34, 10, 383, 331, 0, 1.90%, 0, 17, 7, 1.91, 40066
1648637830, 34, 117, 383, 331, 0, 1.90%, 0, 17, 7, 5.80, 40167
1648637891, 34, 117, 384, 332, 0, 1.90%, 0, 17, 7, 9.46, 40737
1648637922, 34, 117, 384, 332, 0, 1.90%, 0, 18, 7, 7.42, 41063
1648637927, 34, 117, 384, 332, 0, 1.90%, 0, 19, 7, 0.92, 41082
1648637989, 35, 89, 384, 331, 0, 1.90%, 0, 19, 7, 1.00, 41355
1648638038, 35, 314, 384, 330, 0, 1.90%, 0, 19, 7, 12.63, 41693
1648638079, 35, 314, 385, 331, 0, 1.90%, 0, 19, 7, 9.21, 42005
1648638084, 35, 314, 387, 333, 0, 1.91%, 0, 19, 7, 7.54, 42041
1648638089, 35, 314, 388, 334, 0, 1.91%, 0, 19, 7, 7.61, 42078
1648638094, 35, 314, 389, 335, 0, 1.93%, 0, 19, 7, 5.81, 42105
1648638099, 35, 314, 390, 336, 0, 1.93%, 0, 19, 7, 5.43, 42132
1648638109, 35, 314, 391, 337, 0, 1.93%, 0, 19, 7, 6.95, 42200
1648638125, 35, 314, 392, 338, 0, 1.93%, 0, 19, 7, 8.25, 42328
1648638130, 35, 314, 393, 339, 0, 1.93%, 0, 19, 7, 7.71, 42364
1648638135, 35, 314, 394, 340, 0, 1.93%, 0, 19, 7, 7.74, 42403
1648638156, 35, 314, 395, 341, 0, 1.93%, 0, 19, 7, 8.00, 42586
1648638171, 35, 341, 396, 342, 2, 1.93%, 0, 19, 7, 5.59, 42672
1648638176, 35, 341, 397, 343, 2, 1.93%, 0, 19, 7, 5.46, 42700
1648638192, 35, 341, 398, 344, 2, 1.94%, 0, 19, 7, 5.28, 42785
1648638233, 35, 341, 399, 345, 2, 1.94%, 0, 19, 7, 4.78, 43004
1648638362, 35, 341, 400, 346, 2, 1.94%, 0, 19, 7, 5.47, 43691
1648638399, 35, 341, 401, 347, 2, 1.94%, 0, 19, 7, 5.41, 43895
1648638425, 35, 341, 402, 348, 2, 1.94%, 0, 19, 7, 5.13, 44041
1648638435, 35, 348, 402, 347, 2, 1.94%, 0, 19, 7, 6.81, 44097
1648638440, 35, 348, 404, 349, 2, 1.94%, 0, 19, 8, 6.26, 44127
1648638450, 35, 348, 405, 350, 2, 1.94%, 0, 19, 8, 6.75, 44197
1648638501, 35, 348, 406, 351, 2, 1.94%, 0, 19, 8, 6.73, 44540
1648638517, 35, 348, 407, 352, 2, 1.94%, 0, 19, 8, 5.77, 44633
1648638527, 35, 348, 409, 354, 2, 1.94%, 0, 19, 8, 5.25, 44688
1648638532, 35, 348, 411, 356, 2, 1.94%, 0, 19, 8, 5.18, 44715
1648638584, 35, 348, 412, 357, 2, 1.94%, 0, 19, 8, 6.34, 45020
1648638651, 35, 348, 413, 358, 2, 1.94%, 0, 19, 8, 6.34, 45437
1648638656, 35, 348, 415, 360, 2, 1.94%, 0, 19, 8, 5.96, 45467
1648638661, 35, 348, 417, 362, 2, 1.94%, 0, 19, 8, 5.09, 45490
1648638667, 35, 348, 418, 363, 2, 1.94%, 0, 19, 8, 5.10, 45516
1648638677, 36, 276, 418, 362, 6, 1.94%, 0, 19, 8, 9.67, 45579
1648638764, 36, 276, 419, 363, 6, 1.94%, 0, 19, 8, 7.96, 46319
1648638775, 36, 276, 420, 364, 6, 1.95%, 0, 19, 8, 6.60, 46391
1648638785, 36, 276, 421, 365, 6, 1.95%, 0, 19, 8, 7.88, 46467
1648638805, 36, 276, 422, 366, 6, 1.95%, 0, 19, 8, 7.85, 46633
1648638811, 36, 276, 423, 367, 6, 1.95%, 0, 19, 8, 7.70, 46673
1648638831, 37, 247, 423, 367, 0, 1.95%, 0, 19, 8, 7.18, 46826
1648638867, 37, 349, 423, 366, 0, 1.95%, 0, 19, 8, 7.32, 47416
1648638934, 37, 349, 424, 367, 0, 1.98%, 0, 19, 8, 7.66, 47974
1648638974, 37, 349, 425, 368, 0, 1.98%, 0, 19, 8, 8.35, 48310
1648638980, 37, 391, 425, 367, 0, 1.98%, 0, 19, 8, 4.52, 48335
1648639000, 37, 391, 426, 368, 0, 1.98%, 0, 19, 8, 4.71, 48432
1648639041, 37, 391, 427, 369, 0, 1.99%, 0, 19, 8, 4.78, 48626
1648639056, 37, 391, 428, 370, 0, 1.99%, 0, 19, 8, 4.74, 48700
1648639066, 37, 391, 429, 371, 0, 1.99%, 0, 19, 8, 4.77, 48749
1648639195, 38, 110, 429, 370, 0, 1.99%, 0, 19, 8, 7.67, 49373
1648639257, 38, 195, 429, 369, 0, 1.99%, 0, 19, 8, 10.18, 49938
1648639385, 39, 188, 429, 368, 0, 1.99%, 0, 19, 8, 12.49, 51133
1648639463, 39, 188, 429, 368, 0, 1.99%, 0, 20, 8, 1.19, 51810
1648639499, 40, 324, 429, 367, 0, 1.99%, 0, 20, 8, 4.13, 52283
1648639721, 41, 200, 429, 366, 0, 1.99%, 0, 20, 8, 13.60, 53655
1648639747, 41, 200, 429, 366, 0, 1.99%, 0, 21, 8, 1.75, 54057
1648639798, 42, 134, 429, 365, 0, 1.99%, 0, 21, 8, 13.86, 54807
1648639839, 42, 369, 429, 364, 0, 1.99%, 0, 21, 8, 13.96, 55370
1648639892, 42, 369, 430, 365, 0, 1.99%, 0, 21, 8, 12.44, 56040
1648639907, 42, 369, 430, 365, 0, 1.99%, 0, 22, 8, 1.02, 56109
1648639944, 42, 369, 430, 365, 0, 1.99%, 0, 23, 8, 1.10, 56149
1648639975, 43, 216, 430, 364, 0, 1.99%, 0, 23, 8, 4.32, 56517
1648640057, 43, 216, 431, 365, 0, 1.99%, 0, 23, 8, 7.60, 57097
1648640098, 43, 381, 431, 364, 0, 1.99%, 0, 23, 8, 0.00, 57387
1648640161, 43, 381, 432, 365, 0, 1.99%, 0, 23, 8, 4.97, 57713
1648640212, 43, 381, 433, 366, 0, 1.99%, 0, 23, 8, 4.87, 57974
1648640238, 43, 381, 434, 367, 0, 1.99%, 0, 23, 8, 4.91, 58103
1648640243, 43, 381, 436, 369, 0, 1.99%, 0, 23, 8, 5.09, 58129
1648640279, 44, 138, 436, 368, 0, 1.99%, 0, 23, 8, 6.87, 58305
1648640300, 44, 138, 437, 369, 0, 1.99%, 0, 23, 8, 9.43, 58505
1648640305, 44, 138, 438, 370, 0, 1.99%, 0, 23, 8, 8.52, 58545
1648640315, 44, 138, 439, 371, 0, 1.99%, 0, 23, 8, 7.10, 58617
1648640356, 45, 12, 439, 370, 0, 1.99%, 0, 23, 8, 15.30, 58990
1648640372, 45, 279, 440, 370, 0, 1.99%, 0, 23, 8, 3.42, 59091
1648640475, 45, 279, 441, 371, 0, 1.99%, 0, 23, 8, 6.82, 59740
1648640480, 45, 279, 442, 372, 0, 1.99%, 0, 23, 8, 6.44, 59772
1648640515, 46, 99, 443, 372, 0, 2.00%, 0, 23, 8, 0.97, 59988
1648640532, 46, 99, 444, 373, 0, 2.00%, 0, 23, 8, 18.38, 60135
1648640537, 46, 99, 445, 374, 0, 2.00%, 0, 23, 8, 17.43, 60181
1648640548, 46, 99, 446, 375, 0, 2.00%, 0, 23, 8, 15.43, 60292
1648640563, 46, 218, 446, 374, 0, 2.00%, 0, 23, 8, 0.00, 60402
1648640599, 46, 218, 447, 375, 0, 2.00%, 0, 23, 8, 7.08, 60652
1648640681, 46, 350, 447, 374, 0, 2.00%, 0, 23, 8, 3.60, 61284
1648640754, 46, 357, 447, 373, 0, 2.00%, 0, 23, 8, 8.51, 61692
1648640800, 46, 357, 449, 375, 0, 2.00%, 0, 23, 8, 8.18, 62087
1648640805, 46, 357, 450, 376, 0, 2.00%, 0, 23, 8, 7.79, 62126
1648640831, 46, 357, 452, 378, 0, 2.00%, 0, 23, 8, 8.63, 62336
1648640883, 46, 357, 454, 380, 0, 2.00%, 0, 23, 8, 8.01, 62737
1648640903, 46, 357, 456, 382, 0, 2.00%, 0, 23, 8, 7.58, 62881
1648640908, 47, 225, 456, 381, 3, 2.00%, 0, 23, 8, 5.04, 62915
1648640918, 47, 225, 457, 382, 3, 2.00%, 0, 23, 8, 7.21, 62989
1648641052, 47, 225, 458, 383, 3, 2.00%, 0, 23, 8, 6.13, 63970
1648641072, 47, 370, 458, 382, 1, 2.00%, 0, 23, 8, 7.79, 64113
1648641124, 47, 370, 459, 383, 1, 2.00%, 0, 23, 8, 13.25, 64598
1648641213, 47, 375, 459, 382, 0, 2.00%, 0, 23, 8, 6.15, 65240
1648641275, 47, 375, 460, 383, 0, 2.00%, 0, 23, 8, 7.35, 65759
1648641286, 47, 375, 461, 384, 0, 2.00%, 0, 23, 8, 7.35, 65833
1648641291, 48, 34, 461, 383, 0, 2.00%, 0, 23, 8, 39.79, 66000
1648641296, 48, 409, 461, 383, 0, 2.00%, 0, 23, 8, 0.00, 66193
1648641522, 48, 409, 462, 384, 0, 2.00%, 0, 23, 9, 8.28, 68000
1648641548, 49, 403, 462, 383, 3, 2.00%, 0, 23, 9, 6.78, 68204
1648641661, 49, 403, 463, 384, 3, 2.00%, 0, 23, 9, 5.79, 68937
1648641687, 49, 403, 464, 385, 3, 2.00%, 0, 23, 9, 5.06, 69058
1648641759, 49, 403, 465, 386, 3, 2.01%, 0, 23, 9, 6.14, 69512
1648641779, 49, 403, 466, 387, 3, 2.01%, 0, 23, 9, 6.78, 69645
1648641826, 49, 403, 467, 388, 3, 2.01%, 0, 23, 9, 6.33, 69939
1648641862, 49, 403, 469, 390, 3, 2.01%, 0, 23, 9, 6.52, 70169
1648641872, 49, 426, 469, 389, 0, 2.01%, 0, 23, 9, 4.15, 70227
1648642012, 49, 426, 470, 390, 0, 2.01%, 0, 23, 9, 5.96, 71025
1648642017, 49, 426, 471, 391, 0, 2.01%, 0, 23, 9, 5.92, 71055
1648642166, 49, 426, 472, 392, 0, 2.01%, 0, 23, 9, 4.51, 71991
1648642172, 49, 426, 473, 393, 0, 2.01%, 0, 23, 9, 4.28, 72013
1648642207, 50, 139, 473, 392, 1, 2.01%, 0, 23, 9, 9.46, 72228
1648642268, 50, 299, 473, 391, 1, 2.01%, 0, 23, 9, 10.79, 72816
1648642355, 50, 384, 473, 390, 0, 2.01%, 0, 23, 9, 13.60, 74020
1648642432, 50, 384, 474, 391, 0, 2.01%, 0, 23, 9, 9.34, 75066
1648642463, 50, 384, 475, 392, 0, 2.01%, 0, 23, 9, 8.10, 75387
1648642483, 50, 384, 476, 393, 0, 2.02%, 0, 23, 9, 12.52, 75623
1648642493, 51, 111, 476, 392, 0, 2.02%, 0, 23, 9, 11.57, 75752
1648642555, 52, 15, 476, 391, 0, 2.02%, 0, 23, 9, 9.15, 76323
1648642560, 52, 287, 476, 390, 0, 2.02%, 0, 23, 9, 7.38, 76366
1648642653, 52, 287, 478, 392, 0, 2.02%, 0, 23, 9, 6.71, 76997
1648642694, 53, 163, 478, 391, 0, 2.02%, 0, 23, 9, 11.91, 77287
1648642715, 53, 163, 479, 392, 0, 2.02%, 0, 23, 9, 1.92, 77582
1648642776, 53, 204, 479, 391, 1, 2.02%, 0, 23, 9, 0.00, 78126
1648642832, 53, 204, 480, 392, 1, 2.02%, 0, 23, 9, 12.91, 78884
1648642868, 53, 344, 481, 392, 1, 2.03%, 0, 23, 9, 0.00, 79336
1648643028, 54, 469, 481, 391, 0, 2.03%, 0, 23, 9, 4.60, 80223
1648643380, 55, 407, 481, 390, 0, 2.03%, 0, 23, 9, 4.76, 82194
1648643442, 55, 407, 482, 391, 0, 2.03%, 0, 23, 9, 6.98, 82668
1648643561, 55, 407, 483, 392, 0, 2.03%, 0, 23, 9, 6.88, 83467
1648643566, 55, 407, 484, 393, 0, 2.03%, 0, 23, 9, 6.98, 83503
1648643581, 56, 149, 484, 392, 0, 2.03%, 0, 23, 9, 9.55, 83628
1648643711, 56, 149, 485, 393, 0, 2.03%, 0, 23, 9, 11.71, 84642
1648643726, 57, 20, 485, 392, 0, 2.03%, 0, 23, 9, 12.08, 84821
1648643769, 57, 164, 486, 392, 0, 2.03%, 0, 23, 9, 2.71, 85053
1648643833, 57, 164, 487, 393, 0, 2.03%, 0, 23, 9, 14.00, 85617
1648643838, 58, 72, 487, 392, 1, 2.03%, 0, 23, 9, 16.73, 85690
1648643876, 58, 299, 487, 392, 1, 2.03%, 0, 23, 9, 12.69, 85947
1648643978, 58, 363, 487, 392, 1, 2.03%, 0, 23, 9, 17.24, 87123
1648644055, 58, 363, 487, 392, 1, 2.03%, 0, 24, 9, 11.03, 88279
1648644111, 59, 206, 487, 391, 0, 2.03%, 0, 24, 9, 0.00, 88841
1648644178, 59, 206, 488, 392, 0, 2.03%, 0, 24, 9, 13.49, 89726
1648644203, 60, 25, 488, 391, 0, 2.03%, 0, 24, 9, 12.58, 90077
1648644283, 60, 351, 488, 390, 0, 2.03%, 0, 24, 9, 5.74, 90324
1648644351, 60, 351, 489, 391, 0, 2.03%, 0, 24, 9, 5.93, 90705
1648644356, 60, 351, 490, 392, 0, 2.03%, 0, 24, 9, 6.07, 90737
1648644366, 60, 351, 491, 393, 0, 2.03%, 0, 24, 9, 5.58, 90797
1648644438, 61, 396, 491, 392, 0, 2.03%, 0, 24, 9, 0.00, 91207
1648644490, 61, 396, 492, 393, 0, 2.03%, 0, 24, 9, 5.65, 91500
1648644516, 61, 396, 493, 394, 0, 2.04%, 0, 24, 9, 5.57, 91645
1648644526, 61, 396, 494, 395, 0, 2.04%, 0, 24, 9, 5.51, 91702
1648644547, 61, 396, 495, 396, 0, 2.04%, 0, 24, 9, 5.46, 91819
1648644557, 61, 396, 496, 397, 0, 2.04%, 0, 24, 9, 4.41, 91865
1648644614, 61, 396, 497, 398, 0, 2.04%, 0, 24, 9, 5.61, 92147
1648644665, 61, 396, 498, 399, 0, 2.04%, 0, 24, 9, 5.30, 92426
1648644671, 61, 396, 499, 400, 0, 2.04%, 0, 24, 9, 5.43, 92454
1648644696, 61, 455, 500, 400, 8, 2.04%, 0, 24, 9, 0.00, 92580
1648644795, 61, 455, 501, 401, 8, 2.05%, 0, 24, 9, 5.96, 93123
1648644909, 63, 386, 502, 401, 3, 2.05%, 0, 24, 9, 8.52, 93770
1648644914, 63, 386, 503, 402, 3, 2.05%, 0, 24, 9, 8.33, 93812
1648644935, 63, 386, 504, 403, 3, 2.05%, 0, 24, 9, 7.87, 93977
1648644940, 63, 386, 505, 404, 3, 2.05%, 0, 24, 9, 7.64, 94014
1648644981, 63, 386, 506, 405, 3, 2.06%, 0, 24, 9, 7.61, 94337
1648644986, 63, 386, 507, 406, 3, 2.06%, 0, 24, 9, 9.27, 94386
1648644991, 63, 386, 508, 407, 3, 2.07%, 0, 24, 9, 10.53, 94441
1648644996, 63, 386, 510, 409, 3, 2.07%, 0, 24, 9, 8.89, 94485
1648645002, 63, 386, 511, 410, 3, 2.07%, 0, 24, 9, 8.39, 94527
1648645037, 63, 386, 512, 411, 3, 2.07%, 0, 24, 9, 8.26, 94818
1648645052, 63, 386, 513, 412, 3, 2.07%, 0, 24, 9, 9.66, 94968
1648645057, 63, 386, 514, 413, 3, 2.07%, 0, 24, 9, 9.43, 95017
1648645063, 63, 386, 515, 414, 3, 2.07%, 0, 24, 9, 8.97, 95063
1648645083, 64, 27, 515, 413, 0, 2.07%, 0, 24, 9, 12.94, 95274
1648645088, 64, 27, 516, 414, 0, 2.07%, 0, 24, 9, 11.60, 95335
1648645093, 64, 27, 516, 414, 0, 2.07%, 0, 25, 9, 2.52, 95353
1648645120, 64, 488, 516, 413, 0, 2.07%, 0, 25, 9, 0.00, 95529
1648645214, 64, 488, 517, 414, 0, 2.07%, 0, 25, 9, 4.78, 95947
1648645235, 64, 488, 518, 415, 0, 2.07%, 0, 25, 9, 4.78, 96041
1648645250, 64, 488, 519, 416, 0, 2.07%, 0, 25, 9, 3.97, 96110
1648645255, 64, 488, 520, 417, 0, 2.12%, 0, 25, 9, 3.97, 96130
1648645323, 65, 74, 520, 416, 0, 2.12%, 0, 25, 9, 8.80, 96468
1648645343, 65, 74, 521, 417, 0, 2.12%, 0, 25, 9, 12.30, 96706
1648645348, 65, 166, 521, 417, 0, 2.12%, 0, 25, 9, 10.26, 96756
1648645427, 65, 166, 522, 418, 0, 2.12%, 0, 25, 9, 9.04, 97315
1648645432, 65, 490, 522, 418, 9, 2.12%, 0, 25, 9, 6.56, 97344
1648645541, 65, 490, 523, 419, 9, 2.12%, 0, 25, 9, 5.38, 98019
1648645659, 65, 490, 525, 421, 9, 2.12%, 0, 25, 9, 5.16, 98729
1648645756, 66, 371, 525, 420, 0, 2.12%, 0, 25, 9, 6.35, 99326
1648645845, 66, 371, 525, 420, 0, 2.12%, 0, 26, 9, 5.11, 100111
1648645862, 66, 371, 527, 422, 0, 2.12%, 0, 26, 9, 6.57, 100176
1648645893, 66, 434, 527, 421, 3, 2.12%, 0, 26, 9, 4.81, 100409
1648646033, 66, 434, 528, 422, 3, 2.12%, 0, 26, 9, 3.96, 101113
1648646084, 66, 434, 529, 423, 3, 2.12%, 0, 26, 9, 4.15, 101339
1648646131, 66, 434, 530, 424, 3, 2.12%, 0, 26, 9, 4.99, 101576
1648646192, 66, 434, 531, 425, 3, 2.12%, 0, 26, 9, 3.99, 101859
1648646307, 66, 434, 532, 426, 3, 2.12%, 0, 26, 9, 4.42, 102388
1648646317, 66, 491, 533, 426, 2, 2.12%, 0, 26, 9, 0.00, 102411
1648646451, 66, 491, 534, 427, 2, 2.12%, 0, 26, 9, 5.33, 103123
1648646456, 66, 491, 535, 428, 2, 2.12%, 0, 26, 9, 5.12, 103149
1648646574, 67, 29, 535, 427, 0, 2.12%, 0, 26, 9, 7.92, 103757
1648646600, 67, 391, 535, 426, 0, 2.12%, 0, 26, 9, 4.42, 104061
1648646682, 67, 391, 536, 427, 0, 2.12%, 0, 26, 9, 6.92, 104569
1648646687, 67, 391, 537, 428, 0, 2.12%, 0, 26, 9, 6.05, 104597
1648646693, 67, 391, 540, 431, 0, 2.13%, 0, 26, 9, 6.91, 104634
1648646744, 67, 493, 540, 431, 7, 2.13%, 0, 26, 9, 4.50, 104977
1648646888, 67, 493, 541, 432, 7, 2.13%, 0, 26, 9, 4.51, 105693
1648647017, 67, 518, 541, 431, 3, 2.13%, 0, 26, 9, 0.00, 106282
1648647434, 68, 377, 541, 430, 2, 2.13%, 0, 26, 9, 5.85, 107612
1648647507, 68, 377, 542, 431, 2, 2.13%, 0, 26, 9, 4.76, 108017
1648647553, 68, 377, 543, 432, 2, 2.13%, 0, 26, 9, 5.97, 108286
1648647589, 68, 430, 543, 431, 3, 2.13%, 0, 26, 9, 9.06, 108499
1648647600, 68, 430, 544, 432, 3, 2.13%, 0, 26, 9, 8.91, 108555
1648647649, 68, 430, 545, 433, 3, 2.14%, 0, 26, 9, 10.00, 108821
1648647762, 68, 430, 546, 434, 3, 2.14%, 0, 26, 9, 8.66, 109241
1648647854, 68, 478, 546, 433, 5, 2.14%, 0, 26, 9, 14.27, 109719
1648647870, 68, 478, 547, 434, 5, 2.14%, 0, 26, 9, 4.56, 109935
1648647917, 68, 486, 547, 433, 4, 2.14%, 0, 26, 9, 1.09, 110316
1648647967, 68, 486, 548, 434, 4, 2.14%, 0, 26, 9, 2.63, 110635
1648647972, 68, 486, 549, 435, 4, 2.14%, 0, 26, 9, 19.92, 110668
1648648004, 69, 456, 550, 435, 2, 2.14%, 0, 26, 9, 5.12, 110911
1648648009, 69, 456, 551, 436, 2, 2.14%, 0, 26, 9, 6.34, 110947
1648648123, 69, 456, 552, 437, 2, 2.14%, 0, 26, 9, 6.67, 111718
1648648138, 70, 231, 552, 436, 0, 2.14%, 0, 26, 9, 14.28, 111868
1648648200, 70, 231, 553, 437, 0, 2.14%, 0, 26, 9, 0.97, 112631
1648648242, 70, 366, 553, 436, 0, 2.14%, 0, 26, 9, 17.15, 112976
1648648316, 70, 497, 553, 435, 0, 2.14%, 0, 26, 9, 6.41, 113410
1648648384, 70, 497, 554, 436, 0, 2.14%, 0, 26, 9, 5.06, 113771
1648648415, 70, 497, 555, 437, 0, 2.14%, 0, 26, 9, 4.97, 113928
1648648487, 71, 203, 555, 436, 0, 2.14%, 0, 26, 9, 7.84, 114328
1648648610, 71, 418, 555, 435, 0, 2.14%, 0, 26, 9, 4.45, 115465
1648648775, 71, 418, 556, 436, 0, 2.14%, 0, 26, 9, 6.95, 116622
1648648780, 72, 300, 556, 435, 0, 2.14%, 0, 26, 9, 11.48, 116679
1648648838, 72, 300, 556, 435, 0, 2.14%, 0, 27, 9, 1.20, 117137
1648648916, 72, 300, 557, 436, 0, 2.15%, 0, 27, 9, 35.59, 117684
1648648921, 73, 235, 557, 435, 0, 2.15%, 0, 27, 9, 33.26, 117859
1648649016, 73, 235, 558, 436, 0, 2.15%, 0, 27, 9, 3.75, 118504
1648649021, 73, 235, 559, 437, 0, 2.15%, 0, 27, 9, 6.17, 118533
1648649062, 74, 220, 559, 436, 0, 2.15%, 0, 27, 9, 15.93, 119033
1648649067, 74, 220, 560, 437, 0, 2.15%, 0, 27, 9, 6.56, 119070
1648649098, 74, 220, 561, 438, 0, 2.15%, 0, 27, 9, 7.89, 119314
1648649103, 74, 220, 562, 439, 0, 2.15%, 0, 27, 9, 8.35, 119357
1648649113, 74, 220, 563, 440, 0, 2.15%, 0, 27, 9, 8.33, 119443
1648649129, 74, 220, 564, 441, 0, 2.16%, 0, 27, 9, 8.47, 119572
1648649149, 74, 220, 565, 442, 0, 2.16%, 0, 27, 9, 7.12, 119722
1648649206, 74, 220, 566, 443, 0, 2.16%, 0, 27, 9, 7.69, 120135
1648649252, 74, 430, 566, 442, 3, 2.16%, 0, 27, 9, 6.21, 120458
1648649303, 74, 430, 567, 443, 3, 2.16%, 0, 27, 9, 7.43, 120894
1648649313, 74, 430, 568, 444, 3, 2.17%, 0, 27, 9, 8.34, 120974
1648649354, 74, 430, 569, 445, 3, 2.17%, 0, 27, 9, 8.24, 121335
1648649400, 75, 127, 569, 445, 0, 2.17%, 0, 27, 9, 8.70, 121744
1648649472, 75, 449, 569, 445, 0, 2.17%, 0, 27, 9, 6.29, 122313
1648649545, 75, 449, 570, 446, 0, 2.17%, 0, 27, 9, 6.41, 122850
1648649550, 75, 449, 572, 448, 0, 2.17%, 0, 27, 9, 5.54, 122876
1648649555, 75, 449, 574, 450, 0, 2.17%, 0, 27, 9, 5.33, 122903
1648649560, 75, 449, 575, 451, 0, 2.17%, 0, 27, 9, 5.34, 122930
1648649581, 75, 449, 576, 452, 0, 2.17%, 0, 27, 9, 6.99, 123070
1648649627, 75, 449, 578, 454, 0, 2.17%, 0, 27, 9, 6.57, 123380
1648649637, 75, 449, 579, 455, 0, 2.17%, 0, 27, 9, 6.08, 123442
1648649643, 75, 449, 580, 456, 0, 2.17%, 0, 27, 9, 6.16, 123474
