# unix_time, cycles_done, cur_path, paths_total, pending_total, pending_favs, map_size, unique_crashes, unique_hangs, max_depth, execs_per_sec, total_execs
1648633490, 0, 0, 14, 14, 6, 7.55%, 0, 0, 2, 9.52, 393
1648633495, 0, 0, 15, 15, 6, 7.57%, 0, 0, 2, 8.59, 435
1648633500, 0, 0, 16, 16, 6, 7.57%, 0, 0, 2, 7.97, 475
1648633505, 0, 0, 19, 19, 6, 7.58%, 0, 0, 2, 8.26, 517
1648633510, 0, 0, 23, 23, 6, 7.58%, 0, 0, 2, 8.30, 559
1648633515, 0, 0, 26, 26, 6, 7.58%, 0, 0, 2, 7.21, 593
1648633520, 0, 0, 27, 27, 6, 7.63%, 0, 0, 2, 6.22, 621
1648633525, 0, 0, 28, 28, 6, 7.63%, 0, 0, 2, 5.73, 649
1648633530, 0, 0, 29, 29, 6, 7.63%, 0, 0, 2, 5.54, 677
1648633541, 0, 0, 30, 30, 6, 7.64%, 0, 0, 2, 4.58, 727
1648633551, 0, 0, 31, 31, 6, 7.64%, 0, 0, 2, 4.56, 773
1648633556, 0, 0, 33, 33, 6, 7.64%, 0, 0, 2, 5.49, 801
1648633567, 0, 0, 34, 34, 6, 7.64%, 0, 0, 2, 4.76, 849
1648633572, 0, 0, 38, 38, 6, 7.64%, 0, 0, 2, 5.61, 878
1648633582, 0, 0, 39, 39, 6, 7.65%, 0, 0, 2, 11.67, 958
1648633587, 0, 0, 42, 42, 6, 7.66%, 0, 0, 2, 6.95, 985
1648633592, 0, 0, 44, 44, 6, 7.66%, 0, 0, 2, 7.71, 1023
1648633598, 0, 0, 46, 46, 6, 7.66%, 0, 0, 2, 6.29, 1055
1648633603, 0, 0, 49, 49, 6, 7.66%, 0, 0, 2, 5.36, 1081
1648633608, 0, 0, 51, 51, 6, 7.66%, 0, 0, 2, 8.79, 1133
1648633613, 0, 0, 53, 53, 6, 7.66%, 0, 0, 2, 9.09, 1186
1648633618, 0, 0, 56, 56, 6, 7.66%, 0, 0, 2, 5.37, 1207
1648633623, 0, 0, 58, 58, 6, 7.66%, 0, 0, 2, 4.78, 1231
1648633634, 0, 0, 61, 61, 6, 7.69%, 0, 0, 2, 4.93, 1283
1648633639, 0, 0, 63, 63, 6, 7.69%, 0, 0, 2, 4.49, 1305
1648633644, 0, 0, 65, 65, 6, 7.69%, 0, 0, 2, 4.27, 1326
1648633649, 0, 0, 68, 68, 6, 7.69%, 0, 0, 2, 4.18, 1347
1648633654, 0, 0, 70, 70, 6, 7.70%, 0, 0, 2, 4.53, 1371
1648633659, 0, 0, 73, 73, 6, 7.70%, 0, 0, 2, 5.21, 1399
1648633664, 0, 0, 76, 76, 6, 7.70%, 0, 0, 2, 9.50, 1451
1648633670, 0, 0, 78, 78, 6, 7.70%, 0, 0, 2, 5.76, 1474
1648633675, 0, 0, 80, 80, 6, 7.70%, 0, 0, 2, 5.56, 1501
1648633680, 0, 0, 81, 81, 6, 7.70%, 0, 0, 2, 7.30, 1539
1648633685, 0, 0, 83, 83, 6, 7.70%, 0, 0, 2, 7.10, 1574
1648633690, 0, 0, 86, 86, 6, 7.70%, 0, 0, 2, 6.98, 1610
1648633695, 0, 0, 89, 89, 6, 7.71%, 0, 0, 2, 5.81, 1637
1648633700, 0, 0, 93, 93, 6, 7.71%, 0, 0, 2, 6.91, 1673
1648633706, 0, 0, 95, 95, 6, 7.71%, 0, 0, 2, 4.96, 1696
1648633711, 0, 0, 97, 97, 6, 7.71%, 0, 0, 2, 4.35, 1717
1648633716, 0, 0, 100, 100, 6, 7.71%, 0, 0, 2, 4.33, 1739
1648633721, 0, 0, 102, 102, 6, 7.71%, 0, 0, 2, 4.29, 1761
1648633726, 0, 0, 104, 104, 6, 7.71%, 0, 0, 2, 4.29, 1783
1648633731, 0, 0, 107, 107, 6, 7.71%, 0, 0, 2, 4.49, 1808
1648633736, 0, 0, 110, 110, 6, 7.72%, 0, 0, 2, 4.63, 1833
1648633741, 0, 0, 112, 112, 6, 7.72%, 0, 0, 2, 4.77, 1858
1648633746, 0, 0, 115, 115, 6, 7.72%, 0, 0, 2, 4.36, 1880
1648633751, 0, 0, 117, 117, 6, 7.72%, 0, 0, 2, 4.21, 1901
1648633757, 0, 0, 120, 120, 6, 7.72%, 0, 0, 2, 4.16, 1922
1648633762, 0, 0, 122, 122, 6, 7.72%, 0, 0, 2, 4.22, 1944
1648633767, 0, 0, 124, 124, 6, 7.72%, 0, 0, 2, 4.18, 1965
1648633772, 0, 0, 127, 127, 6, 7.72%, 0, 0, 2, 4.43, 1990
1648633777, 0, 0, 129, 129, 6, 7.72%, 0, 0, 2, 4.21, 2011
1648633787, 0, 0, 130, 130, 6, 7.72%, 0, 0, 2, 4.08, 2053
1648633792, 0, 0, 132, 132, 6, 7.72%, 0, 0, 2, 4.07, 2074
1648633798, 0, 0, 134, 134, 6, 7.72%, 0, 0, 2, 4.12, 2095
1648633803, 0, 0, 137, 137, 6, 7.72%, 0, 0, 2, 4.21, 2117
1648633808, 0, 0, 138, 138, 6, 7.72%, 0, 0, 2, 4.23, 2139
1648633818, 0, 0, 140, 140, 6, 7.72%, 0, 0, 2, 5.63, 2190
1648633824, 0, 0, 141, 141, 6, 7.72%, 0, 0, 2, 5.82, 2224
1648633829, 0, 0, 144, 144, 6, 7.72%, 0, 0, 2, 4.68, 2246
1648633834, 0, 0, 146, 146, 6, 7.72%, 0, 0, 2, 4.38, 2268
1648633839, 0, 0, 149, 149, 6, 7.72%, 0, 0, 2, 4.20, 2289
1648633844, 0, 0, 151, 151, 6, 7.72%, 0, 0, 2, 4.22, 2311
1648633849, 0, 0, 153, 153, 6, 7.72%, 0, 0, 2, 4.24, 2333
1648633854, 0, 0, 156, 156, 6, 7.72%, 0, 0, 2, 4.68, 2360
1648633860, 0, 0, 159, 159, 6, 7.72%, 0, 0, 2, 4.32, 2382
1648633865, 0, 0, 161, 161, 6, 7.72%, 0, 0, 2, 4.25, 2404
1648633870, 0, 0, 163, 163, 6, 7.72%, 0, 0, 2, 4.27, 2426
1648633875, 0, 0, 166, 166, 6, 7.72%, 0, 0, 2, 4.23, 2448
1648633880, 0, 0, 168, 168, 6, 7.72%, 0, 0, 2, 4.63, 2471
1648633885, 0, 0, 170, 170, 6, 7.72%, 0, 0, 2, 5.23, 2499
1648633890, 0, 0, 172, 172, 6, 7.72%, 0, 0, 2, 5.05, 2525
1648633896, 0, 0, 174, 174, 6, 7.72%, 0, 0, 2, 11.13, 2580
1648633901, 0, 0, 176, 176, 6, 7.72%, 0, 0, 2, 6.17, 2602
1648633906, 0, 0, 179, 179, 6, 7.73%, 0, 0, 2, 4.71, 2624
1648633911, 0, 0, 181, 181, 6, 7.73%, 0, 0, 2, 4.54, 2647
1648633916, 0, 0, 184, 184, 6, 7.73%, 0, 0, 2, 4.49, 2671
1648633921, 1, 5, 185, 184, 0, 7.75%, 0, 0, 2, 2.72, 2688
1648633927, 1, 5, 188, 187, 0, 7.75%, 0, 0, 2, 10.15, 2726
1648633932, 1, 5, 190, 189, 0, 7.75%, 0, 0, 2, 5.71, 2747
1648633937, 1, 5, 193, 192, 0, 7.75%, 0, 0, 2, 4.54, 2769
1648633942, 1, 5, 195, 194, 0, 7.76%, 0, 0, 2, 4.29, 2791
1648633947, 1, 5, 197, 196, 0, 7.76%, 0, 0, 2, 4.26, 2813
1648633952, 1, 5, 200, 199, 0, 7.76%, 0, 0, 2, 4.54, 2837
1648633957, 1, 5, 202, 201, 0, 7.76%, 0, 0, 2, 6.67, 2868
1648633962, 1, 5, 204, 203, 0, 7.76%, 0, 0, 2, 6.47, 2907
1648633968, 1, 5, 206, 205, 0, 7.76%, 0, 0, 2, 4.71, 2928
1648633973, 1, 5, 208, 207, 0, 7.76%, 0, 0, 2, 4.59, 2951
1648633978, 1, 5, 211, 210, 0, 7.76%, 0, 0, 2, 5.03, 2978
1648633983, 1, 5, 213, 212, 0, 7.76%, 0, 0, 2, 5.12, 3005
1648633988, 1, 5, 216, 215, 0, 7.76%, 0, 0, 2, 4.40, 3027
1648633993, 1, 5, 218, 217, 0, 7.76%, 0, 0, 2, 4.16, 3048
1648633999, 1, 5, 220, 219, 0, 7.76%, 0, 0, 2, 4.21, 3070
1648634004, 1, 5, 223, 222, 0, 7.76%, 0, 0, 2, 4.24, 3092
1648634009, 1, 5, 225, 224, 0, 7.76%, 0, 0, 2, 4.17, 3113
1648634014, 1, 5, 227, 226, 0, 7.76%, 0, 0, 2, 4.19, 3134
1648634019, 1, 5, 230, 229, 0, 7.76%, 0, 0, 2, 4.23, 3156
1648634024, 1, 5, 232, 231, 0, 7.76%, 0, 0, 2, 4.60, 3181
1648634029, 1, 5, 234, 233, 0, 7.76%, 0, 0, 2, 4.59, 3204
1648634034, 1, 5, 236, 235, 0, 7.76%, 0, 0, 2, 4.37, 3227
1648634040, 1, 5, 238, 237, 0, 7.76%, 0, 0, 2, 4.21, 3248
1648634045, 1, 5, 240, 239, 0, 7.76%, 0, 0, 2, 4.11, 3269
1648634050, 1, 5, 242, 241, 0, 7.76%, 0, 0, 2, 4.13, 3290
1648634055, 1, 5, 245, 244, 0, 7.76%, 0, 0, 2, 4.23, 3312
1648634060, 1, 5, 247, 246, 0, 7.76%, 0, 0, 2, 4.52, 3336
1648634065, 1, 5, 249, 248, 0, 7.76%, 0, 0, 2, 4.54, 3360
1648634070, 1, 5, 251, 250, 0, 7.76%, 0, 0, 2, 5.08, 3386
1648634075, 1, 5, 252, 251, 0, 7.76%, 0, 0, 2, 4.67, 3410
1648634080, 1, 5, 254, 253, 0, 7.76%, 0, 0, 2, 5.03, 3438
1648634086, 1, 5, 256, 255, 0, 7.76%, 0, 0, 2, 4.89, 3465
1648634091, 1, 5, 258, 257, 0, 7.76%, 0, 0, 2, 5.51, 3494
1648634096, 1, 5, 260, 259, 0, 7.76%, 0, 0, 2, 4.64, 3516
1648634101, 1, 5, 262, 261, 0, 7.78%, 0, 0, 2, 8.02, 3571
1648634106, 1, 5, 264, 263, 0, 7.78%, 0, 0, 2, 5.15, 3593
1648634111, 1, 5, 266, 265, 0, 7.78%, 0, 0, 2, 5.30, 3622
1648634116, 1, 5, 268, 267, 0, 7.78%, 0, 0, 2, 4.81, 3647
1648634121, 1, 5, 269, 268, 0, 7.78%, 0, 0, 2, 4.44, 3669
1648634126, 2, 0, 272, 270, 2, 7.78%, 0, 0, 2, 0.00, 3692
1648634132, 2, 0, 273, 271, 2, 7.78%, 0, 0, 2, 12.06, 3744
1648634137, 2, 0, 275, 273, 2, 7.79%, 0, 0, 2, 10.46, 3798
1648634142, 2, 0, 277, 275, 2, 7.79%, 0, 0, 2, 7.92, 3827
1648634147, 2, 0, 280, 278, 2, 7.79%, 0, 0, 2, 6.10, 3857
1648634153, 2, 0, 283, 281, 2, 7.79%, 0, 0, 2, 5.62, 3886
1648634158, 2, 0, 286, 284, 2, 7.79%, 0, 0, 2, 5.98, 3919
1648634163, 2, 0, 287, 285, 2, 7.79%, 0, 0, 2, 5.11, 3940
1648634168, 2, 0, 290, 288, 2, 7.79%, 0, 0, 2, 7.11, 3980
1648634174, 2, 0, 293, 291, 2, 7.79%, 0, 0, 2, 5.90, 4008
1648634184, 2, 0, 296, 294, 2, 7.79%, 0, 0, 2, 5.35, 4055
1648634189, 2, 0, 298, 296, 2, 7.79%, 0, 0, 2, 8.06, 4097
1648634194, 2, 0, 300, 298, 2, 7.79%, 0, 0, 2, 7.09, 4131
1648634204, 2, 0, 302, 300, 2, 7.79%, 0, 0, 2, 7.60, 4212
1648634209, 2, 0, 304, 302, 2, 7.79%, 0, 0, 2, 8.08, 4249
1648634215, 2, 0, 305, 303, 2, 7.79%, 0, 0, 2, 7.25, 4292
1648634220, 2, 0, 308, 306, 2, 7.79%, 0, 0, 2, 5.69, 4319
1648634225, 2, 0, 309, 307, 2, 7.79%, 0, 0, 2, 5.72, 4349
1648634230, 2, 0, 312, 310, 2, 7.79%, 0, 0, 2, 5.49, 4378
1648634235, 2, 0, 314, 312, 2, 7.79%, 0, 0, 2, 5.32, 4406
1648634240, 2, 0, 317, 315, 2, 7.79%, 0, 0, 2, 5.47, 4434
1648634245, 2, 13, 318, 316, 0, 7.79%, 0, 0, 3, 7.20, 4466
1648634251, 2, 13, 321, 319, 0, 7.79%, 0, 0, 3, 7.38, 4504
1648634256, 2, 13, 323, 321, 0, 7.79%, 0, 0, 3, 5.15, 4527
1648634261, 2, 13, 325, 323, 0, 7.79%, 0, 0, 3, 4.54, 4550
1648634266, 2, 13, 327, 325, 0, 7.79%, 0, 0, 3, 4.78, 4574
1648634271, 2, 13, 328, 326, 0, 7.79%, 0, 0, 3, 6.39, 4608
1648634276, 2, 13, 331, 329, 0, 7.79%, 0, 0, 3, 8.24, 4647
1648634282, 2, 13, 333, 331, 0, 7.79%, 0, 0, 3, 5.95, 4675
1648634287, 2, 13, 334, 332, 0, 7.79%, 0, 0, 3, 5.74, 4704
1648634292, 2, 13, 336, 334, 0, 7.80%, 0, 0, 3, 4.66, 4726
1648634297, 2, 13, 338, 336, 0, 7.80%, 0, 0, 3, 6.11, 4758
1648634307, 2, 13, 340, 338, 0, 7.80%, 0, 0, 3, 5.10, 4824
1648634312, 2, 13, 342, 340, 0, 7.80%, 0, 0, 3, 5.18, 4852
1648634317, 2, 13, 344, 342, 0, 7.80%, 0, 0, 3, 4.80, 4878
1648634323, 2, 13, 346, 344, 0, 7.80%, 0, 0, 3, 4.78, 4902
1648634328, 2, 13, 347, 345, 0, 7.80%, 0, 0, 3, 4.68, 4927
1648634333, 2, 13, 348, 346, 0, 7.80%, 0, 0, 3, 7.84, 4969
1648634338, 2, 17, 350, 347, 0, 7.80%, 0, 0, 3, 3.86, 4993
1648634343, 2, 17, 352, 349, 0, 7.80%, 0, 0, 3, 6.05, 5033
1648634348, 2, 17, 353, 350, 0, 7.80%, 0, 0, 3, 5.52, 5059
1648634353, 2, 17, 355, 352, 0, 7.81%, 0, 0, 3, 5.16, 5086
1648634358, 2, 17, 357, 354, 0, 7.81%, 0, 0, 3, 5.27, 5113
1648634368, 2, 17, 359, 356, 0, 7.81%, 0, 0, 3, 5.81, 5179
1648634379, 2, 17, 361, 358, 0, 7.81%, 0, 0, 3, 4.97, 5234
1648634394, 2, 17, 362, 359, 0, 7.81%, 0, 0, 3, 5.61, 5323
1648634399, 2, 17, 364, 361, 0, 7.81%, 0, 0, 3, 4.96, 5348
1648634404, 3, 30, 365, 361, 0, 7.81%, 0, 0, 3, 2.85, 5369
1648634409, 3, 30, 368, 364, 0, 7.81%, 0, 0, 3, 5.32, 5405
1648634415, 3, 30, 370, 366, 0, 7.81%, 0, 0, 3, 6.25, 5439
1648634420, 3, 30, 372, 368, 0, 7.81%, 0, 0, 3, 6.37, 5471
1648634425, 3, 30, 374, 370, 0, 7.81%, 0, 0, 3, 6.37, 5503
1648634430, 3, 30, 377, 373, 0, 7.81%, 0, 0, 3, 6.13, 5535
1648634436, 3, 30, 379, 375, 0, 7.81%, 0, 0, 3, 5.92, 5565
1648634441, 3, 30, 380, 376, 0, 7.81%, 0, 0, 3, 6.98, 5605
1648634451, 3, 30, 383, 379, 0, 7.81%, 0, 0, 3, 6.66, 5672
1648634457, 3, 30, 385, 381, 0, 7.81%, 0, 0, 3, 6.07, 5702
1648634462, 3, 30, 388, 384, 0, 7.81%, 0, 0, 3, 5.86, 5731
1648634467, 3, 30, 390, 386, 0, 7.81%, 0, 0, 3, 5.62, 5758
1648634472, 3, 30, 391, 387, 0, 7.81%, 0, 0, 3, 6.07, 5789
1648634477, 3, 30, 392, 388, 0, 7.81%, 0, 0, 3, 6.49, 5824
1648634482, 3, 30, 395, 391, 0, 7.81%, 0, 0, 3, 5.88, 5852
1648634487, 4, 1, 397, 392, 1, 7.81%, 0, 0, 3, 2.81, 5877
1648634493, 4, 1, 398, 393, 1, 7.81%, 0, 0, 3, 4.92, 5909
1648634498, 4, 1, 399, 394, 1, 7.81%, 0, 0, 3, 4.27, 5927
1648634503, 4, 1, 400, 395, 1, 7.81%, 0, 0, 3, 4.52, 5951
1648634508, 4, 1, 401, 396, 1, 7.81%, 0, 0, 3, 5.04, 5978
1648634518, 4, 1, 402, 397, 1, 7.81%, 0, 0, 3, 5.40, 6035
1648634523, 4, 1, 405, 400, 1, 7.82%, 0, 0, 3, 5.93, 6066
1648634529, 4, 1, 406, 401, 1, 7.82%, 0, 0, 3, 5.44, 6093
1648634534, 4, 1, 408, 403, 1, 7.82%, 0, 0, 3, 4.63, 6116
1648634539, 4, 1, 410, 405, 1, 7.82%, 0, 0, 3, 4.62, 6141
1648634544, 4, 1, 412, 407, 1, 7.82%, 0, 0, 3, 4.34, 6163
1648634549, 4, 1, 414, 409, 1, 7.82%, 0, 0, 3, 4.44, 6186
1648634555, 4, 1, 415, 410, 1, 7.82%, 0, 0, 3, 5.55, 6217
1648634560, 4, 1, 417, 412, 1, 7.82%, 0, 0, 3, 5.29, 6246
1648634565, 4, 1, 418, 413, 1, 7.82%, 0, 0, 3, 5.01, 6270
1648634570, 4, 1, 419, 414, 1, 7.82%, 0, 0, 3, 4.86, 6296
1648634575, 4, 1, 421, 416, 1, 7.82%, 0, 0, 3, 4.40, 6318
1648634580, 4, 1, 423, 417, 1, 7.82%, 0, 0, 3, 4.51, 6343
1648634585, 4, 401, 423, 417, 1, 7.82%, 0, 0, 3, 4.85, 6367
1648634596, 4, 401, 424, 418, 1, 7.82%, 0, 0, 3, 8.82, 6448
1648634606, 4, 401, 425, 419, 1, 7.82%, 0, 0, 3, 5.81, 6512
1648634611, 4, 401, 426, 420, 1, 7.82%, 0, 0, 3, 4.19, 6529
1648634616, 4, 401, 427, 421, 1, 7.82%, 0, 0, 3, 3.58, 6546
1648634621, 4, 401, 429, 423, 1, 7.82%, 0, 0, 3, 3.53, 6564
1648634632, 4, 401, 430, 424, 1, 7.82%, 0, 0, 3, 4.14, 6602
1648634637, 4, 401, 431, 425, 1, 7.82%, 0, 0, 3, 4.27, 6625
1648634642, 4, 401, 432, 426, 1, 7.82%, 0, 0, 3, 4.12, 6645
1648634652, 4, 401, 433, 427, 1, 7.82%, 0, 0, 3, 4.38, 6686
1648634662, 4, 401, 434, 428, 1, 7.82%, 0, 0, 3, 3.88, 6723
1648634668, 4, 401, 435, 429, 1, 7.82%, 0, 0, 3, 3.63, 6741
1648634673, 4, 401, 436, 430, 1, 7.82%, 0, 0, 3, 3.47, 6758
1648634683, 4, 401, 438, 432, 1, 7.82%, 0, 0, 3, 3.42, 6796
1648634688, 4, 401, 440, 434, 1, 7.83%, 0, 0, 3, 3.24, 6812
1648634693, 4, 401, 441, 435, 1, 7.83%, 0, 0, 3, 3.19, 6828
1648634698, 4, 401, 442, 436, 1, 7.83%, 0, 0, 3, 3.41, 6847
1648634703, 4, 401, 444, 438, 1, 7.83%, 0, 0, 3, 3.31, 6864
1648634709, 4, 401, 445, 439, 1, 7.83%, 0, 0, 3, 3.22, 6880
1648634714, 4, 401, 447, 441, 1, 7.83%, 0, 0, 3, 3.32, 6897
1648634724, 5, 236, 447, 440, 0, 7.83%, 0, 0, 3, 4.04, 6936
1648634734, 5, 236, 448, 441, 0, 7.83%, 0, 0, 3, 4.06, 6982
1648634744, 5, 236, 449, 442, 0, 7.83%, 0, 0, 3, 4.16, 7024
1648634755, 5, 236, 450, 443, 0, 7.83%, 0, 0, 3, 3.66, 7062
1648634760, 5, 236, 451, 444, 0, 7.83%, 0, 0, 3, 3.15, 7077
1648634766, 5, 236, 452, 445, 0, 7.83%, 0, 0, 3, 3.02, 7093
1648634776, 5, 236, 453, 446, 0, 7.83%, 0, 0, 3, 2.92, 7123
1648634781, 5, 236, 454, 447, 0, 7.83%, 0, 0, 3, 3.09, 7140
1648634786, 5, 236, 456, 449, 0, 7.83%, 0, 0, 3, 3.18, 7156
1648634791, 5, 236, 457, 450, 0, 7.84%, 0, 0, 3, 3.06, 7171
1648634796, 5, 236, 458, 451, 0, 7.84%, 0, 0, 3, 3.18, 7187
1648634802, 5, 236, 459, 452, 0, 7.84%, 0, 0, 3, 5.34, 7220
1648634817, 5, 236, 461, 454, 0, 7.84%, 0, 0, 3, 3.32, 7277
1648634822, 5, 236, 463, 456, 0, 7.84%, 0, 0, 3, 3.04, 7292
1648634828, 5, 236, 464, 457, 0, 7.84%, 0, 0, 3, 3.04, 7308
1648634833, 5, 236, 465, 458, 0, 7.84%, 0, 0, 3, 3.19, 7325
1648634838, 5, 236, 467, 460, 0, 7.84%, 0, 0, 3, 3.12, 7341
1648634844, 5, 236, 468, 461, 0, 7.84%, 0, 0, 3, 2.97, 7356
1648634849, 5, 236, 469, 462, 0, 7.84%, 0, 0, 3, 3.02, 7372
1648634854, 5, 236, 471, 464, 0, 7.84%, 0, 0, 3, 2.97, 7388
1648634859, 5, 236, 473, 466, 0, 7.84%, 0, 0, 3, 2.90, 7403
1648634865, 5, 236, 474, 467, 0, 7.84%, 0, 0, 3, 2.86, 7418
1648634870, 5, 236, 476, 469, 0, 7.84%, 0, 0, 3, 2.99, 7434
1648634875, 5, 236, 477, 470, 0, 7.84%, 0, 0, 3, 2.99, 7450
1648634880, 5, 236, 479, 472, 0, 7.84%, 0, 0, 3, 2.94, 7465
1648634885, 5, 236, 480, 473, 0, 7.84%, 0, 0, 3, 2.96, 7480
1648634891, 5, 236, 481, 474, 0, 7.84%, 0, 0, 3, 3.05, 7496
1648634896, 5, 236, 482, 475, 0, 7.84%, 0, 0, 3, 3.13, 7513
1648634906, 6, 1, 482, 474, 5, 7.84%, 0, 0, 3, 6.34, 7571
1648634922, 6, 363, 483, 475, 5, 7.84%, 0, 0, 4, 4.38, 7646
1648634932, 6, 363, 484, 476, 5, 7.84%, 0, 0, 4, 3.97, 7689
1648634937, 6, 363, 485, 477, 5, 7.84%, 0, 0, 4, 3.45, 7705
1648634942, 6, 363, 486, 478, 5, 7.84%, 0, 0, 4, 3.11, 7720
1648634948, 6, 363, 488, 480, 5, 7.84%, 0, 0, 4, 3.07, 7736
1648634958, 6, 363, 489, 481, 5, 7.84%, 0, 0, 4, 3.22, 7769
1648634963, 6, 363, 490, 482, 5, 7.84%, 0, 0, 4, 3.25, 7785
1648634968, 6, 363, 492, 484, 5, 7.84%, 0, 0, 4, 3.04, 7800
1648634974, 6, 363, 494, 486, 5, 7.84%, 0, 0, 4, 2.83, 7814
1648634979, 6, 363, 495, 487, 5, 7.84%, 0, 0, 4, 3.00, 7830
1648634989, 6, 363, 497, 489, 5, 7.84%, 0, 0, 4, 2.98, 7861
1648634994, 6, 363, 498, 490, 5, 7.84%, 0, 0, 4, 3.20, 7878
1648635000, 6, 363, 499, 491, 5, 7.84%, 0, 0, 4, 3.68, 7898
1648635005, 6, 363, 500, 492, 5, 7.84%, 0, 0, 4, 3.32, 7914
1648635015, 6, 363, 501, 493, 5, 7.84%, 0, 0, 4, 3.37, 7948
1648635020, 6, 363, 502, 494, 5, 7.84%, 0, 0, 4, 3.17, 7964
1648635036, 6, 363, 503, 495, 5, 7.84%, 0, 0, 4, 3.36, 8017
1648635041, 6, 363, 504, 496, 5, 7.84%, 0, 0, 4, 3.19, 8033
1648635046, 6, 363, 506, 498, 5, 7.84%, 0, 0, 4, 3.05, 8048
1648635051, 6, 363, 507, 499, 5, 7.84%, 0, 0, 4, 3.01, 8063
1648635056, 6, 363, 509, 501, 5, 7.84%, 0, 0, 4, 3.00, 8078
1648635062, 6, 363, 510, 502, 5, 7.84%, 0, 0, 4, 3.00, 8094
1648635067, 6, 363, 511, 503, 5, 7.84%, 0, 0, 4, 2.95, 8109
1648635072, 6, 363, 512, 504, 5, 7.84%, 0, 0, 4, 3.30, 8126
1648635077, 6, 363, 513, 505, 5, 7.84%, 0, 0, 4, 3.31, 8144
1648635082, 7, 6, 513, 504, 3, 7.84%, 0, 0, 4, 3.32, 8161
1648635088, 7, 6, 514, 505, 3, 7.84%, 0, 0, 4, 4.90, 8190
1648635093, 7, 6, 515, 506, 3, 7.84%, 0, 0, 4, 4.95, 8215
1648635098, 7, 6, 517, 508, 3, 7.84%, 0, 0, 4, 4.55, 8237
1648635103, 7, 6, 519, 510, 3, 7.84%, 0, 0, 4, 4.29, 8259
1648635108, 7, 6, 520, 511, 3, 7.84%, 0, 0, 4, 4.65, 8285
1648635119, 7, 6, 521, 512, 3, 7.84%, 0, 0, 4, 10.14, 8368
1648635124, 7, 6, 523, 514, 3, 7.84%, 0, 0, 4, 6.25, 8392
1648635129, 7, 6, 524, 515, 3, 7.84%, 0, 0, 4, 4.74, 8414
1648635139, 7, 6, 525, 516, 3, 7.84%, 0, 0, 4, 4.82, 8468
1648635149, 7, 6, 526, 517, 3, 7.84%, 0, 0, 4, 4.95, 8522
1648635154, 7, 6, 527, 518, 3, 7.84%, 0, 0, 4, 5.43, 8556
1648635160, 8, 0, 527, 517, 2, 7.84%, 0, 0, 4, 6.21, 8586
1648635165, 8, 0, 528, 518, 2, 7.85%, 0, 0, 4, 6.19, 8617
1648635170, 8, 0, 530, 520, 2, 7.85%, 0, 0, 4, 5.83, 8646
1648635185, 8, 0, 531, 521, 2, 7.85%, 0, 0, 4, 7.61, 8760
1648635190, 8, 0, 533, 523, 2, 7.85%, 0, 0, 4, 6.27, 8791
1648635196, 8, 0, 534, 524, 2, 7.85%, 0, 0, 4, 5.59, 8819
1648635201, 8, 0, 535, 525, 2, 7.85%, 0, 0, 4, 6.16, 8851
1648635206, 8, 0, 537, 527, 2, 7.85%, 0, 0, 4, 5.10, 8875
1648635211, 8, 0, 539, 529, 2, 7.85%, 0, 0, 4, 4.99, 8901
1648635216, 8, 0, 541, 531, 2, 7.85%, 0, 0, 4, 5.40, 8928
1648635221, 8, 57, 542, 532, 0, 7.85%, 0, 0, 4, 3.20, 8950
1648635227, 8, 57, 543, 533, 0, 7.85%, 0, 0, 4, 3.71, 8972
1648635242, 8, 57, 544, 534, 0, 7.85%, 0, 0, 4, 4.06, 9037
1648635248, 8, 57, 545, 535, 0, 7.85%, 0, 0, 4, 3.52, 9054
1648635258, 8, 57, 547, 537, 0, 7.85%, 0, 0, 4, 3.71, 9095
1648635263, 8, 57, 548, 538, 0, 7.85%, 0, 0, 4, 3.46, 9112
1648635268, 8, 57, 550, 540, 0, 7.85%, 0, 0, 4, 3.27, 9128
1648635273, 8, 57, 552, 542, 0, 7.85%, 0, 0, 4, 3.36, 9146
1648635278, 8, 57, 553, 543, 0, 7.85%, 0, 0, 4, 3.28, 9163
1648635284, 8, 57, 555, 545, 0, 7.85%, 0, 0, 4, 3.40, 9181
1648635289, 8, 57, 557, 547, 0, 7.85%, 0, 0, 4, 3.29, 9198
1648635294, 8, 57, 558, 548, 0, 7.85%, 0, 0, 4, 3.30, 9215
1648635304, 8, 57, 559, 549, 0, 7.85%, 0, 0, 4, 3.76, 9255
1648635310, 8, 57, 560, 550, 0, 7.85%, 0, 0, 4, 3.68, 9274
1648635315, 8, 57, 561, 551, 0, 7.85%, 0, 0, 4, 3.33, 9290
1648635320, 8, 57, 563, 553, 0, 7.85%, 0, 0, 4, 3.29, 9307
1648635325, 8, 57, 564, 554, 0, 7.85%, 0, 0, 4, 3.28, 9324
1648635330, 8, 57, 566, 556, 0, 7.85%, 0, 0, 4, 3.19, 9340
1648635346, 8, 57, 568, 558, 0, 7.88%, 0, 0, 4, 3.52, 9397
1648635351, 8, 354, 568, 557, 1, 7.88%, 0, 0, 4, 3.46, 9414
1648635356, 8, 354, 569, 558, 1, 7.88%, 0, 0, 4, 4.82, 9442
1648635361, 8, 354, 570, 559, 1, 7.88%, 0, 0, 4, 4.55, 9467
1648635372, 8, 354, 571, 560, 1, 7.88%, 0, 0, 4, 4.17, 9512
1648635382, 8, 354, 572, 561, 1, 7.88%, 0, 0, 4, 3.63, 9549
1648635387, 8, 354, 573, 562, 1, 7.88%, 0, 0, 4, 3.47, 9566
1648635403, 8, 354, 575, 564, 1, 7.88%, 0, 0, 4, 3.19, 9616
1648635408, 8, 354, 576, 565, 1, 7.88%, 0, 0, 4, 3.17, 9632
1648635418, 8, 354, 577, 566, 1, 7.88%, 0, 0, 4, 3.53, 9669
1648635428, 8, 354, 578, 567, 1, 7.88%, 0, 0, 4, 3.32, 9703
1648635434, 8, 354, 579, 568, 1, 7.88%, 0, 0, 4, 3.20, 9719
1648635455, 8, 354, 580, 569, 1, 7.88%, 0, 0, 4, 3.43, 9793
1648635465, 9, 365, 580, 568, 0, 7.88%, 0, 0, 4, 5.82, 9843
1648635470, 9, 365, 581, 569, 0, 7.88%, 0, 0, 4, 7.22, 9886
1648635485, 9, 365, 582, 570, 0, 7.88%, 0, 0, 4, 6.36, 9992
1648635491, 9, 365, 583, 571, 0, 7.88%, 0, 0, 4, 6.68, 10027
1648635501, 9, 365, 584, 572, 0, 7.88%, 0, 0, 4, 7.45, 10106
1648635506, 9, 365, 585, 573, 0, 7.88%, 0, 0, 4, 7.16, 10140
1648635512, 9, 397, 586, 573, 0, 7.88%, 0, 0, 4, 8.63, 10195
1648635522, 9, 397, 587, 574, 0, 7.88%, 0, 0, 4, 10.47, 10299
1648635537, 9, 397, 590, 577, 0, 7.88%, 0, 0, 4, 6.23, 10412
1648635542, 9, 397, 592, 579, 0, 7.88%, 0, 0, 4, 5.58, 10439
1648635548, 9, 397, 594, 581, 0, 7.88%, 0, 0, 4, 5.61, 10469
1648635558, 9, 397, 596, 583, 0, 7.88%, 0, 0, 4, 5.91, 10533
1648635568, 9, 397, 597, 584, 0, 7.88%, 0, 0, 4, 5.35, 10590
1648635584, 9, 397, 598, 585, 0, 7.88%, 0, 0, 4, 6.05, 10692
1648635590, 9, 397, 600, 587, 0, 7.88%, 0, 0, 4, 5.49, 10719
1648635595, 10, 425, 601, 587, 0, 7.88%, 0, 0, 4, 5.41, 10747
1648635610, 10, 425, 602, 588, 0, 7.88%, 0, 0, 4, 5.38, 10821
1648635621, 10, 425, 603, 589, 0, 7.88%, 0, 0, 4, 3.22, 10849
1648635626, 10, 425, 604, 590, 0, 7.88%, 0, 0, 4, 2.78, 10861
1648635631, 10, 425, 606, 592, 0, 7.88%, 0, 0, 4, 2.62, 10874
1648635636, 10, 425, 607, 593, 0, 7.88%, 0, 0, 4, 2.46, 10886
1648635641, 10, 425, 608, 594, 0, 7.88%, 0, 0, 4, 2.39, 10898
1648635646, 10, 425, 609, 595, 0, 7.88%, 0, 0, 4, 3.69, 10916
1648635656, 10, 425, 610, 596, 0, 7.88%, 0, 0, 4, 4.33, 10968
1648635662, 10, 425, 611, 597, 0, 7.88%, 0, 0, 4, 3.26, 10980
1648635667, 10, 425, 612, 598, 0, 7.88%, 0, 0, 4, 3.05, 10994
1648635672, 10, 425, 613, 599, 0, 7.88%, 0, 0, 4, 2.67, 11006
1648635682, 10, 425, 615, 601, 0, 7.88%, 0, 0, 4, 2.70, 11036
1648635687, 10, 425, 616, 602, 0, 7.88%, 0, 0, 4, 2.52, 11048
1648635692, 10, 425, 617, 603, 0, 7.88%, 0, 0, 4, 2.50, 11061
1648635697, 10, 425, 618, 604, 0, 7.88%, 0, 0, 4, 2.44, 11073
1648635703, 10, 425, 619, 605, 0, 7.88%, 0, 0, 4, 2.40, 11085
1648635713, 10, 425, 620, 606, 0, 7.88%, 0, 0, 4, 2.50, 11112
1648635718, 10, 425, 621, 607, 0, 7.88%, 0, 0, 4, 2.56, 11126
1648635729, 10, 425, 622, 608, 0, 7.90%, 0, 0, 4, 4.06, 11164
1648635734, 10, 425, 623, 609, 0, 7.91%, 0, 0, 4, 4.32, 11187
1648635739, 10, 425, 624, 610, 0, 7.91%, 0, 0, 4, 3.25, 11199
1648635744, 10, 425, 625, 611, 0, 7.91%, 0, 0, 4, 2.76, 11211
1648635760, 10, 425, 626, 612, 0, 7.91%, 0, 0, 4, 2.74, 11253
1648635775, 10, 425, 627, 613, 0, 7.91%, 0, 0, 4, 3.06, 11296
1648635786, 10, 425, 628, 614, 0, 7.91%, 0, 0, 4, 2.64, 11323
1648635791, 11, 297, 628, 613, 0, 7.91%, 0, 0, 4, 2.73, 11337
1648635801, 11, 297, 629, 614, 0, 7.91%, 0, 0, 4, 6.87, 11417
1648635806, 11, 297, 630, 615, 0, 7.91%, 0, 0, 4, 4.98, 11440
1648635811, 11, 297, 633, 618, 0, 7.91%, 0, 0, 4, 4.75, 11464
1648635816, 11, 297, 635, 620, 0, 7.91%, 0, 0, 4, 4.82, 11489
1648635822, 11, 297, 638, 623, 0, 7.91%, 0, 0, 4, 4.73, 11513
1648635832, 11, 297, 639, 624, 0, 7.91%, 0, 0, 4, 5.24, 11572
1648635858, 11, 297, 640, 625, 0, 7.91%, 0, 0, 4, 5.12, 11717
1648635863, 11, 297, 643, 628, 0, 7.91%, 0, 0, 4, 4.99, 11743
1648635868, 12, 2, 644, 628, 1, 7.91%, 0, 0, 4, 5.35, 11771
1648635884, 12, 2, 645, 629, 1, 7.91%, 0, 0, 4, 6.02, 11873
1648635889, 12, 2, 646, 630, 1, 7.91%, 0, 0, 4, 5.11, 11896
1648635894, 12, 2, 647, 631, 1, 7.91%, 0, 0, 4, 5.00, 11921
1648635904, 12, 2, 649, 633, 1, 7.91%, 0, 0, 4, 4.42, 11968
1648635909, 12, 2, 651, 635, 1, 7.91%, 0, 0, 4, 4.21, 11989
1648635919, 12, 512, 652, 635, 1, 7.91%, 0, 0, 5, 3.81, 12030
1648635982, 12, 512, 653, 636, 1, 7.91%, 0, 0, 5, 2.39, 12204
1648635987, 12, 512, 654, 637, 1, 7.91%, 0, 0, 5, 2.26, 12215
1648635992, 12, 512, 655, 638, 1, 7.91%, 0, 0, 5, 2.21, 12226
1648635997, 12, 512, 656, 639, 1, 7.91%, 0, 0, 5, 2.20, 12237
1648636002, 12, 512, 657, 640, 1, 7.91%, 0, 0, 5, 2.18, 12248
1648636008, 12, 512, 658, 641, 1, 7.91%, 0, 0, 5, 2.20, 12260
1648636013, 12, 512, 659, 642, 1, 7.91%, 0, 0, 5, 2.20, 12271
1648636024, 12, 512, 660, 643, 1, 7.91%, 0, 0, 5, 2.23, 12295
1648636034, 12, 512, 661, 644, 1, 7.91%, 0, 0, 5, 2.35, 12320
1648636039, 13, 10, 662, 644, 2, 7.91%, 0, 0, 5, 23.92, 12339
1648636044, 13, 10, 663, 645, 2, 7.91%, 0, 0, 5, 14.35, 12392
1648636049, 13, 10, 665, 647, 2, 7.91%, 0, 0, 5, 3.56, 12413
1648636060, 13, 10, 667, 649, 2, 7.91%, 0, 0, 5, 5.21, 12464
1648636065, 13, 10, 669, 651, 2, 7.91%, 0, 0, 5, 5.75, 12493
1648636070, 13, 10, 672, 654, 2, 7.91%, 0, 0, 5, 5.47, 12520
1648636085, 13, 10, 673, 655, 2, 7.91%, 0, 0, 5, 8.30, 12641
1648636091, 13, 10, 674, 656, 2, 7.91%, 0, 0, 5, 6.97, 12672
1648636096, 13, 10, 675, 657, 2, 7.91%, 0, 0, 5, 7.06, 12708
1648636101, 14, 3, 675, 656, 0, 7.91%, 0, 0, 5, 6.11, 12734
1648636132, 14, 3, 677, 658, 0, 7.91%, 0, 0, 5, 4.38, 12882
1648636137, 14, 3, 679, 660, 0, 7.91%, 0, 0, 5, 4.08, 12902
1648636142, 14, 3, 680, 661, 0, 7.91%, 0, 0, 5, 4.06, 12922
1648636158, 14, 3, 682, 663, 0, 7.91%, 0, 0, 5, 4.44, 12993
1648636163, 14, 3, 683, 664, 0, 7.91%, 0, 0, 5, 4.66, 13017
1648636168, 14, 498, 683, 663, 1, 7.91%, 0, 0, 5, 4.65, 13040
1648636199, 14, 498, 684, 664, 1, 7.91%, 0, 0, 5, 4.59, 13190
1648636210, 14, 498, 685, 665, 1, 7.91%, 0, 0, 5, 3.26, 13220
1648636230, 14, 498, 686, 666, 1, 7.91%, 0, 0, 5, 3.20, 13287
1648636235, 14, 498, 687, 667, 1, 7.91%, 0, 0, 5, 2.74, 13299
1648636241, 14, 498, 688, 668, 1, 7.91%, 0, 0, 5, 2.46, 13311
1648636246, 14, 498, 689, 669, 1, 7.91%, 0, 0, 5, 2.32, 13323
1648636267, 14, 498, 690, 670, 1, 7.91%, 0, 0, 5, 2.40, 13375
1648636277, 14, 498, 691, 671, 1, 7.91%, 0, 0, 5, 2.23, 13397
1648636283, 14, 498, 692, 672, 1, 7.91%, 0, 0, 5, 2.43, 13411
1648636298, 14, 498, 693, 673, 1, 7.91%, 0, 0, 5, 2.81, 13454
1648636314, 14, 498, 694, 674, 1, 7.91%, 0, 0, 5, 2.91, 13496
1648636330, 14, 498, 695, 675, 1, 7.91%, 0, 0, 5, 3.35, 13543
1648636340, 14, 498, 696, 676, 1, 7.91%, 0, 0, 5, 2.51, 13566
1648636346, 14, 498, 697, 677, 1, 7.91%, 0, 0, 5, 2.35, 13578
1648636351, 14, 498, 698, 678, 1, 7.91%, 0, 0, 5, 2.28, 13590
1648636356, 15, 355, 698, 677, 0, 7.91%, 0, 0, 5, 3.67, 13610
1648636377, 15, 355, 699, 678, 0, 7.91%, 0, 0, 5, 3.80, 13702
1648636382, 15, 355, 700, 679, 0, 7.91%, 0, 0, 5, 3.62, 13720
1648636392, 15, 355, 701, 680, 0, 7.91%, 0, 0, 5, 3.35, 13755
1648636418, 15, 355, 702, 681, 0, 7.91%, 0, 0, 5, 3.45, 13856
1648636429, 15, 355, 703, 682, 0, 7.91%, 0, 0, 5, 3.29, 13890
1648636434, 15, 355, 704, 683, 0, 7.91%, 0, 0, 5, 3.17, 13906
1648636444, 16, 372, 704, 682, 0, 7.91%, 0, 0, 5, 4.45, 13947
1648636454, 16, 372, 705, 683, 0, 7.91%, 0, 0, 5, 5.68, 14010
1648636465, 16, 372, 706, 684, 0, 7.91%, 0, 0, 5, 6.47, 14073
1648636475, 16, 372, 707, 685, 0, 7.91%, 0, 0, 5, 6.79, 14144
1648636480, 16, 372, 708, 686, 0, 7.91%, 0, 0, 5, 6.73, 14177
1648636485, 16, 372, 709, 687, 0, 7.91%, 0, 0, 5, 6.02, 14207
1648636495, 16, 407, 710, 687, 3, 7.91%, 0, 0, 5, 5.48, 14263
1648636552, 16, 407, 711, 688, 3, 7.91%, 0, 0, 5, 3.29, 14533
1648636573, 16, 407, 712, 689, 3, 7.91%, 0, 0, 5, 4.05, 14618
1648636578, 16, 407, 714, 691, 3, 7.91%, 0, 0, 5, 3.28, 14632
1648636588, 17, 12, 714, 690, 0, 7.91%, 0, 0, 5, 3.61, 14668
1648636594, 17, 41, 714, 689, 0, 7.91%, 0, 0, 5, 5.66, 14704
1648636609, 17, 41, 715, 690, 0, 7.91%, 0, 0, 5, 6.20, 14811
1648636615, 17, 41, 716, 691, 0, 7.91%, 0, 0, 5, 5.86, 14839
1648636620, 17, 41, 717, 692, 0, 7.91%, 0, 0, 5, 5.92, 14872
1648636625, 17, 41, 718, 693, 0, 7.91%, 0, 0, 5, 5.55, 14900
1648636630, 17, 41, 719, 694, 0, 7.94%, 0, 0, 5, 5.61, 14930
1648636635, 17, 41, 720, 695, 0, 7.94%, 0, 0, 5, 6.04, 14964
1648636646, 17, 430, 720, 694, 5, 7.94%, 0, 0, 5, 4.82, 15017
1648636651, 17, 430, 721, 695, 5, 7.94%, 0, 0, 5, 3.85, 15035
1648636703, 17, 430, 722, 696, 5, 7.94%, 0, 0, 5, 2.67, 15196
1648636708, 17, 430, 723, 697, 5, 7.94%, 0, 0, 5, 2.65, 15210
1648636749, 17, 430, 724, 698, 5, 7.94%, 0, 0, 5, 2.75, 15328
1648636770, 18, 450, 724, 697, 0, 7.94%, 0, 0, 5, 2.99, 15387
1648636812, 18, 450, 725, 698, 0, 7.94%, 0, 0, 5, 2.31, 15515
1648636827, 18, 450, 726, 699, 0, 7.94%, 0, 0, 5, 2.20, 15549
1648636832, 18, 450, 727, 700, 0, 7.94%, 0, 0, 5, 2.18, 15560
1648636853, 18, 450, 728, 701, 0, 7.94%, 0, 0, 5, 4.29, 15625
1648636858, 18, 450, 729, 702, 0, 7.94%, 0, 0, 5, 4.24, 15647
1648636868, 18, 450, 730, 703, 0, 7.94%, 0, 0, 5, 2.64, 15669
1648636873, 18, 450, 731, 704, 0, 7.94%, 0, 0, 5, 2.40, 15680
1648636888, 18, 450, 732, 705, 0, 7.94%, 0, 0, 5, 2.47, 15719
1648636894, 18, 450, 733, 706, 0, 7.94%, 0, 0, 5, 2.25, 15730
1648636910, 18, 450, 735, 708, 0, 7.94%, 0, 0, 5, 2.30, 15765
1648636930, 19, 16, 735, 707, 0, 7.94%, 0, 0, 5, 5.40, 15841
1648636966, 19, 16, 736, 708, 0, 7.94%, 0, 0, 5, 4.35, 16018
1648636971, 19, 16, 738, 710, 0, 7.94%, 0, 0, 5, 4.10, 16038
1648636987, 19, 653, 738, 709, 0, 7.94%, 0, 0, 5, 4.07, 16105
1648637039, 19, 653, 739, 710, 0, 7.94%, 0, 0, 6, 1.99, 16215
1648637049, 19, 653, 740, 711, 0, 7.94%, 0, 0, 6, 1.87, 16234
1648637054, 19, 653, 741, 712, 0, 7.94%, 0, 0, 6, 1.81, 16243
1648637060, 19, 653, 742, 713, 0, 7.94%, 0, 0, 6, 1.76, 16252
1648637065, 19, 653, 743, 714, 0, 7.94%, 0, 0, 6, 1.75, 16261
1648637070, 19, 653, 744, 715, 0, 7.94%, 0, 0, 6, 1.73, 16270
1648637075, 19, 653, 745, 716, 0, 7.94%, 0, 0, 6, 1.74, 16279
1648637086, 19, 653, 746, 717, 0, 7.94%, 0, 0, 6, 1.72, 16297
1648637102, 19, 653, 747, 718, 0, 7.94%, 0, 0, 6, 1.82, 16326
1648637127, 19, 653, 748, 719, 0, 7.94%, 0, 0, 6, 1.88, 16375
1648637201, 19, 653, 749, 720, 0, 7.94%, 0, 0, 6, 1.93, 16521
1648637212, 20, 185, 749, 719, 2, 7.94%, 0, 0, 6, 5.49, 16559
1648637232, 20, 185, 751, 721, 2, 7.94%, 0, 0, 6, 8.75, 16784
1648637237, 20, 185, 754, 724, 2, 7.94%, 0, 0, 6, 7.28, 16817
1648637242, 20, 185, 756, 726, 2, 7.96%, 0, 0, 6, 6.53, 16847
1648637247, 20, 185, 757, 727, 2, 7.96%, 0, 0, 6, 6.55, 16881
1648637252, 20, 185, 759, 729, 2, 7.96%, 0, 0, 6, 6.07, 16911
1648637257, 20, 185, 762, 732, 2, 7.96%, 0, 0, 6, 5.78, 16939
1648637263, 20, 185, 764, 734, 2, 7.96%, 0, 0, 6, 5.48, 16966
1648637268, 20, 185, 765, 735, 2, 7.96%, 0, 0, 6, 4.89, 16987
1648637283, 20, 185, 767, 737, 2, 7.96%, 0, 0, 6, 6.40, 17083
1648637293, 21, 4, 767, 736, 1, 7.96%, 0, 0, 6, 7.55, 17164
1648637298, 21, 4, 768, 737, 1, 7.96%, 0, 0, 6, 5.88, 17195
1648637304, 21, 4, 769, 738, 1, 7.96%, 0, 0, 6, 5.50, 17225
1648637309, 21, 4, 771, 740, 1, 7.96%, 0, 0, 6, 4.55, 17247
1648637314, 21, 4, 773, 742, 1, 7.96%, 0, 0, 6, 4.26, 17268
1648637319, 21, 4, 774, 743, 1, 7.96%, 0, 0, 6, 4.90, 17294
1648637334, 21, 4, 775, 744, 1, 7.96%, 0, 0, 6, 4.62, 17358
1648637350, 21, 4, 777, 746, 1, 7.96%, 0, 0, 6, 4.32, 17438
1648637366, 21, 542, 778, 746, 0, 7.96%, 0, 0, 6, 4.36, 17509
1648637376, 21, 542, 779, 747, 0, 8.02%, 0, 0, 6, 5.53, 17569
1648637381, 21, 542, 780, 748, 0, 8.03%, 0, 0, 6, 5.80, 17599
1648637392, 21, 542, 781, 749, 0, 8.06%, 0, 0, 6, 5.71, 17659
1648637397, 21, 542, 782, 750, 0, 8.06%, 0, 0, 6, 5.86, 17689
1648637407, 21, 542, 783, 751, 0, 8.08%, 0, 0, 6, 5.74, 17749
1648637412, 21, 542, 784, 752, 0, 8.08%, 0, 0, 6, 5.68, 17778
1648637423, 21, 542, 785, 753, 0, 8.10%, 0, 0, 6, 5.78, 17838
1648637428, 21, 542, 786, 754, 0, 8.11%, 0, 0, 6, 5.58, 17867
1648637438, 21, 542, 787, 755, 0, 8.13%, 0, 0, 6, 5.86, 17927
1648637444, 21, 542, 788, 756, 0, 8.13%, 0, 0, 6, 5.67, 17956
1648637459, 21, 542, 789, 757, 0, 8.14%, 0, 0, 6, 4.98, 18034
1648637470, 21, 542, 790, 758, 0, 8.15%, 0, 0, 6, 4.18, 18081
1648637480, 21, 542, 791, 759, 0, 8.15%, 0, 0, 6, 3.14, 18113
1648637485, 21, 542, 793, 761, 0, 8.15%, 0, 0, 6, 2.66, 18124
1648637490, 21, 542, 794, 762, 0, 8.15%, 0, 0, 6, 2.42, 18136
1648637496, 21, 542, 795, 763, 0, 8.15%, 0, 0, 6, 2.31, 18148
1648637501, 21, 542, 796, 764, 0, 8.15%, 0, 0, 6, 2.26, 18160
1648637506, 21, 542, 798, 766, 0, 8.15%, 0, 0, 6, 2.29, 18172
1648637511, 21, 542, 799, 767, 0, 8.15%, 0, 0, 6, 2.23, 18183
1648637522, 21, 542, 800, 768, 0, 8.15%, 0, 0, 6, 2.31, 18208
1648637527, 21, 542, 801, 769, 0, 8.15%, 0, 0, 6, 2.38, 18221
1648637532, 21, 542, 803, 771, 0, 8.15%, 0, 0, 6, 2.33, 18233
1648637543, 21, 542, 804, 772, 0, 8.16%, 0, 0, 6, 4.28, 18273
1648637553, 21, 542, 805, 773, 0, 8.18%, 0, 0, 6, 4.95, 18322
1648637558, 21, 542, 806, 774, 0, 8.20%, 0, 0, 6, 4.73, 18348
1648637574, 21, 542, 807, 775, 0, 8.21%, 0, 0, 6, 4.92, 18417
1648637579, 21, 542, 808, 776, 0, 8.22%, 0, 0, 6, 4.74, 18441
1648637595, 21, 542, 809, 777, 0, 8.23%, 0, 0, 6, 4.70, 18512
1648637600, 21, 542, 810, 778, 0, 8.24%, 0, 0, 6, 5.28, 18542
1648637610, 21, 542, 811, 779, 0, 8.25%, 0, 0, 6, 5.11, 18595
1648637637, 21, 542, 812, 780, 0, 8.26%, 0, 0, 6, 3.26, 18690
1648637642, 21, 542, 813, 781, 0, 8.26%, 0, 0, 6, 2.71, 18702
1648637648, 21, 542, 814, 782, 0, 8.26%, 0, 0, 6, 2.46, 18714
1648637653, 21, 542, 815, 783, 0, 8.26%, 0, 0, 6, 2.26, 18725
1648637658, 21, 542, 817, 785, 0, 8.26%, 0, 0, 6, 2.28, 18737
1648637664, 21, 542, 818, 786, 0, 8.26%, 0, 0, 6, 2.30, 18749
1648637669, 21, 542, 819, 787, 0, 8.26%, 0, 0, 6, 2.30, 18761
1648637679, 21, 542, 820, 788, 0, 8.26%, 0, 0, 6, 2.52, 18787
1648637689, 21, 542, 821, 789, 0, 8.26%, 0, 0, 6, 2.36, 18811
1648637695, 21, 542, 822, 790, 0, 8.26%, 0, 0, 6, 3.91, 18835
1648637705, 21, 542, 823, 791, 0, 8.28%, 0, 0, 6, 5.32, 18892
1648637710, 22, 357, 823, 790, 0, 8.28%, 0, 0, 6, 4.45, 18912
1648637746, 22, 357, 824, 791, 0, 8.28%, 0, 0, 6, 4.78, 19121
1648637751, 22, 357, 825, 792, 0, 8.28%, 0, 0, 6, 4.07, 19140
1648637757, 22, 357, 828, 795, 0, 8.28%, 0, 0, 6, 3.90, 19160
1648637762, 22, 357, 830, 797, 0, 8.28%, 0, 0, 6, 3.81, 19179
1648637767, 22, 357, 831, 798, 0, 8.28%, 0, 0, 6, 3.75, 19198
1648637782, 23, 376, 831, 797, 0, 8.28%, 0, 0, 6, 4.04, 19270
1648637818, 23, 376, 832, 798, 0, 8.28%, 0, 0, 6, 5.37, 19465
1648637823, 23, 376, 833, 799, 0, 8.28%, 0, 0, 6, 4.50, 19482
1648637834, 23, 376, 834, 800, 0, 8.28%, 0, 0, 6, 4.57, 19519
1648637849, 23, 408, 834, 799, 0, 8.28%, 0, 0, 6, 5.20, 19594
1648637880, 23, 408, 835, 800, 0, 8.28%, 0, 0, 6, 2.94, 19733
1648637886, 23, 408, 836, 801, 0, 8.28%, 0, 0, 6, 2.69, 19746
1648637912, 23, 408, 837, 802, 0, 8.28%, 0, 0, 6, 2.83, 19824
1648637917, 23, 408, 838, 803, 0, 8.28%, 0, 0, 6, 2.76, 19838
1648637933, 23, 408, 839, 804, 0, 8.28%, 0, 0, 6, 3.51, 19886
1648637953, 23, 455, 839, 803, 0, 8.28%, 0, 0, 6, 3.63, 19960
1648637985, 23, 455, 840, 804, 0, 8.28%, 0, 0, 6, 2.66, 20060
1648637990, 23, 455, 841, 805, 0, 8.28%, 0, 0, 6, 2.34, 20071
1648637995, 23, 455, 842, 806, 0, 8.28%, 0, 0, 6, 2.18, 20082
1648638001, 23, 455, 843, 807, 0, 8.28%, 0, 0, 6, 2.47, 20095
1648638006, 23, 455, 844, 808, 0, 8.28%, 0, 0, 6, 2.33, 20106
1648638016, 23, 455, 845, 809, 0, 8.28%, 0, 0, 6, 2.78, 20132
1648638026, 23, 455, 846, 810, 0, 8.28%, 0, 0, 6, 2.31, 20154
1648638047, 23, 455, 847, 811, 0, 8.28%, 0, 0, 6, 3.59, 20213
1648638089, 23, 455, 848, 812, 0, 8.28%, 0, 0, 6, 2.40, 20321
1648638094, 23, 455, 849, 813, 0, 8.29%, 0, 0, 6, 2.12, 20331
1648638105, 24, 52, 849, 812, 0, 8.29%, 0, 0, 6, 3.01, 20357
1648638141, 24, 52, 850, 813, 0, 8.29%, 0, 0, 6, 3.47, 20484
1648638167, 24, 52, 851, 814, 0, 8.29%, 0, 0, 6, 2.96, 20564
1648638172, 24, 52, 852, 815, 0, 8.29%, 0, 0, 6, 2.81, 20578
1648638177, 24, 52, 853, 816, 0, 8.29%, 0, 0, 6, 2.73, 20592
1648638182, 24, 52, 855, 818, 0, 8.29%, 0, 0, 6, 2.73, 20606
1648638203, 24, 431, 855, 817, 0, 8.29%, 0, 0, 6, 3.58, 20668
1648638234, 24, 431, 856, 818, 0, 8.29%, 0, 0, 6, 2.78, 20781
1648638245, 24, 431, 857, 819, 0, 8.29%, 0, 0, 6, 2.41, 20806
1648638251, 24, 431, 858, 820, 0, 8.29%, 0, 0, 6, 2.31, 20818
1648638267, 24, 431, 859, 821, 0, 8.29%, 0, 0, 6, 2.70, 20862
1648638292, 24, 431, 860, 822, 0, 8.29%, 0, 0, 6, 2.79, 20931
1648638303, 24, 431, 861, 823, 0, 8.29%, 0, 0, 6, 2.45, 20956
1648638313, 24, 431, 862, 824, 0, 8.29%, 0, 0, 6, 2.83, 20985
1648638319, 24, 431, 863, 825, 0, 8.29%, 0, 0, 6, 2.49, 20997
1648638324, 24, 431, 864, 826, 0, 8.29%, 0, 0, 6, 2.33, 21008
1648638329, 24, 431, 865, 827, 0, 8.29%, 0, 0, 6, 2.26, 21020
1648638340, 25, 452, 865, 826, 0, 8.29%, 0, 0, 6, 2.43, 21045
1648638365, 25, 452, 866, 827, 0, 8.29%, 0, 0, 6, 2.87, 21130
1648638370, 25, 452, 867, 828, 0, 8.29%, 0, 0, 6, 2.50, 21141
1648638460, 26, 79, 867, 827, 2, 8.29%, 0, 0, 6, 4.86, 21394
1648638476, 26, 79, 868, 828, 2, 8.29%, 0, 0, 6, 3.69, 21461
1648638481, 26, 79, 870, 830, 2, 8.29%, 0, 0, 6, 3.44, 21478
1648638491, 26, 79, 871, 831, 2, 8.29%, 0, 0, 6, 3.68, 21518
1648638533, 26, 658, 871, 830, 2, 8.29%, 0, 0, 6, 3.01, 21681
1648638627, 26, 658, 872, 831, 2, 8.29%, 0, 0, 6, 1.77, 21876
1648638633, 26, 658, 873, 832, 2, 8.29%, 0, 0, 6, 1.73, 21885
1648638638, 26, 658, 874, 833, 2, 8.29%, 0, 0, 6, 1.75, 21894
1648638643, 26, 658, 875, 834, 2, 8.29%, 0, 0, 6, 1.75, 21903
1648638648, 26, 658, 876, 835, 2, 8.29%, 0, 0, 6, 1.71, 21912
1648638680, 26, 658, 877, 836, 2, 8.29%, 0, 0, 6, 1.88, 21972
1648638686, 26, 658, 878, 837, 2, 8.29%, 0, 0, 6, 1.78, 21981
1648638697, 26, 658, 879, 838, 2, 8.29%, 0, 0, 6, 1.70, 21999
1648638723, 26, 658, 880, 839, 2, 8.29%, 0, 0, 6, 1.92, 22047
1648638734, 27, 255, 880, 838, 3, 8.29%, 0, 0, 6, 2.00, 22068
1648638770, 27, 255, 881, 839, 3, 8.29%, 0, 0, 6, 3.10, 22211
1648638785, 27, 255, 882, 840, 3, 8.29%, 0, 0, 6, 3.02, 22260
1648638811, 27, 255, 883, 841, 3, 8.29%, 0, 0, 6, 2.96, 22337
1648638816, 27, 255, 884, 842, 3, 8.29%, 0, 0, 6, 2.96, 22352
1648638826, 27, 255, 885, 843, 3, 8.29%, 0, 0, 6, 3.00, 22384
1648638832, 28, 6, 885, 842, 1, 8.29%, 0, 0, 6, 3.08, 22399
1648638837, 28, 6, 886, 843, 1, 8.29%, 0, 0, 6, 4.21, 22423
1648638842, 28, 6, 887, 844, 1, 8.29%, 0, 0, 6, 3.87, 22442
1648638847, 28, 6, 888, 845, 1, 8.29%, 0, 0, 6, 4.16, 22464
1648638852, 28, 6, 890, 847, 1, 8.29%, 0, 0, 6, 4.19, 22486
1648638857, 28, 6, 891, 848, 1, 8.29%, 0, 0, 6, 4.31, 22508
1648638867, 28, 6, 892, 849, 1, 8.29%, 0, 0, 6, 3.94, 22551
1648638888, 28, 6, 893, 850, 1, 8.29%, 0, 0, 6, 4.33, 22638
1648638909, 28, 692, 893, 850, 9, 8.29%, 0, 0, 6, 3.84, 22727
1648638971, 28, 692, 894, 851, 9, 8.29%, 0, 0, 6, 2.42, 22913
1648638976, 28, 692, 895, 852, 9, 8.29%, 0, 0, 6, 2.21, 22923
1648638981, 28, 692, 896, 853, 9, 8.29%, 0, 0, 6, 2.01, 22932
1648639013, 28, 692, 897, 854, 9, 8.29%, 0, 0, 6, 2.09, 22999
1648639019, 28, 692, 898, 855, 9, 8.29%, 0, 0, 6, 1.90, 23008
1648639035, 28, 692, 899, 856, 9, 8.29%, 0, 0, 6, 1.74, 23035
1648639040, 28, 692, 900, 857, 9, 8.29%, 0, 0, 6, 1.72, 23044
1648639045, 28, 692, 901, 858, 9, 8.29%, 0, 0, 6, 1.71, 23053
1648639056, 28, 692, 902, 859, 9, 8.29%, 0, 0, 6, 1.72, 23071
1648639087, 28, 692, 903, 860, 9, 8.29%, 0, 0, 6, 3.15, 23137
1648639103, 28, 692, 904, 861, 9, 8.29%, 0, 0, 6, 3.46, 23192
1648639134, 28, 692, 905, 862, 9, 8.29%, 0, 0, 6, 3.21, 23273
1648639165, 29, 358, 905, 861, 0, 8.29%, 0, 0, 6, 2.66, 23353
1648639176, 29, 358, 906, 862, 0, 8.29%, 0, 0, 6, 3.98, 23405
1648639181, 29, 358, 907, 863, 0, 8.29%, 0, 0, 6, 3.27, 23420
1648639186, 29, 358, 908, 864, 0, 8.29%, 0, 0, 6, 2.90, 23433
1648639191, 29, 358, 909, 865, 0, 8.29%, 0, 0, 6, 2.76, 23447
1648639202, 29, 358, 910, 866, 0, 8.29%, 0, 0, 6, 3.08, 23481
1648639207, 29, 358, 912, 868, 0, 8.29%, 0, 0, 6, 2.70, 23494
1648639213, 29, 358, 913, 869, 0, 8.29%, 0, 0, 6, 2.53, 23507
1648639218, 29, 358, 914, 870, 0, 8.29%, 0, 0, 6, 2.48, 23520
1648639249, 29, 358, 915, 871, 0, 8.29%, 0, 0, 6, 3.65, 23630
1648639270, 29, 358, 916, 872, 0, 8.29%, 0, 0, 6, 2.80, 23695
1648639275, 29, 358, 917, 873, 0, 8.29%, 0, 0, 6, 2.48, 23706
1648639280, 29, 358, 918, 874, 0, 8.29%, 0, 0, 6, 2.48, 23719
1648639290, 30, 380, 918, 873, 0, 8.29%, 0, 0, 6, 4.36, 23756
1648639295, 30, 380, 919, 874, 0, 8.29%, 0, 0, 6, 5.39, 23786
1648639300, 30, 380, 920, 875, 0, 8.29%, 0, 0, 6, 5.59, 23814
1648639306, 30, 380, 921, 876, 0, 8.29%, 0, 0, 6, 5.17, 23843
1648639326, 30, 380, 922, 877, 0, 8.30%, 0, 0, 6, 5.11, 23959
1648639342, 30, 588, 922, 876, 1, 8.30%, 0, 0, 6, 6.10, 24058
1648639362, 30, 588, 923, 877, 1, 8.30%, 0, 0, 6, 4.99, 24186
1648639372, 30, 588, 924, 878, 1, 8.30%, 0, 0, 6, 3.87, 24226
1648639393, 30, 588, 925, 879, 1, 8.30%, 0, 0, 6, 3.46, 24300
1648639419, 30, 588, 926, 880, 1, 8.30%, 0, 0, 6, 3.85, 24404
1648639424, 30, 650, 926, 879, 3, 8.30%, 0, 0, 6, 4.28, 24427
1648639429, 30, 650, 927, 880, 3, 8.30%, 0, 0, 6, 3.86, 24444
1648639491, 30, 650, 928, 881, 3, 8.30%, 0, 0, 6, 4.39, 24711
1648639512, 31, 58, 928, 880, 0, 8.30%, 0, 0, 6, 3.78, 24782
1648639517, 31, 58, 929, 881, 0, 8.30%, 0, 0, 6, 4.51, 24806
1648639552, 31, 58, 930, 882, 0, 8.30%, 0, 0, 6, 4.12, 24969
1648639573, 31, 434, 930, 881, 0, 8.30%, 0, 0, 6, 4.10, 25063
1648639594, 31, 434, 931, 882, 0, 8.30%, 0, 0, 6, 3.83, 25171
1648639599, 31, 434, 932, 883, 0, 8.30%, 0, 0, 6, 2.99, 25183
1648639630, 31, 434, 933, 884, 0, 8.30%, 0, 0, 6, 2.92, 25273
1648639641, 31, 434, 934, 885, 0, 8.30%, 0, 0, 6, 2.47, 25298
1648639657, 31, 434, 935, 886, 0, 8.30%, 0, 0, 6, 3.17, 25350
1648639693, 32, 453, 935, 885, 0, 8.30%, 0, 0, 6, 3.01, 25450
1648639745, 32, 453, 936, 886, 0, 8.30%, 0, 0, 6, 2.68, 25610
1648639802, 33, 83, 936, 885, 0, 8.30%, 0, 0, 6, 8.51, 25791
1648639843, 33, 693, 936, 884, 0, 8.30%, 0, 0, 6, 5.59, 26048
1648639890, 33, 693, 937, 885, 0, 8.30%, 0, 0, 6, 2.92, 26206
1648639900, 33, 693, 938, 886, 0, 8.30%, 0, 0, 6, 2.34, 26227
1648640006, 33, 693, 939, 887, 0, 8.30%, 0, 0, 6, 1.77, 26433
1648640027, 33, 693, 940, 888, 0, 8.30%, 0, 0, 6, 1.93, 26473
1648640048, 34, 576, 940, 887, 2, 8.30%, 0, 0, 6, 2.43, 26515
1648640157, 34, 576, 941, 888, 2, 8.30%, 0, 0, 6, 2.10, 26815
1648640162, 34, 576, 942, 889, 2, 8.30%, 0, 0, 6, 2.15, 26826
1648640219, 34, 733, 942, 888, 11, 8.30%, 0, 0, 6, 2.43, 26962
1648640292, 34, 733, 943, 889, 11, 8.30%, 0, 0, 6, 2.10, 27151
1648640308, 34, 733, 944, 890, 11, 8.30%, 0, 0, 6, 1.60, 27175
1648640430, 34, 733, 945, 891, 11, 8.31%, 0, 0, 6, 2.06, 27412
1648640451, 34, 754, 945, 890, 2, 8.31%, 0, 0, 6, 3.32, 27464
1648640456, 34, 754, 946, 891, 2, 8.31%, 0, 0, 6, 5.45, 27498
1648640472, 34, 754, 947, 892, 2, 8.32%, 0, 0, 6, 6.75, 27604
1648640482, 34, 754, 948, 893, 2, 8.33%, 0, 0, 6, 4.55, 27656
1648640493, 34, 754, 950, 895, 2, 8.33%, 0, 0, 6, 3.96, 27696
1648640513, 34, 754, 951, 896, 2, 8.33%, 0, 0, 6, 5.80, 27787
1648640519, 34, 754, 952, 897, 2, 8.34%, 0, 0, 6, 6.42, 27821
1648640539, 34, 754, 953, 898, 2, 8.34%, 0, 0, 6, 3.80, 27897
1648640545, 34, 754, 954, 899, 2, 8.34%, 0, 0, 6, 3.97, 27918
1648640555, 34, 754, 955, 900, 2, 8.34%, 0, 0, 6, 3.76, 27958
1648640565, 34, 754, 956, 901, 2, 8.34%, 0, 0, 6, 4.93, 28007
1648640576, 34, 754, 957, 902, 2, 8.35%, 0, 0, 6, 6.11, 28068
1648640592, 34, 846, 957, 901, 2, 8.35%, 0, 0, 6, 3.19, 28114
1648640712, 34, 846, 958, 902, 2, 8.35%, 0, 0, 6, 2.76, 28452
1648640728, 34, 846, 959, 903, 2, 8.35%, 0, 0, 6, 2.50, 28494
1648640760, 35, 659, 959, 902, 0, 8.35%, 0, 0, 6, 2.33, 28563
1648640975, 35, 834, 959, 901, 0, 8.35%, 0, 0, 6, 2.10, 29002
1648641048, 35, 834, 960, 902, 0, 8.35%, 0, 0, 6, 2.32, 29199
1648641074, 35, 834, 961, 903, 0, 8.35%, 0, 0, 6, 2.59, 29263
1648641100, 36, 6, 961, 902, 2, 8.35%, 0, 0, 6, 2.78, 29330
1648641125, 36, 6, 962, 903, 2, 8.35%, 0, 0, 6, 3.87, 29433
1648641141, 36, 6, 963, 904, 2, 8.35%, 0, 0, 6, 3.97, 29484
1648641146, 36, 6, 964, 905, 2, 8.35%, 0, 0, 6, 3.83, 29504
1648641151, 36, 6, 965, 906, 2, 8.35%, 0, 0, 6, 3.78, 29523
1648641156, 36, 6, 966, 907, 2, 8.35%, 0, 0, 6, 3.93, 29544
1648641161, 36, 6, 967, 908, 2, 8.38%, 0, 0, 6, 4.04, 29565
1648641177, 36, 738, 967, 908, 0, 8.38%, 0, 0, 6, 4.59, 29639
1648641250, 36, 738, 968, 909, 0, 8.38%, 0, 0, 7, 1.55, 29765
1648641261, 36, 738, 969, 910, 0, 8.38%, 0, 0, 7, 1.52, 29781
1648641396, 36, 839, 969, 909, 3, 8.38%, 0, 0, 7, 1.85, 29997
1648641401, 36, 839, 970, 910, 3, 8.38%, 0, 0, 7, 2.56, 30010
1648641416, 36, 839, 971, 911, 3, 8.40%, 0, 0, 7, 3.35, 30061
1648641453, 36, 839, 972, 912, 3, 8.40%, 0, 0, 7, 3.11, 30175
1648641464, 36, 839, 973, 913, 3, 8.40%, 0, 0, 7, 2.10, 30193
1648641475, 36, 839, 974, 914, 3, 8.41%, 0, 0, 7, 1.78, 30211
1648641495, 36, 839, 975, 915, 3, 8.41%, 0, 0, 7, 2.24, 30255
1648641506, 36, 839, 976, 916, 3, 8.41%, 0, 0, 7, 1.99, 30274
1648641511, 36, 839, 977, 917, 3, 8.41%, 0, 0, 7, 1.95, 30283
1648641543, 36, 839, 978, 918, 3, 8.41%, 0, 0, 7, 1.96, 30344
1648641602, 36, 839, 979, 919, 3, 8.41%, 0, 0, 7, 2.36, 30466
1648641617, 36, 847, 979, 918, 3, 8.42%, 0, 0, 7, 2.91, 30513
1648641653, 36, 847, 980, 919, 3, 8.42%, 0, 0, 7, 2.73, 30622
1648641752, 37, 6, 980, 918, 4, 8.42%, 0, 0, 7, 2.81, 30866
1648641814, 37, 456, 980, 918, 4, 8.42%, 0, 0, 7, 4.02, 31124
1648641877, 37, 456, 981, 919, 4, 8.42%, 0, 0, 7, 2.46, 31308
1648641882, 37, 456, 982, 920, 4, 8.42%, 0, 0, 7, 2.31, 31319
1648641887, 37, 456, 983, 921, 4, 8.42%, 0, 0, 7, 2.23, 31330
1648641892, 37, 456, 984, 922, 4, 8.42%, 0, 0, 7, 2.18, 31341
1648641897, 37, 456, 985, 923, 4, 8.42%, 0, 0, 7, 2.16, 31352
1648641902, 37, 456, 986, 924, 4, 8.42%, 0, 0, 7, 2.15, 31363
1648641945, 37, 456, 987, 925, 4, 8.42%, 0, 0, 7, 2.19, 31460
1648641960, 37, 922, 987, 924, 5, 8.42%, 0, 0, 7, 4.76, 31508
1648641980, 37, 922, 988, 925, 5, 8.42%, 0, 0, 7, 7.87, 31667
1648642022, 37, 922, 989, 926, 5, 8.43%, 0, 0, 7, 4.80, 31877
1648642058, 37, 922, 990, 927, 5, 8.43%, 0, 0, 7, 3.89, 32031
1648642079, 38, 848, 990, 926, 4, 8.43%, 0, 0, 7, 4.44, 32131
1648642197, 38, 848, 991, 927, 4, 8.43%, 0, 0, 7, 2.95, 32412
1648642228, 39, 447, 991, 926, 1, 8.43%, 0, 0, 7, 2.32, 32481
1648642234, 39, 447, 992, 927, 1, 8.44%, 0, 0, 7, 7.71, 32533
1648642323, 39, 447, 993, 928, 1, 8.44%, 0, 0, 7, 2.16, 32803
1648642334, 39, 447, 994, 929, 1, 8.44%, 0, 0, 7, 2.10, 32825
1648642344, 40, 88, 994, 928, 0, 8.44%, 0, 0, 7, 14.06, 32866
1648642375, 40, 734, 994, 927, 0, 8.44%, 0, 0, 7, 8.55, 33108
1648642562, 40, 859, 994, 926, 0, 8.44%, 0, 0, 7, 2.24, 33543
1648642630, 40, 859, 995, 927, 0, 8.44%, 0, 0, 7, 1.88, 33734
1648642662, 40, 859, 996, 928, 0, 8.44%, 0, 0, 7, 2.86, 33806
1648642735, 40, 968, 996, 927, 1, 8.44%, 0, 0, 7, 2.53, 33993
1648642832, 40, 968, 997, 928, 1, 8.44%, 0, 0, 8, 1.39, 34133
1648642837, 40, 968, 998, 929, 1, 8.44%, 0, 0, 8, 1.37, 34140
1648642852, 40, 968, 999, 930, 1, 8.44%, 0, 0, 8, 1.53, 34162
1648642857, 40, 968, 1000, 931, 1, 8.44%, 0, 0, 8, 1.41, 34168
1648642868, 40, 968, 1001, 932, 1, 8.44%, 0, 0, 8, 1.28, 34180
1648642878, 40, 968, 1002, 933, 1, 8.44%, 0, 0, 8, 1.21, 34192
1648643002, 41, 777, 1002, 932, 9, 8.44%, 0, 0, 8, 2.28, 34360
1648643069, 41, 777, 1003, 933, 9, 8.44%, 0, 0, 8, 3.51, 34612
1648643151, 41, 793, 1003, 932, 8, 8.44%, 0, 0, 8, 3.46, 34935
1648643157, 41, 793, 1004, 933, 8, 8.44%, 0, 0, 8, 4.09, 34956
1648643173, 41, 793, 1005, 934, 8, 8.45%, 0, 0, 8, 4.95, 35032
1648643189, 41, 793, 1006, 935, 8, 8.46%, 0, 0, 8, 4.83, 35106
1648643194, 41, 793, 1007, 936, 8, 8.47%, 0, 0, 8, 5.19, 35134
1648643204, 41, 793, 1008, 937, 8, 8.48%, 0, 0, 8, 5.23, 35188
1648643210, 41, 793, 1009, 938, 8, 8.48%, 0, 0, 8, 5.12, 35215
1648643215, 41, 793, 1010, 939, 8, 8.49%, 0, 0, 8, 4.94, 35238
1648643230, 41, 793, 1011, 940, 8, 8.51%, 0, 0, 8, 5.08, 35317
1648643241, 41, 793, 1012, 941, 8, 8.51%, 0, 0, 8, 4.77, 35364
1648643251, 41, 793, 1013, 942, 8, 8.53%, 0, 0, 8, 4.88, 35414
1648643267, 41, 793, 1014, 943, 8, 8.53%, 0, 0, 8, 2.92, 35463
1648643277, 41, 793, 1015, 944, 8, 8.54%, 0, 0, 8, 3.96, 35497
1648643292, 41, 793, 1016, 945, 8, 8.55%, 0, 0, 8, 2.46, 35536
1648643303, 41, 793, 1017, 946, 8, 8.55%, 0, 0, 8, 3.21, 35565
1648643318, 41, 793, 1018, 947, 8, 8.57%, 0, 0, 8, 4.37, 35630
1648643350, 41, 793, 1019, 948, 8, 8.58%, 0, 0, 8, 1.95, 35707
1648643355, 41, 793, 1020, 949, 8, 8.58%, 0, 0, 8, 1.84, 35716
1648643366, 41, 793, 1021, 950, 8, 8.58%, 0, 0, 8, 1.73, 35734
1648643371, 41, 793, 1022, 951, 8, 8.58%, 0, 0, 8, 1.71, 35743
1648643377, 41, 793, 1023, 952, 8, 8.58%, 0, 0, 8, 1.70, 35752
1648643393, 41, 793, 1024, 953, 8, 8.58%, 0, 0, 8, 3.78, 35797
1648643408, 41, 793, 1025, 954, 8, 8.59%, 0, 0, 8, 4.19, 35855
1648643424, 41, 793, 1026, 955, 8, 8.60%, 0, 0, 8, 3.05, 35902
1648643435, 41, 793, 1027, 956, 8, 8.60%, 0, 0, 8, 3.80, 35947
1648643450, 41, 793, 1028, 957, 8, 8.61%, 0, 0, 8, 3.66, 35986
1648643466, 41, 793, 1029, 958, 8, 8.62%, 0, 0, 8, 3.07, 36036
1648643477, 41, 793, 1030, 959, 8, 8.63%, 0, 0, 8, 4.01, 36082
1648643493, 41, 793, 1031, 960, 8, 8.63%, 0, 0, 8, 2.16, 36112
1648643525, 42, 749, 1031, 959, 1, 8.63%, 0, 0, 8, 2.39, 36172
1648643561, 42, 749, 1032, 960, 1, 8.63%, 0, 0, 8, 3.58, 36389
1648643592, 43, 59, 1032, 959, 0, 8.63%, 0, 0, 8, 5.81, 36534
1648643602, 43, 59, 1033, 960, 0, 8.63%, 0, 0, 8, 3.88, 36573
1648643607, 43, 59, 1034, 961, 0, 8.63%, 0, 0, 8, 3.54, 36590
1648643613, 43, 59, 1035, 962, 0, 8.63%, 0, 0, 8, 3.42, 36608
1648643664, 43, 436, 1035, 961, 0, 8.63%, 0, 0, 8, 4.92, 36800
1648643700, 43, 436, 1036, 962, 0, 8.63%, 0, 0, 8, 2.95, 36947
1648643732, 43, 436, 1037, 963, 0, 8.63%, 0, 0, 8, 2.93, 37035
1648643774, 43, 438, 1037, 962, 6, 8.63%, 0, 0, 8, 3.87, 37165
1648643878, 43, 805, 1037, 961, 5, 8.63%, 0, 0, 8, 3.51, 37504
1648643883, 43, 805, 1038, 962, 5, 8.63%, 0, 0, 8, 3.82, 37524
1648643893, 43, 805, 1039, 963, 5, 8.63%, 0, 0, 8, 3.97, 37564
1648643909, 43, 805, 1040, 964, 5, 8.64%, 0, 0, 8, 3.93, 37624
1648643924, 43, 805, 1041, 965, 5, 8.65%, 0, 0, 8, 3.92, 37684
1648643955, 43, 805, 1042, 966, 5, 8.65%, 0, 0, 8, 3.90, 37804
1648644011, 43, 805, 1043, 967, 5, 8.65%, 0, 0, 8, 3.66, 38012
1648644032, 43, 805, 1044, 968, 5, 8.66%, 0, 0, 8, 2.92, 38079
1648644095, 43, 805, 1045, 969, 5, 8.66%, 0, 0, 8, 3.53, 38276
1648644121, 43, 805, 1046, 970, 5, 8.67%, 0, 0, 8, 2.77, 38354
1648644141, 44, 467, 1046, 969, 1, 8.67%, 0, 0, 8, 2.94, 38411
1648644172, 44, 467, 1047, 970, 1, 8.67%, 0, 0, 8, 2.68, 38513
1648644256, 44, 925, 1047, 969, 1, 8.67%, 0, 0, 8, 3.08, 38736
1648644276, 44, 925, 1048, 970, 1, 8.68%, 0, 0, 8, 6.90, 38853
1648644287, 44, 925, 1049, 971, 1, 8.68%, 0, 0, 8, 7.58, 38924
1648644297, 44, 925, 1050, 972, 1, 8.69%, 0, 0, 8, 7.01, 38990
1648644370, 44, 925, 1051, 973, 1, 8.69%, 0, 0, 8, 2.48, 39226
1648644375, 44, 925, 1052, 974, 1, 8.69%, 0, 0, 8, 2.37, 39238
1648644381, 44, 925, 1053, 975, 1, 8.69%, 0, 0, 8, 2.41, 39251
1648644417, 44, 925, 1054, 976, 1, 8.69%, 0, 0, 8, 3.90, 39362
1648644427, 44, 925, 1055, 977, 1, 8.69%, 0, 0, 8, 2.46, 39382
1648644437, 44, 925, 1056, 978, 1, 8.69%, 0, 0, 8, 2.07, 39401
1648644443, 44, 925, 1057, 979, 1, 8.69%, 0, 0, 8, 1.99, 39411
1648644459, 44, 1007, 1058, 979, 3, 8.69%, 0, 0, 8, 4.15, 39463
1648644469, 44, 1007, 1059, 980, 3, 8.70%, 0, 0, 8, 5.00, 39518
1648644474, 44, 1007, 1060, 981, 3, 8.71%, 0, 0, 8, 5.16, 39545
1648644485, 44, 1007, 1061, 982, 3, 8.71%, 0, 0, 8, 5.36, 39601
1648644495, 44, 1007, 1062, 983, 3, 8.72%, 0, 0, 8, 5.44, 39657
1648644500, 44, 1007, 1063, 984, 3, 8.73%, 0, 0, 8, 5.46, 39685
1648644511, 44, 1007, 1064, 985, 3, 8.73%, 0, 0, 8, 5.34, 39740
1648644526, 44, 1007, 1065, 986, 3, 8.74%, 0, 0, 8, 5.37, 39823
1648644531, 44, 1007, 1066, 987, 3, 8.74%, 0, 0, 8, 5.42, 39851
1648644541, 44, 1007, 1067, 988, 3, 8.75%, 0, 0, 8, 5.33, 39907
1648644551, 44, 1007, 1068, 989, 3, 8.76%, 0, 0, 8, 5.32, 39960
1648644562, 44, 1007, 1069, 990, 3, 8.78%, 0, 0, 8, 5.36, 40015
1648644572, 44, 1007, 1070, 991, 3, 8.78%, 0, 0, 8, 5.43, 40070
1648644587, 44, 1007, 1071, 992, 3, 8.80%, 0, 0, 8, 5.50, 40154
1648644592, 44, 1007, 1072, 993, 3, 8.81%, 0, 0, 8, 5.36, 40181
1648644602, 44, 1007, 1073, 994, 3, 8.82%, 0, 0, 8, 5.39, 40237
1648644608, 44, 1007, 1074, 995, 3, 8.83%, 0, 0, 8, 5.43, 40265
1648644618, 44, 1007, 1075, 996, 3, 8.83%, 0, 0, 8, 5.43, 40322
1648644628, 44, 1007, 1076, 997, 3, 8.84%, 0, 0, 8, 5.53, 40378
1648644634, 44, 1007, 1077, 998, 3, 8.84%, 0, 0, 8, 5.44, 40407
1648644654, 44, 1007, 1078, 999, 3, 8.85%, 0, 0, 8, 3.79, 40498
1648644670, 44, 1007, 1079, 1000, 3, 8.85%, 0, 0, 8, 3.44, 40552
1648644716, 44, 1007, 1080, 1001, 3, 8.86%, 0, 0, 8, 4.91, 40729
1648644726, 44, 1007, 1081, 1002, 3, 8.86%, 0, 0, 8, 3.89, 40773
1648644742, 44, 1007, 1082, 1003, 3, 8.86%, 0, 0, 8, 3.43, 40827
1648644747, 44, 1007, 1083, 1004, 3, 8.86%, 0, 0, 8, 4.62, 40851
1648644757, 44, 1007, 1084, 1005, 3, 8.87%, 0, 0, 8, 5.38, 40909
1648644768, 44, 1007, 1085, 1006, 3, 8.88%, 0, 0, 8, 3.86, 40950
1648644778, 44, 1007, 1086, 1007, 3, 8.88%, 0, 0, 8, 3.44, 40985
1648644788, 44, 1007, 1087, 1008, 3, 8.88%, 0, 0, 8, 3.43, 41020
1648644814, 44, 1007, 1088, 1009, 3, 8.89%, 0, 0, 8, 4.51, 41121
1648644825, 45, 913, 1088, 1008, 3, 8.89%, 0, 0, 8, 4.51, 41165
1648644830, 45, 913, 1089, 1009, 3, 8.91%, 0, 0, 8, 6.19, 41201
1648644835, 45, 913, 1090, 1010, 3, 8.91%, 0, 0, 8, 5.45, 41227
1648644840, 45, 913, 1091, 1011, 3, 8.92%, 0, 0, 8, 7.25, 41261
1648644871, 45, 913, 1092, 1012, 3, 8.92%, 0, 0, 8, 5.43, 41410
1648644882, 45, 913, 1093, 1013, 3, 8.92%, 0, 0, 8, 4.13, 41452
1648644892, 45, 913, 1094, 1014, 3, 8.92%, 0, 0, 8, 2.50, 41470
1648644908, 45, 913, 1095, 1015, 3, 8.93%, 0, 0, 8, 5.09, 41524
1648644924, 45, 913, 1096, 1016, 3, 8.94%, 0, 0, 8, 4.62, 41579
1648644929, 45, 913, 1097, 1017, 3, 8.94%, 0, 0, 8, 4.55, 41602
1648644950, 45, 913, 1098, 1018, 3, 8.94%, 0, 0, 8, 5.16, 41674
1648644955, 45, 913, 1099, 1019, 3, 8.94%, 0, 0, 8, 5.82, 41706
1648644966, 45, 913, 1100, 1020, 3, 8.95%, 0, 0, 8, 4.17, 41750
1648644971, 45, 913, 1101, 1021, 3, 8.95%, 0, 0, 8, 3.05, 41760
1648644976, 45, 913, 1102, 1022, 3, 8.95%, 0, 0, 8, 2.50, 41769
1648644987, 45, 913, 1103, 1023, 3, 8.95%, 0, 0, 8, 2.02, 41788
1648644992, 45, 913, 1104, 1024, 3, 8.95%, 0, 0, 8, 2.70, 41803
1648645018, 45, 913, 1105, 1025, 3, 8.95%, 0, 0, 8, 2.34, 41869
1648645024, 45, 913, 1106, 1026, 3, 8.95%, 0, 0, 8, 2.11, 41879
1648645050, 45, 913, 1107, 1027, 3, 8.95%, 0, 0, 8, 2.43, 41941
1648645060, 45, 1038, 1107, 1026, 16, 8.95%, 0, 0, 8, 2.97, 41966
1648645065, 45, 1038, 1108, 1027, 16, 8.95%, 0, 0, 8, 3.67, 41986
1648645075, 45, 1038, 1109, 1028, 16, 8.95%, 0, 0, 8, 3.94, 42026
1648645086, 45, 1038, 1110, 1029, 16, 8.96%, 0, 0, 8, 3.99, 42067
1648645101, 45, 1038, 1111, 1030, 16, 8.96%, 0, 0, 8, 3.93, 42127
1648645111, 45, 1038, 1112, 1031, 16, 8.96%, 0, 0, 8, 3.93, 42167
1648645193, 45, 1038, 1113, 1032, 16, 8.97%, 0, 0, 8, 3.19, 42454
1648645239, 45, 1038, 1114, 1033, 16, 8.97%, 0, 0, 8, 3.13, 42586
1648645275, 45, 1038, 1115, 1034, 16, 8.97%, 0, 0, 8, 3.38, 42701
1648645291, 45, 1038, 1116, 1035, 16, 8.98%, 0, 0, 8, 3.17, 42756
1648645322, 46, 383, 1116, 1034, 0, 8.98%, 0, 0, 8, 3.74, 42849
1648645347, 46, 383, 1117, 1035, 0, 8.98%, 0, 0, 8, 5.48, 43007
1648645352, 46, 383, 1118, 1036, 0, 8.98%, 0, 0, 8, 5.83, 43034
1648645374, 46, 468, 1118, 1035, 0, 8.98%, 0, 0, 8, 5.02, 43141
1648645490, 46, 756, 1118, 1034, 0, 8.98%, 0, 0, 8, 2.75, 43454
1648645495, 46, 756, 1119, 1035, 0, 8.98%, 0, 0, 8, 13.05, 43517
1648645500, 46, 756, 1120, 1036, 0, 8.98%, 0, 0, 8, 13.41, 43582
1648645505, 46, 756, 1121, 1037, 0, 8.99%, 0, 0, 8, 13.45, 43649
1648645526, 46, 756, 1122, 1038, 0, 8.99%, 0, 0, 8, 9.67, 43778
1648645536, 46, 756, 1123, 1039, 0, 8.99%, 0, 0, 8, 4.21, 43818
1648645546, 46, 756, 1124, 1040, 0, 9.00%, 0, 0, 8, 9.48, 43887
1648645562, 46, 756, 1125, 1041, 0, 9.00%, 0, 0, 8, 9.92, 43986
1648645577, 47, 6, 1125, 1040, 2, 9.01%, 0, 0, 8, 5.14, 44053
1648645644, 47, 903, 1125, 1040, 2, 9.01%, 0, 0, 8, 3.71, 44302
1648645680, 47, 903, 1126, 1041, 2, 9.01%, 0, 0, 8, 3.00, 44406
1648645696, 47, 903, 1127, 1042, 2, 9.01%, 0, 0, 8, 2.62, 44446
1648645789, 47, 903, 1128, 1043, 2, 9.01%, 0, 0, 8, 2.82, 44708
1648645815, 47, 903, 1129, 1044, 2, 9.02%, 0, 0, 8, 2.85, 44781
1648645835, 47, 903, 1130, 1045, 2, 9.02%, 0, 0, 8, 2.74, 44836
1648645882, 47, 903, 1131, 1046, 2, 9.02%, 0, 0, 8, 2.59, 44958
1648645928, 47, 937, 1131, 1045, 8, 9.02%, 0, 0, 8, 3.09, 45078
1648646109, 48, 728, 1131, 1044, 7, 9.02%, 0, 0, 8, 2.06, 45422
1648646114, 48, 728, 1132, 1045, 7, 9.03%, 0, 0, 8, 3.30, 45441
1648646130, 48, 728, 1133, 1046, 7, 9.03%, 0, 0, 8, 3.66, 45497
1648646150, 48, 728, 1134, 1047, 7, 9.03%, 0, 0, 8, 3.64, 45570
1648646181, 48, 728, 1135, 1048, 7, 9.04%, 0, 0, 8, 3.66, 45679
1648646213, 48, 728, 1136, 1049, 7, 9.04%, 0, 0, 8, 2.62, 45764
1648646350, 48, 955, 1136, 1048, 7, 9.04%, 0, 0, 8, 2.69, 46053
1648646360, 48, 955, 1137, 1049, 7, 9.04%, 0, 0, 8, 5.95, 46114
1648646370, 48, 955, 1138, 1050, 7, 9.05%, 0, 0, 8, 5.97, 46178
1648646391, 48, 955, 1139, 1051, 7, 9.05%, 0, 0, 8, 5.93, 46298
1648646396, 48, 955, 1140, 1052, 7, 9.05%, 0, 0, 8, 5.96, 46328
1648646474, 48, 955, 1141, 1053, 7, 9.06%, 0, 0, 8, 2.99, 46659
1648646484, 48, 955, 1142, 1054, 7, 9.06%, 0, 0, 8, 5.54, 46712
1648646520, 49, 795, 1142, 1053, 1, 9.06%, 0, 0, 8, 3.33, 46839
1648646598, 49, 795, 1143, 1054, 1, 9.06%, 0, 0, 8, 2.29, 47033
1648646603, 49, 795, 1144, 1055, 1, 9.06%, 0, 0, 8, 2.19, 47044
1648646692, 50, 6, 1144, 1054, 1, 9.06%, 0, 0, 8, 2.86, 47287
1648646717, 50, 6, 1146, 1056, 1, 9.06%, 0, 0, 8, 4.06, 47405
1648646753, 50, 6, 1147, 1057, 1, 9.06%, 0, 0, 8, 3.95, 47552
1648646759, 50, 958, 1147, 1057, 7, 9.06%, 0, 0, 8, 3.66, 47570
1648646774, 50, 958, 1148, 1058, 7, 9.06%, 0, 0, 8, 3.91, 47622
1648646790, 50, 958, 1149, 1059, 7, 9.07%, 0, 0, 8, 3.92, 47683
1648646810, 50, 958, 1150, 1060, 7, 9.07%, 0, 0, 8, 3.68, 47754
1648646851, 50, 958, 1151, 1061, 7, 9.08%, 0, 0, 8, 2.88, 47887
1648646861, 50, 958, 1152, 1062, 7, 9.08%, 0, 0, 8, 2.35, 47907
1648646872, 50, 958, 1153, 1063, 7, 9.08%, 0, 0, 8, 1.90, 47925
1648646925, 50, 958, 1154, 1064, 7, 9.09%, 0, 0, 8, 3.04, 48031
1648646978, 50, 958, 1155, 1065, 7, 9.09%, 0, 0, 8, 3.14, 48152
1648646999, 50, 958, 1156, 1066, 7, 9.09%, 0, 0, 8, 2.08, 48202
1648647016, 50, 958, 1157, 1067, 7, 9.09%, 0, 0, 8, 2.14, 48237
1648647048, 50, 958, 1158, 1068, 7, 9.09%, 0, 0, 8, 1.62, 48290
1648647064, 50, 1041, 1158, 1067, 16, 9.09%, 0, 0, 8, 2.11, 48317
1648647069, 50, 1041, 1159, 1068, 16, 9.09%, 0, 0, 8, 3.39, 48337
1648647106, 50, 1041, 1160, 1069, 16, 9.10%, 0, 0, 8, 4.04, 48478
1648647116, 50, 1041, 1161, 1070, 16, 9.10%, 0, 0, 8, 3.89, 48518
1648647147, 50, 1041, 1162, 1071, 16, 9.10%, 0, 0, 8, 3.90, 48639
1648647172, 50, 1041, 1163, 1072, 16, 9.10%, 0, 0, 8, 3.79, 48733
1648647188, 50, 1041, 1164, 1073, 16, 9.10%, 0, 0, 8, 2.82, 48782
1648647219, 50, 1041, 1165, 1074, 16, 9.10%, 0, 0, 8, 3.18, 48867
1648647270, 50, 1041, 1166, 1075, 16, 9.10%, 0, 0, 8, 2.91, 49030
1648647281, 50, 1041, 1167, 1076, 16, 9.10%, 0, 0, 8, 2.51, 49056
1648647286, 50, 1041, 1168, 1077, 16, 9.10%, 0, 0, 8, 2.42, 49068
1648647311, 50, 1041, 1169, 1078, 16, 9.10%, 0, 0, 8, 2.54, 49132
1648647317, 51, 848, 1169, 1077, 1, 9.10%, 0, 0, 8, 2.52, 49144
1648647432, 51, 848, 1170, 1078, 1, 9.10%, 0, 0, 8, 2.03, 49351
1648647511, 52, 800, 1170, 1078, 1, 9.10%, 0, 0, 8, 2.98, 49501
1648647527, 52, 800, 1171, 1079, 1, 9.11%, 0, 0, 8, 4.80, 49571
1648647538, 52, 800, 1172, 1080, 1, 9.11%, 0, 0, 8, 4.91, 49622
1648647543, 52, 800, 1173, 1081, 1, 9.11%, 0, 0, 8, 5.10, 49650
1648647569, 52, 800, 1174, 1082, 1, 9.12%, 0, 0, 8, 4.47, 49766
1648647658, 52, 979, 1174, 1081, 1, 9.12%, 0, 0, 8, 2.20, 49969
1648647794, 53, 865, 1174, 1080, 0, 9.12%, 0, 0, 8, 1.74, 50253
1648647867, 53, 865, 1175, 1081, 0, 9.12%, 0, 0, 8, 2.85, 50451
1648647987, 53, 1048, 1175, 1080, 3, 9.12%, 0, 0, 8, 4.08, 50712
1648648002, 53, 1048, 1176, 1081, 3, 9.12%, 0, 0, 8, 9.76, 50859
1648648013, 53, 1048, 1177, 1082, 3, 9.12%, 0, 0, 8, 10.30, 50963
1648648018, 53, 1048, 1178, 1083, 3, 9.13%, 0, 0, 8, 10.59, 51019
1648648023, 53, 1048, 1179, 1084, 3, 9.14%, 0, 0, 8, 9.76, 51069
1648648028, 53, 1048, 1180, 1085, 3, 9.14%, 0, 0, 8, 9.28, 51115
1648648033, 53, 1048, 1181, 1086, 3, 9.14%, 0, 0, 8, 9.09, 51161
1648648038, 53, 1048, 1182, 1087, 3, 9.14%, 0, 0, 8, 9.06, 51206
1648648054, 53, 1048, 1184, 1089, 3, 9.15%, 0, 0, 8, 5.54, 51321
1648648069, 53, 1048, 1185, 1090, 3, 9.15%, 0, 0, 8, 4.97, 51398
1648648079, 53, 1048, 1186, 1091, 3, 9.15%, 0, 0, 8, 4.62, 51446
1648648095, 53, 1048, 1187, 1092, 3, 9.15%, 0, 0, 8, 4.94, 51522
1648648110, 53, 1048, 1188, 1093, 3, 9.15%, 0, 0, 8, 4.50, 51591
1648648136, 53, 1048, 1189, 1094, 3, 9.16%, 0, 0, 8, 4.61, 51721
1648648146, 53, 1048, 1190, 1095, 3, 9.16%, 0, 0, 8, 4.96, 51770
1648648177, 53, 1048, 1191, 1096, 3, 9.16%, 0, 0, 8, 5.43, 51911
1648648187, 53, 1048, 1192, 1097, 3, 9.16%, 0, 0, 8, 4.51, 51957
1648648203, 53, 1048, 1193, 1098, 3, 9.16%, 0, 0, 8, 4.62, 52030
1648648218, 53, 1048, 1194, 1099, 3, 9.16%, 0, 0, 8, 4.77, 52104
1648648244, 54, 973, 1194, 1098, 2, 9.16%, 0, 0, 8, 3.20, 52206
1648648292, 54, 973, 1195, 1099, 2, 9.16%, 0, 0, 8, 2.22, 52313
1648648323, 54, 973, 1196, 1100, 2, 9.16%, 0, 0, 8, 2.14, 52373
1648648338, 54, 973, 1197, 1101, 2, 9.17%, 0, 0, 8, 2.75, 52416
1648648365, 54, 973, 1198, 1102, 2, 9.17%, 0, 0, 8, 1.93, 52469
1648648376, 54, 973, 1199, 1103, 2, 9.17%, 0, 0, 8, 1.76, 52486
1648648381, 54, 973, 1200, 1104, 2, 9.17%, 0, 0, 8, 1.74, 52495
1648648397, 54, 973, 1201, 1105, 2, 9.17%, 0, 0, 8, 1.84, 52524
1648648434, 54, 973, 1202, 1106, 2, 9.17%, 0, 0, 8, 2.33, 52600
1648648455, 55, 20, 1202, 1105, 0, 9.17%, 0, 0, 8, 5.57, 52662
1648648506, 55, 1045, 1202, 1104, 0, 9.17%, 0, 0, 8, 4.21, 52911
1648648522, 55, 1045, 1203, 1105, 0, 9.17%, 0, 0, 8, 2.91, 52954
1648648537, 55, 1045, 1204, 1106, 0, 9.17%, 0, 0, 8, 3.08, 52999
1648648651, 55, 1045, 1205, 1107, 0, 9.17%, 0, 0, 8, 2.27, 53291
1648648730, 56, 956, 1205, 1106, 6, 9.17%, 0, 0, 8, 2.33, 53466
1648648863, 56, 956, 1206, 1107, 6, 9.17%, 0, 0, 8, 3.12, 54007
1648648869, 56, 956, 1207, 1108, 6, 9.17%, 0, 0, 8, 2.95, 54022
1648648874, 56, 956, 1208, 1109, 6, 9.17%, 0, 0, 8, 2.85, 54036
1648648884, 56, 956, 1209, 1110, 6, 9.17%, 0, 0, 8, 3.54, 54072
1648648889, 57, 616, 1209, 1109, 4, 9.17%, 0, 0, 8, 3.43, 54085
1648648983, 57, 616, 1210, 1110, 4, 9.17%, 0, 0, 8, 2.01, 54348
1648649010, 57, 616, 1211, 1111, 4, 9.17%, 0, 0, 8, 2.83, 54402
1648649073, 57, 978, 1211, 1110, 3, 9.17%, 0, 0, 8, 2.41, 54526
1648649103, 57, 978, 1212, 1111, 3, 9.18%, 0, 0, 8, 3.47, 54636
1648649134, 57, 978, 1213, 1112, 3, 9.18%, 0, 0, 8, 3.57, 54749
1648649165, 57, 978, 1214, 1113, 3, 9.18%, 0, 0, 8, 2.95, 54845
1648649181, 57, 978, 1215, 1114, 3, 9.19%, 0, 0, 8, 3.06, 54892
1648649206, 57, 978, 1216, 1115, 3, 9.19%, 0, 0, 8, 2.95, 54968
1648649227, 57, 978, 1217, 1116, 3, 9.19%, 0, 0, 8, 2.65, 55021
1648649294, 57, 978, 1218, 1117, 3, 9.19%, 0, 0, 8, 2.53, 55186
1648649355, 58, 62, 1218, 1116, 0, 9.19%, 0, 0, 8, 2.84, 55346
1648649371, 58, 62, 1219, 1117, 0, 9.19%, 0, 0, 8, 3.60, 55402
1648649433, 58, 1064, 1220, 1117, 0, 9.19%, 0, 0, 8, 3.95, 55618
1648649448, 58, 1064, 1221, 1118, 0, 9.20%, 0, 0, 8, 5.31, 55701
1648649469, 58, 1064, 1222, 1119, 0, 9.20%, 0, 0, 8, 5.35, 55813
1648649480, 58, 1064, 1223, 1120, 0, 9.20%, 0, 0, 8, 5.43, 55870
1648649485, 58, 1064, 1224, 1121, 0, 9.20%, 0, 0, 8, 5.55, 55900
1648649496, 58, 1064, 1225, 1122, 0, 9.21%, 0, 0, 8, 5.39, 55957
1648649511, 58, 1064, 1226, 1123, 0, 9.22%, 0, 0, 8, 5.31, 56040
1648649516, 58, 1064, 1227, 1124, 0, 9.22%, 0, 0, 8, 5.23, 56067
1648649553, 58, 1064, 1228, 1125, 0, 9.22%, 0, 0, 8, 4.73, 56238
1648649564, 58, 1064, 1229, 1126, 0, 9.22%, 0, 0, 8, 4.63, 56287
1648649569, 58, 1064, 1230, 1127, 0, 9.23%, 0, 0, 8, 5.00, 56314
1648649579, 58, 1064, 1231, 1128, 0, 9.23%, 0, 0, 8, 3.81, 56356
1648649599, 58, 1064, 1232, 1129, 0, 9.23%, 0, 0, 8, 3.38, 56424
1648649636, 58, 1064, 1234, 1131, 0, 9.23%, 0, 0, 8, 3.17, 56544
1648649646, 58, 1064, 1235, 1132, 0, 9.23%, 0, 0, 8, 3.17, 56576
