# unix_time, cycles_done, cur_path, paths_total, pending_total, pending_favs, map_size, unique_crashes, unique_hangs, max_depth, execs_per_sec, total_execs
1648633518, 0, 0, 14, 14, 6, 7.55%, 0, 0, 2, 9.36, 393
1648633524, 0, 0, 15, 15, 6, 7.60%, 0, 0, 2, 8.41, 435
1648633529, 0, 0, 16, 16, 6, 7.61%, 0, 0, 2, 8.05, 475
1648633534, 0, 0, 20, 20, 6, 7.62%, 0, 0, 2, 7.82, 515
1648633539, 0, 0, 24, 24, 6, 7.64%, 0, 0, 2, 7.93, 555
1648633544, 0, 0, 28, 28, 6, 7.64%, 0, 0, 2, 7.75, 595
1648633549, 0, 0, 31, 31, 6, 7.65%, 0, 0, 2, 11.83, 658
1648633554, 0, 0, 33, 33, 6, 7.65%, 0, 0, 2, 11.27, 708
1648633560, 0, 0, 35, 35, 6, 7.65%, 0, 0, 2, 6.60, 736
1648633570, 0, 0, 39, 39, 6, 7.65%, 0, 0, 2, 5.51, 790
1648633575, 0, 0, 42, 42, 6, 7.66%, 0, 0, 2, 5.54, 821
1648633580, 0, 0, 43, 43, 6, 7.66%, 0, 0, 2, 6.62, 856
1648633585, 0, 0, 45, 45, 6, 7.66%, 0, 0, 2, 5.55, 885
1648633590, 0, 0, 49, 49, 6, 7.66%, 0, 0, 2, 6.90, 921
1648633596, 0, 0, 52, 52, 6, 7.66%, 0, 0, 2, 5.35, 946
1648633601, 0, 0, 54, 54, 6, 7.66%, 0, 0, 2, 4.61, 969
1648633606, 0, 0, 56, 56, 6, 7.66%, 0, 0, 2, 4.28, 990
1648633611, 0, 0, 59, 59, 6, 7.66%, 0, 0, 2, 4.79, 1016
1648633616, 0, 0, 62, 62, 6, 7.66%, 0, 0, 2, 4.88, 1043
1648633621, 0, 0, 63, 63, 6, 7.67%, 0, 0, 2, 6.05, 1076
1648633626, 0, 0, 65, 65, 6, 7.67%, 0, 0, 2, 5.14, 1102
1648633631, 0, 0, 67, 67, 6, 7.67%, 0, 0, 2, 5.97, 1130
1648633636, 0, 0, 68, 68, 6, 7.67%, 0, 0, 2, 6.36, 1166
1648633641, 0, 0, 71, 71, 6, 7.70%, 0, 0, 2, 4.65, 1187
1648633646, 0, 0, 73, 73, 6, 7.70%, 0, 0, 2, 4.85, 1212
1648633652, 0, 0, 76, 76, 6, 7.71%, 0, 0, 2, 4.55, 1235
1648633662, 0, 0, 77, 77, 6, 7.71%, 0, 0, 2, 4.32, 1278
1648633667, 0, 0, 81, 81, 6, 7.71%, 0, 0, 2, 6.02, 1313
1648633672, 0, 0, 83, 83, 6, 7.71%, 0, 0, 2, 10.19, 1359
1648633677, 0, 0, 86, 86, 6, 7.71%, 0, 0, 2, 9.29, 1402
1648633682, 0, 0, 89, 89, 6, 7.71%, 0, 0, 2, 5.68, 1424
1648633687, 0, 0, 91, 91, 6, 7.71%, 0, 0, 2, 4.68, 1446
1648633692, 0, 0, 94, 94, 6, 7.71%, 0, 0, 2, 4.77, 1471
1648633698, 0, 0, 96, 96, 6, 7.71%, 0, 0, 2, 4.91, 1497
1648633703, 0, 0, 99, 99, 6, 7.71%, 0, 0, 2, 4.31, 1518
1648633708, 0, 0, 101, 101, 6, 7.71%, 0, 0, 2, 4.10, 1539
1648633713, 0, 0, 103, 103, 6, 7.71%, 0, 0, 2, 4.18, 1560
1648633718, 0, 0, 105, 105, 6, 7.71%, 0, 0, 2, 9.52, 1610
1648633723, 0, 0, 108, 108, 6, 7.71%, 0, 0, 2, 12.26, 1666
1648633728, 0, 0, 110, 110, 6, 7.71%, 0, 0, 2, 6.61, 1692
1648633734, 0, 0, 113, 113, 6, 7.71%, 0, 0, 2, 4.83, 1714
1648633739, 0, 0, 115, 115, 6, 7.71%, 0, 0, 2, 4.44, 1736
1648633744, 0, 0, 117, 117, 6, 7.71%, 0, 0, 2, 4.17, 1757
1648633749, 0, 0, 119, 119, 6, 7.71%, 0, 0, 2, 7.95, 1806
1648633754, 0, 0, 121, 121, 6, 7.71%, 0, 0, 2, 5.10, 1827
1648633759, 0, 0, 124, 124, 6, 7.71%, 0, 0, 2, 4.34, 1848
1648633765, 0, 0, 127, 127, 6, 7.71%, 0, 0, 2, 4.92, 1876
1648633770, 0, 0, 129, 129, 6, 7.72%, 0, 0, 2, 6.66, 1912
1648633775, 0, 0, 130, 130, 6, 7.72%, 0, 0, 2, 5.79, 1943
1648633785, 0, 0, 131, 131, 6, 7.72%, 0, 0, 2, 4.21, 1985
1648633790, 0, 0, 133, 133, 6, 7.72%, 0, 0, 2, 4.20, 2007
1648633795, 0, 0, 136, 136, 6, 7.72%, 0, 0, 2, 4.80, 2034
1648633800, 0, 0, 139, 139, 6, 7.72%, 0, 0, 2, 5.52, 2062
1648633805, 0, 0, 141, 141, 6, 7.72%, 0, 0, 2, 4.49, 2083
1648633811, 0, 0, 143, 143, 6, 7.72%, 0, 0, 2, 4.17, 2104
1648633816, 0, 0, 146, 146, 6, 7.72%, 0, 0, 2, 4.11, 2125
1648633821, 0, 0, 149, 149, 6, 7.73%, 0, 0, 2, 4.65, 2151
1648633826, 0, 0, 151, 151, 6, 7.73%, 0, 0, 2, 5.14, 2177
1648633831, 0, 0, 152, 152, 6, 7.73%, 0, 0, 2, 4.92, 2202
1648633836, 0, 0, 155, 155, 6, 7.73%, 0, 0, 2, 4.32, 2223
1648633841, 0, 0, 157, 157, 6, 7.73%, 0, 0, 2, 4.36, 2246
1648633847, 0, 0, 160, 160, 6, 7.73%, 0, 0, 2, 4.73, 2271
1648633852, 0, 0, 162, 162, 6, 7.73%, 0, 0, 2, 5.73, 2302
1648633857, 0, 0, 164, 164, 6, 7.73%, 0, 0, 2, 4.73, 2325
1648633862, 0, 127, 168, 167, 0, 7.75%, 0, 0, 3, 21.87, 2364
1648633867, 0, 127, 173, 172, 0, 7.75%, 0, 0, 3, 15.34, 2432
1648633872, 0, 127, 177, 176, 0, 7.75%, 0, 0, 3, 10.68, 2481
1648633878, 0, 127, 182, 181, 0, 7.75%, 0, 0, 3, 8.83, 2519
1648633883, 0, 127, 185, 184, 0, 7.75%, 0, 0, 3, 7.44, 2555
1648633888, 0, 127, 188, 187, 0, 7.75%, 0, 0, 3, 6.84, 2589
1648633893, 0, 127, 192, 191, 0, 7.75%, 0, 0, 3, 8.20, 2630
1648633898, 0, 127, 197, 196, 0, 7.75%, 0, 0, 3, 9.37, 2682
1648633904, 0, 127, 200, 199, 0, 7.75%, 0, 0, 3, 7.57, 2718
1648633909, 0, 127, 204, 203, 0, 7.75%, 0, 0, 3, 6.76, 2750
1648633914, 0, 127, 207, 206, 0, 7.75%, 0, 0, 3, 6.59, 2784
1648633919, 0, 127, 210, 209, 0, 7.77%, 0, 0, 3, 7.06, 2820
1648633924, 0, 127, 213, 212, 0, 7.77%, 0, 0, 3, 9.38, 2876
1648633930, 0, 127, 216, 215, 0, 7.77%, 0, 0, 3, 7.78, 2912
1648633935, 0, 127, 220, 219, 0, 7.80%, 0, 0, 3, 7.40, 2948
1648633940, 0, 127, 222, 221, 0, 7.80%, 0, 0, 3, 6.74, 2980
1648633945, 0, 127, 223, 222, 0, 7.80%, 0, 0, 3, 6.53, 3012
1648633950, 0, 127, 227, 226, 0, 7.80%, 0, 0, 3, 6.44, 3046
1648633955, 0, 127, 231, 230, 0, 7.80%, 0, 0, 3, 7.73, 3087
1648633961, 0, 127, 234, 233, 0, 7.80%, 0, 0, 3, 7.06, 3122
1648633966, 0, 127, 236, 235, 0, 7.80%, 0, 0, 3, 7.26, 3159
1648633971, 0, 127, 240, 239, 0, 7.80%, 0, 0, 3, 6.77, 3193
1648633976, 0, 127, 243, 242, 0, 7.80%, 0, 0, 3, 7.05, 3230
1648633981, 0, 127, 246, 245, 0, 7.80%, 0, 0, 3, 6.63, 3262
1648633986, 0, 127, 249, 248, 0, 7.80%, 0, 0, 3, 6.78, 3296
1648633991, 1, 0, 252, 250, 5, 7.80%, 0, 0, 3, 9.66, 3345
1648633996, 1, 0, 254, 252, 5, 7.80%, 0, 0, 3, 13.60, 3374
1648634002, 1, 0, 256, 254, 5, 7.81%, 0, 0, 3, 6.59, 3397
1648634007, 1, 0, 259, 257, 5, 7.81%, 0, 0, 3, 4.76, 3418
1648634012, 1, 0, 261, 259, 5, 7.81%, 0, 0, 3, 5.58, 3448
1648634017, 1, 0, 263, 261, 5, 7.81%, 0, 0, 3, 4.74, 3471
1648634022, 1, 0, 264, 262, 5, 7.81%, 0, 0, 3, 4.65, 3494
1648634027, 1, 0, 266, 264, 5, 7.81%, 0, 0, 3, 5.33, 3520
1648634032, 1, 0, 269, 267, 5, 7.81%, 0, 0, 3, 4.82, 3546
1648634038, 1, 0, 271, 269, 5, 7.81%, 0, 0, 3, 4.70, 3570
1648634043, 1, 0, 273, 271, 5, 7.81%, 0, 0, 3, 5.08, 3597
1648634048, 1, 0, 275, 273, 5, 7.81%, 0, 0, 3, 5.16, 3624
1648634053, 1, 0, 276, 274, 5, 7.81%, 0, 0, 3, 4.66, 3648
1648634058, 1, 0, 278, 276, 5, 7.81%, 0, 0, 3, 4.30, 3669
1648634063, 1, 0, 280, 278, 5, 7.81%, 0, 0, 3, 4.21, 3690
1648634068, 1, 0, 283, 281, 5, 7.81%, 0, 0, 3, 4.18, 3711
1648634073, 1, 0, 284, 282, 5, 7.81%, 0, 0, 3, 4.89, 3735
1648634078, 1, 0, 285, 283, 5, 7.81%, 0, 0, 3, 6.40, 3771
1648634083, 1, 0, 286, 284, 5, 7.81%, 0, 0, 3, 6.43, 3803
1648634089, 1, 0, 289, 287, 5, 7.81%, 0, 0, 3, 5.90, 3833
1648634094, 1, 0, 290, 288, 5, 7.81%, 0, 0, 3, 6.47, 3865
1648634099, 1, 0, 291, 289, 5, 7.81%, 0, 0, 3, 5.69, 3895
1648634104, 1, 0, 294, 292, 5, 7.83%, 0, 0, 3, 6.19, 3928
1648634109, 1, 0, 296, 294, 4, 7.83%, 0, 0, 3, 5.96, 3958
1648634115, 1, 0, 298, 296, 4, 7.83%, 0, 0, 3, 6.25, 3995
1648634120, 1, 0, 301, 299, 4, 7.83%, 0, 0, 3, 5.52, 4021
1648634125, 1, 0, 302, 300, 4, 7.83%, 0, 0, 3, 7.01, 4057
1648634130, 1, 0, 303, 301, 4, 7.83%, 0, 0, 3, 6.63, 4092
1648634135, 1, 0, 305, 303, 4, 7.83%, 0, 0, 3, 8.31, 4137
1648634141, 1, 0, 307, 305, 4, 7.83%, 0, 0, 3, 6.94, 4171
1648634146, 1, 0, 308, 306, 4, 7.83%, 0, 0, 3, 5.92, 4201
1648634151, 1, 0, 309, 307, 4, 7.83%, 0, 0, 3, 5.46, 4229
1648634156, 1, 0, 312, 310, 4, 7.83%, 0, 0, 3, 5.82, 4259
1648634161, 1, 0, 314, 312, 4, 7.83%, 0, 0, 3, 5.71, 4288
1648634166, 1, 0, 316, 314, 4, 7.83%, 0, 0, 3, 5.04, 4313
1648634171, 1, 0, 318, 316, 4, 7.83%, 0, 0, 3, 4.89, 4338
1648634177, 1, 0, 321, 319, 4, 7.83%, 0, 0, 3, 6.03, 4371
1648634182, 1, 0, 323, 321, 4, 7.83%, 0, 0, 3, 5.66, 4401
1648634187, 1, 0, 326, 324, 4, 7.83%, 0, 0, 3, 5.11, 4427
1648634192, 1, 0, 327, 325, 4, 7.83%, 0, 0, 3, 5.11, 4453
1648634197, 1, 0, 328, 326, 4, 7.83%, 0, 0, 3, 5.21, 4480
1648634202, 1, 39, 329, 327, 0, 7.83%, 0, 0, 3, 1.99, 4506
1648634207, 1, 39, 331, 329, 0, 7.83%, 0, 0, 3, 10.60, 4546
1648634212, 1, 39, 333, 331, 0, 7.83%, 0, 0, 3, 8.43, 4583
1648634217, 1, 39, 335, 333, 0, 7.83%, 0, 0, 3, 5.33, 4605
1648634223, 1, 39, 337, 335, 0, 7.83%, 0, 0, 3, 4.73, 4628
1648634228, 1, 39, 339, 337, 0, 7.83%, 0, 0, 3, 4.55, 4651
1648634233, 1, 39, 341, 339, 0, 7.83%, 0, 0, 3, 4.58, 4674
1648634243, 1, 39, 343, 341, 0, 7.83%, 0, 0, 3, 6.64, 4745
1648634248, 1, 39, 345, 343, 0, 7.83%, 0, 0, 3, 4.95, 4768
1648634254, 1, 39, 346, 344, 0, 7.83%, 0, 0, 3, 4.86, 4795
1648634259, 1, 39, 348, 346, 0, 7.85%, 0, 0, 3, 4.75, 4819
1648634264, 1, 39, 350, 348, 0, 7.85%, 0, 0, 3, 4.77, 4844
1648634269, 1, 39, 351, 349, 0, 7.85%, 0, 0, 3, 5.23, 4872
1648634274, 1, 39, 352, 350, 0, 7.85%, 0, 0, 3, 5.08, 4899
1648634284, 1, 39, 354, 352, 0, 7.85%, 0, 0, 3, 4.64, 4952
1648634289, 2, 19, 354, 351, 0, 7.85%, 0, 0, 3, 4.08, 4972
1648634295, 2, 19, 357, 354, 0, 7.86%, 0, 0, 3, 5.64, 5004
1648634300, 2, 19, 359, 356, 0, 7.86%, 0, 0, 3, 5.25, 5028
1648634305, 2, 19, 361, 358, 0, 7.86%, 0, 0, 3, 6.45, 5064
1648634310, 2, 19, 363, 360, 0, 7.86%, 0, 0, 3, 6.04, 5093
1648634315, 2, 19, 364, 361, 0, 7.86%, 0, 0, 3, 6.79, 5129
1648634320, 2, 19, 365, 362, 0, 7.87%, 0, 0, 3, 5.75, 5156
1648634325, 2, 19, 366, 363, 0, 7.87%, 0, 0, 3, 5.46, 5186
1648634331, 2, 19, 367, 364, 0, 7.87%, 0, 0, 3, 5.44, 5213
1648634336, 2, 19, 368, 365, 0, 7.87%, 0, 0, 3, 5.61, 5241
1648634346, 2, 19, 370, 367, 0, 7.87%, 0, 0, 3, 5.80, 5303
1648634351, 2, 19, 372, 369, 0, 7.87%, 0, 0, 3, 5.42, 5330
1648634356, 2, 19, 373, 370, 0, 7.87%, 0, 0, 3, 4.91, 5355
1648634367, 2, 19, 374, 371, 0, 7.87%, 0, 0, 3, 5.02, 5403
1648634372, 2, 56, 374, 370, 0, 7.87%, 0, 0, 3, 4.65, 5425
1648634377, 2, 56, 375, 371, 0, 7.87%, 0, 0, 3, 6.41, 5462
1648634382, 2, 56, 377, 373, 0, 7.87%, 0, 0, 3, 4.83, 5484
1648634387, 2, 56, 378, 374, 0, 7.87%, 0, 0, 3, 3.68, 5499
1648634393, 2, 56, 379, 375, 0, 7.87%, 0, 0, 3, 3.17, 5514
1648634398, 2, 56, 380, 376, 0, 7.87%, 0, 0, 3, 3.78, 5537
1648634403, 2, 56, 381, 377, 0, 7.87%, 0, 0, 3, 3.74, 5555
1648634408, 2, 56, 383, 379, 0, 7.87%, 0, 0, 3, 3.44, 5572
1648634413, 2, 56, 384, 380, 0, 7.87%, 0, 0, 3, 3.58, 5590
1648634418, 2, 56, 386, 382, 0, 7.87%, 0, 0, 3, 3.20, 5606
1648634424, 2, 56, 387, 383, 0, 7.87%, 0, 0, 3, 3.16, 5622
1648634429, 2, 56, 389, 385, 0, 7.87%, 0, 0, 3, 3.04, 5637
1648634434, 2, 56, 391, 387, 0, 7.87%, 0, 0, 3, 2.98, 5652
1648634439, 2, 56, 392, 388, 0, 7.87%, 0, 0, 3, 2.93, 5667
1648634444, 2, 56, 394, 390, 0, 7.87%, 0, 0, 3, 3.02, 5683
1648634449, 2, 56, 395, 391, 0, 7.87%, 0, 0, 3, 2.99, 5698
1648634454, 2, 56, 396, 392, 0, 7.87%, 0, 0, 3, 3.13, 5714
1648634459, 2, 56, 398, 394, 0, 7.87%, 0, 0, 3, 2.96, 5729
1648634465, 2, 56, 400, 396, 0, 7.87%, 0, 0, 3, 2.99, 5744
1648634470, 2, 56, 401, 397, 0, 7.87%, 0, 0, 3, 3.22, 5762
1648634475, 2, 56, 403, 399, 0, 7.87%, 0, 0, 3, 3.05, 5778
1648634480, 2, 56, 404, 400, 0, 7.87%, 0, 0, 3, 3.46, 5797
1648634485, 2, 56, 406, 402, 0, 7.87%, 0, 0, 3, 3.18, 5812
1648634491, 2, 56, 407, 403, 0, 7.87%, 0, 0, 3, 2.99, 5827
1648634496, 2, 56, 408, 404, 0, 7.87%, 0, 0, 3, 2.93, 5842
1648634506, 2, 56, 409, 405, 0, 7.87%, 0, 0, 3, 4.01, 5884
1648634512, 2, 56, 411, 407, 0, 7.87%, 0, 0, 3, 3.89, 5904
1648634517, 2, 56, 412, 408, 0, 7.87%, 0, 0, 3, 3.81, 5924
1648634522, 2, 56, 413, 409, 0, 7.87%, 0, 0, 3, 4.25, 5946
1648634527, 2, 56, 415, 411, 0, 7.87%, 0, 0, 3, 3.50, 5961
1648634532, 2, 56, 416, 412, 0, 7.88%, 0, 0, 3, 3.61, 5979
1648634537, 2, 56, 417, 413, 0, 7.88%, 0, 0, 3, 3.30, 5995
1648634542, 2, 56, 419, 415, 0, 7.88%, 0, 0, 3, 3.05, 6010
1648634547, 2, 56, 420, 416, 0, 7.88%, 0, 0, 3, 2.96, 6025
1648634553, 2, 56, 422, 418, 0, 7.88%, 0, 0, 3, 3.12, 6041
1648634558, 2, 56, 424, 420, 0, 7.88%, 0, 0, 3, 2.96, 6056
1648634563, 2, 56, 425, 421, 0, 7.88%, 0, 0, 3, 2.89, 6071
1648634568, 2, 56, 427, 423, 0, 7.88%, 0, 0, 3, 2.86, 6086
1648634574, 2, 56, 428, 424, 0, 7.88%, 0, 0, 3, 2.86, 6101
1648634579, 2, 56, 430, 426, 0, 7.88%, 0, 0, 3, 3.48, 6121
1648634584, 2, 56, 431, 427, 0, 7.88%, 0, 0, 3, 3.31, 6137
1648634589, 2, 56, 433, 429, 0, 7.88%, 0, 0, 3, 3.09, 6153
1648634594, 2, 56, 434, 430, 0, 7.88%, 0, 0, 3, 3.16, 6169
1648634600, 2, 56, 435, 431, 0, 7.88%, 0, 0, 3, 3.05, 6185
1648634605, 2, 56, 436, 432, 0, 7.88%, 0, 0, 3, 3.05, 6201
1648634610, 3, 1, 439, 434, 1, 7.88%, 0, 0, 3, 11.18, 6234
1648634615, 3, 1, 441, 436, 1, 7.88%, 0, 0, 3, 6.25, 6257
1648634620, 3, 1, 443, 438, 1, 7.88%, 0, 0, 3, 5.11, 6281
1648634625, 3, 1, 444, 439, 1, 7.88%, 0, 0, 3, 4.49, 6303
1648634630, 3, 1, 446, 441, 1, 7.88%, 0, 0, 3, 4.30, 6326
1648634641, 3, 1, 449, 444, 1, 7.88%, 0, 0, 3, 4.80, 6381
1648634646, 3, 1, 450, 445, 1, 7.88%, 0, 0, 3, 6.04, 6414
1648634651, 3, 1, 451, 446, 1, 7.88%, 0, 0, 3, 5.40, 6440
1648634656, 3, 1, 452, 447, 1, 7.88%, 0, 0, 3, 4.78, 6463
1648634661, 3, 1, 453, 448, 1, 7.88%, 0, 0, 3, 6.46, 6498
1648634671, 3, 1, 455, 450, 1, 7.88%, 0, 0, 3, 5.66, 6564
1648634676, 3, 1, 456, 451, 1, 7.88%, 0, 0, 3, 6.31, 6596
1648634681, 3, 1, 457, 452, 1, 7.88%, 0, 0, 3, 6.15, 6628
1648634687, 3, 1, 457, 451, 2, 7.88%, 0, 0, 3, 5.27, 6654
1648634692, 3, 330, 458, 452, 2, 7.88%, 0, 0, 4, 4.94, 6677
1648634702, 3, 330, 459, 453, 2, 7.88%, 0, 0, 4, 5.33, 6736
1648634707, 3, 330, 460, 454, 2, 7.88%, 0, 0, 4, 3.91, 6752
1648634712, 3, 330, 461, 455, 2, 7.88%, 0, 0, 4, 3.56, 6769
1648634717, 3, 330, 463, 457, 2, 7.88%, 0, 0, 4, 3.20, 6785
1648634728, 3, 330, 464, 458, 2, 7.88%, 0, 0, 4, 3.39, 6822
1648634733, 3, 330, 465, 459, 2, 7.88%, 0, 0, 4, 3.43, 6839
1648634738, 3, 330, 466, 460, 2, 7.88%, 0, 0, 4, 3.50, 6858
1648634744, 3, 330, 467, 461, 2, 7.88%, 0, 0, 4, 3.95, 6879
1648634749, 3, 330, 468, 462, 2, 7.88%, 0, 0, 4, 3.56, 6895
1648634754, 3, 330, 469, 463, 2, 7.88%, 0, 0, 4, 3.15, 6910
1648634764, 3, 330, 470, 464, 2, 7.88%, 0, 0, 4, 3.99, 6957
1648634770, 3, 330, 472, 466, 2, 7.88%, 0, 0, 4, 3.27, 6972
1648634775, 3, 330, 473, 467, 2, 7.88%, 0, 0, 4, 3.26, 6989
1648634780, 3, 330, 474, 468, 2, 7.88%, 0, 0, 4, 3.08, 7005
1648634785, 3, 330, 476, 470, 2, 7.88%, 0, 0, 4, 3.06, 7021
1648634791, 3, 330, 477, 471, 2, 7.88%, 0, 0, 4, 3.01, 7036
1648634796, 3, 330, 479, 473, 2, 7.88%, 0, 0, 4, 2.94, 7051
1648634801, 3, 330, 480, 474, 2, 7.88%, 0, 0, 4, 2.93, 7066
1648634806, 3, 330, 482, 476, 2, 7.88%, 0, 0, 4, 3.02, 7082
1648634811, 3, 330, 483, 477, 2, 7.88%, 0, 0, 4, 3.20, 7098
1648634822, 3, 330, 484, 478, 2, 7.88%, 0, 0, 4, 3.92, 7138
1648634832, 4, 40, 484, 477, 0, 7.88%, 0, 0, 4, 5.29, 7186
1648634837, 4, 40, 485, 478, 0, 7.88%, 0, 0, 4, 4.62, 7209
1648634842, 4, 40, 486, 479, 0, 7.88%, 0, 0, 4, 4.35, 7229
1648634847, 4, 40, 487, 480, 0, 7.88%, 0, 0, 4, 7.79, 7272
1648634852, 4, 40, 488, 481, 0, 7.88%, 0, 0, 4, 5.49, 7294
1648634857, 4, 40, 489, 482, 0, 7.88%, 0, 0, 4, 4.02, 7311
1648634862, 4, 40, 491, 484, 0, 7.88%, 0, 0, 4, 4.14, 7331
1648634873, 4, 40, 492, 485, 0, 7.88%, 0, 0, 4, 3.72, 7370
1648634878, 4, 40, 493, 486, 0, 7.88%, 0, 0, 4, 3.75, 7390
1648634883, 4, 40, 494, 487, 0, 7.88%, 0, 0, 4, 4.16, 7409
1648634888, 4, 40, 496, 489, 0, 7.88%, 0, 0, 4, 3.85, 7427
1648634893, 4, 40, 497, 490, 0, 7.88%, 0, 0, 4, 3.94, 7446
1648634898, 4, 40, 499, 492, 0, 7.88%, 0, 0, 4, 3.52, 7463
1648634904, 4, 40, 500, 493, 0, 7.88%, 0, 0, 4, 4.96, 7490
1648634909, 4, 40, 502, 495, 0, 7.88%, 0, 0, 4, 4.30, 7510
1648634914, 4, 40, 503, 496, 0, 7.88%, 0, 0, 4, 3.64, 7527
1648634919, 4, 40, 504, 497, 0, 7.88%, 0, 0, 4, 4.12, 7549
1648634924, 4, 40, 506, 499, 0, 7.88%, 0, 0, 4, 3.65, 7567
1648634929, 4, 40, 507, 500, 0, 7.88%, 0, 0, 4, 3.33, 7583
1648634934, 4, 40, 508, 501, 0, 7.88%, 0, 0, 4, 3.21, 7599
1648634940, 4, 40, 509, 502, 0, 7.88%, 0, 0, 4, 3.57, 7618
1648634945, 4, 40, 511, 504, 0, 7.88%, 0, 0, 4, 3.42, 7636
1648634950, 4, 40, 512, 505, 0, 7.88%, 0, 0, 4, 3.53, 7654
1648634955, 4, 40, 513, 506, 0, 7.88%, 0, 0, 4, 3.27, 7670
1648634960, 4, 40, 514, 507, 0, 7.88%, 0, 0, 4, 3.46, 7688
1648634965, 4, 40, 515, 508, 0, 7.88%, 0, 0, 4, 3.59, 7707
1648634970, 5, 1, 516, 508, 3, 7.88%, 0, 0, 4, 4.79, 7737
1648634981, 5, 1, 517, 509, 3, 7.88%, 0, 0, 4, 5.11, 7797
1648634986, 5, 1, 519, 511, 3, 7.88%, 0, 0, 4, 4.96, 7823
1648634991, 5, 1, 521, 513, 3, 7.88%, 0, 0, 4, 4.40, 7845
1648634996, 5, 1, 523, 515, 3, 7.88%, 0, 0, 4, 4.16, 7866
1648635001, 5, 1, 525, 517, 3, 7.88%, 0, 0, 4, 4.22, 7888
1648635007, 5, 1, 527, 519, 3, 7.88%, 0, 0, 4, 4.07, 7909
1648635012, 5, 1, 529, 521, 3, 7.89%, 0, 0, 4, 4.44, 7932
1648635017, 5, 1, 530, 522, 3, 7.89%, 0, 0, 4, 4.52, 7956
1648635022, 5, 1, 531, 523, 3, 7.89%, 0, 0, 4, 5.01, 7984
1648635027, 5, 1, 533, 525, 3, 7.89%, 0, 0, 4, 4.41, 8005
1648635032, 5, 1, 534, 526, 3, 7.89%, 0, 0, 4, 4.19, 8026
1648635037, 6, 1, 534, 526, 2, 7.89%, 0, 0, 4, 4.54, 8051
1648635042, 6, 1, 535, 527, 2, 7.89%, 0, 0, 4, 5.60, 8083
1648635053, 6, 1, 536, 528, 2, 7.89%, 0, 0, 4, 5.91, 8150
1648635063, 6, 1, 537, 529, 2, 7.89%, 0, 0, 4, 6.57, 8211
1648635078, 6, 1, 538, 530, 2, 7.89%, 0, 0, 4, 5.27, 8300
1648635084, 6, 1, 539, 531, 2, 7.89%, 0, 0, 4, 5.04, 8326
1648635089, 7, 0, 539, 531, 2, 7.89%, 0, 0, 4, 4.94, 8353
1648635094, 7, 0, 540, 532, 2, 7.89%, 0, 0, 4, 6.22, 8390
1648635099, 7, 0, 542, 534, 2, 7.89%, 0, 0, 4, 5.25, 8416
1648635104, 7, 0, 543, 535, 2, 7.89%, 0, 0, 4, 5.48, 8446
1648635109, 7, 0, 546, 538, 2, 7.89%, 0, 0, 4, 4.91, 8470
1648635114, 7, 0, 547, 539, 2, 7.90%, 0, 0, 4, 5.54, 8499
1648635119, 7, 0, 548, 540, 2, 7.90%, 0, 0, 4, 6.06, 8532
1648635124, 7, 0, 550, 542, 2, 7.90%, 0, 0, 4, 5.19, 8557
1648635130, 7, 0, 552, 544, 2, 7.90%, 0, 0, 4, 6.16, 8590
1648635135, 7, 0, 553, 545, 2, 7.90%, 0, 0, 4, 6.07, 8621
1648635145, 7, 0, 554, 546, 2, 7.90%, 0, 0, 4, 5.48, 8682
1648635150, 7, 0, 556, 548, 2, 7.90%, 0, 0, 4, 4.99, 8707
1648635155, 7, 0, 557, 549, 2, 7.91%, 0, 0, 4, 5.54, 8738
1648635160, 7, 148, 557, 549, 0, 7.91%, 0, 0, 4, 4.59, 8758
1648635171, 7, 148, 559, 551, 0, 7.91%, 0, 0, 4, 3.50, 8796
1648635176, 7, 148, 560, 552, 0, 7.91%, 0, 0, 4, 3.21, 8812
1648635181, 7, 148, 561, 553, 0, 7.92%, 0, 0, 4, 3.35, 8828
1648635191, 7, 148, 562, 554, 0, 7.94%, 0, 0, 4, 3.98, 8870
1648635197, 7, 148, 563, 555, 0, 7.94%, 0, 0, 4, 3.28, 8885
1648635207, 7, 148, 564, 556, 0, 7.94%, 0, 0, 4, 3.45, 8922
1648635212, 7, 148, 565, 557, 0, 7.94%, 0, 0, 4, 3.11, 8937
1648635217, 7, 148, 566, 558, 0, 7.94%, 0, 0, 4, 3.25, 8955
1648635223, 7, 148, 567, 559, 0, 7.94%, 0, 0, 4, 3.02, 8970
1648635228, 7, 148, 568, 560, 0, 7.94%, 0, 0, 4, 3.41, 8990
1648635233, 7, 148, 569, 561, 0, 7.94%, 0, 0, 4, 3.13, 9006
1648635259, 7, 148, 570, 562, 0, 7.94%, 0, 0, 4, 3.84, 9104
1648635264, 7, 148, 571, 563, 0, 7.94%, 0, 0, 4, 3.43, 9120
1648635269, 7, 148, 572, 564, 0, 7.94%, 0, 0, 4, 2.91, 9134
1648635275, 7, 148, 573, 565, 0, 7.94%, 0, 0, 4, 2.84, 9148
1648635285, 8, 57, 573, 564, 0, 7.94%, 0, 0, 4, 4.97, 9190
1648635295, 8, 57, 574, 565, 0, 7.94%, 0, 0, 4, 4.99, 9246
1648635300, 8, 57, 575, 566, 0, 7.94%, 0, 0, 4, 4.71, 9270
1648635310, 8, 57, 576, 567, 0, 7.94%, 0, 0, 4, 4.54, 9319
1648635315, 8, 57, 577, 568, 0, 7.94%, 0, 0, 4, 4.56, 9342
1648635336, 9, 374, 577, 567, 0, 7.94%, 0, 0, 4, 5.43, 9470
1648635346, 9, 374, 578, 568, 0, 7.94%, 0, 0, 4, 5.06, 9522
1648635351, 9, 374, 579, 569, 0, 7.94%, 0, 0, 4, 4.55, 9545
1648635372, 9, 374, 580, 570, 0, 7.94%, 0, 0, 4, 4.65, 9640
1648635377, 9, 374, 581, 571, 0, 7.94%, 0, 0, 4, 4.64, 9664
1648635392, 9, 374, 582, 572, 0, 7.94%, 0, 0, 4, 4.67, 9739
1648635408, 9, 374, 583, 573, 0, 7.94%, 0, 0, 4, 4.85, 9810
1648635413, 9, 374, 585, 575, 0, 7.94%, 0, 0, 4, 4.77, 9835
1648635418, 9, 444, 585, 574, 2, 7.94%, 0, 0, 4, 4.17, 9854
1648635423, 9, 444, 586, 575, 2, 7.94%, 0, 0, 4, 7.41, 9896
1648635433, 9, 444, 587, 576, 2, 7.95%, 0, 0, 4, 8.35, 9971
1648635439, 9, 444, 588, 577, 2, 7.95%, 0, 0, 4, 6.17, 9998
1648635444, 9, 444, 589, 578, 2, 7.95%, 0, 0, 4, 4.61, 10016
1648635449, 9, 444, 590, 579, 2, 7.95%, 0, 0, 4, 3.88, 10033
1648635454, 9, 444, 592, 581, 2, 7.95%, 0, 0, 4, 3.23, 10048
1648635464, 9, 444, 593, 582, 2, 7.95%, 0, 0, 4, 3.76, 10087
1648635470, 9, 444, 594, 583, 2, 7.95%, 0, 0, 4, 3.63, 10104
1648635480, 9, 444, 595, 584, 2, 7.95%, 0, 0, 4, 4.68, 10148
1648635485, 9, 444, 596, 585, 2, 7.96%, 0, 0, 4, 5.23, 10176
1648635495, 9, 444, 597, 586, 2, 7.97%, 0, 0, 4, 3.97, 10220
1648635500, 9, 444, 598, 587, 2, 7.97%, 0, 0, 4, 3.71, 10238
1648635506, 9, 444, 599, 588, 2, 7.97%, 0, 0, 4, 3.18, 10253
1648635511, 9, 444, 600, 589, 2, 7.97%, 0, 0, 4, 3.20, 10269
1648635516, 9, 444, 602, 591, 2, 7.97%, 0, 0, 4, 3.11, 10285
1648635526, 9, 444, 603, 592, 2, 7.97%, 0, 0, 4, 6.68, 10335
1648635532, 9, 444, 604, 593, 2, 7.97%, 0, 0, 4, 5.50, 10361
1648635547, 10, 2, 604, 592, 2, 7.97%, 0, 0, 4, 4.23, 10420
1648635552, 11, 434, 604, 591, 1, 7.97%, 0, 0, 4, 4.55, 10443
1648635568, 11, 434, 605, 592, 1, 7.97%, 0, 0, 4, 3.17, 10495
1648635573, 11, 434, 606, 593, 1, 7.97%, 0, 0, 4, 2.67, 10506
1648635578, 11, 434, 607, 594, 1, 7.97%, 0, 0, 4, 2.50, 10518
1648635583, 11, 434, 609, 596, 1, 7.97%, 0, 0, 4, 2.33, 10529
1648635588, 11, 434, 610, 597, 1, 7.97%, 0, 0, 4, 2.38, 10542
1648635594, 11, 434, 611, 598, 1, 7.97%, 0, 0, 4, 2.29, 10554
1648635599, 11, 434, 612, 599, 1, 7.97%, 0, 0, 4, 2.28, 10566
1648635609, 11, 434, 613, 600, 1, 7.97%, 0, 0, 4, 2.24, 10589
1648635620, 11, 434, 614, 601, 1, 7.97%, 0, 0, 4, 2.45, 10617
1648635631, 11, 434, 615, 602, 1, 7.97%, 0, 0, 4, 2.59, 10646
1648635662, 11, 434, 616, 603, 1, 7.97%, 0, 0, 4, 2.43, 10731
1648635673, 11, 434, 617, 604, 1, 7.97%, 0, 0, 4, 2.28, 10754
1648635678, 11, 434, 618, 605, 1, 7.97%, 0, 0, 4, 2.55, 10769
1648635683, 11, 434, 619, 606, 1, 7.97%, 0, 0, 4, 2.48, 10782
1648635689, 11, 434, 620, 607, 1, 7.97%, 0, 0, 4, 2.33, 10794
1648635700, 11, 434, 621, 608, 1, 7.97%, 0, 0, 4, 2.50, 10820
1648635705, 11, 434, 622, 609, 1, 7.97%, 0, 0, 4, 2.32, 10832
1648635715, 12, 2, 623, 609, 5, 7.97%, 0, 0, 4, 5.77, 10877
1648635720, 12, 2, 624, 610, 5, 7.97%, 0, 0, 4, 5.12, 10904
1648635725, 12, 2, 625, 611, 5, 7.97%, 0, 0, 4, 4.63, 10927
1648635736, 12, 2, 626, 612, 5, 7.97%, 0, 0, 4, 5.38, 10985
1648635756, 13, 2, 627, 613, 2, 7.97%, 0, 0, 4, 4.90, 11090
1648635766, 13, 2, 628, 614, 2, 7.98%, 0, 0, 4, 6.35, 11161
1648635777, 13, 2, 629, 615, 2, 7.98%, 0, 0, 4, 6.31, 11224
1648635782, 13, 2, 630, 616, 2, 7.98%, 0, 0, 4, 6.05, 11253
1648635787, 13, 2, 631, 617, 2, 7.98%, 0, 0, 4, 6.57, 11286
1648635808, 13, 2, 633, 619, 2, 7.98%, 0, 0, 4, 5.31, 11410
1648635813, 14, 1, 634, 620, 5, 7.98%, 0, 0, 4, 4.39, 11431
1648635818, 14, 1, 635, 621, 5, 7.98%, 0, 0, 4, 5.31, 11459
1648635828, 14, 1, 636, 622, 5, 7.98%, 0, 0, 4, 4.75, 11508
1648635834, 14, 1, 637, 623, 5, 7.98%, 0, 0, 4, 4.46, 11531
1648635844, 14, 1, 638, 624, 5, 7.98%, 0, 0, 4, 4.58, 11580
1648635859, 14, 1, 640, 626, 5, 7.98%, 0, 0, 4, 4.39, 11656
1648635865, 14, 1, 641, 627, 5, 7.98%, 0, 0, 4, 3.31, 11669
1648635870, 14, 1, 643, 629, 5, 7.98%, 0, 0, 4, 3.73, 11689
1648635875, 14, 1, 645, 631, 5, 7.98%, 0, 0, 4, 3.77, 11708
1648635891, 14, 442, 645, 631, 1, 7.98%, 0, 0, 4, 4.53, 11786
1648635901, 14, 442, 646, 632, 1, 7.98%, 0, 0, 4, 4.67, 11841
1648635906, 14, 442, 647, 633, 1, 7.98%, 0, 0, 4, 3.52, 11856
1648635917, 14, 442, 648, 634, 1, 7.98%, 0, 0, 4, 4.44, 11900
1648635927, 14, 442, 649, 635, 1, 7.98%, 0, 0, 4, 3.73, 11939
1648635937, 14, 442, 650, 636, 1, 7.98%, 0, 0, 4, 3.29, 11974
1648635943, 14, 442, 651, 637, 1, 7.98%, 0, 0, 4, 3.88, 11996
1648635958, 14, 442, 652, 638, 1, 7.98%, 0, 0, 4, 3.87, 12057
1648635964, 14, 442, 654, 640, 1, 7.98%, 0, 0, 4, 3.34, 12073
1648635985, 15, 87, 654, 639, 0, 7.98%, 0, 0, 4, 3.82, 12148
1648636011, 15, 87, 655, 640, 0, 7.98%, 0, 0, 4, 3.80, 12264
1648636016, 15, 87, 656, 641, 0, 7.98%, 0, 0, 4, 3.93, 12285
1648636021, 15, 87, 657, 642, 0, 7.98%, 0, 0, 4, 3.38, 12301
1648636042, 15, 87, 658, 643, 0, 7.98%, 0, 0, 4, 3.84, 12380
1648636047, 15, 87, 659, 644, 0, 7.99%, 0, 0, 4, 3.92, 12400
1648636067, 16, 376, 660, 644, 0, 7.99%, 0, 0, 4, 3.50, 12478
1648636093, 16, 376, 661, 645, 0, 7.99%, 0, 0, 4, 2.74, 12564
1648636098, 16, 376, 662, 646, 0, 7.99%, 0, 0, 4, 2.71, 12577
1648636114, 16, 376, 663, 647, 0, 7.99%, 0, 0, 4, 2.65, 12621
1648636130, 16, 376, 664, 648, 0, 7.99%, 0, 0, 4, 2.52, 12661
1648636135, 16, 376, 665, 649, 0, 7.99%, 0, 0, 4, 2.34, 12672
1648636156, 16, 376, 666, 650, 0, 7.99%, 0, 0, 4, 2.86, 12737
1648636161, 16, 376, 667, 651, 0, 7.99%, 0, 0, 4, 2.81, 12752
1648636167, 16, 376, 668, 652, 0, 7.99%, 0, 0, 4, 2.50, 12764
1648636183, 16, 376, 669, 653, 0, 7.99%, 0, 0, 4, 2.47, 12803
1648636188, 16, 376, 670, 654, 0, 7.99%, 0, 0, 4, 2.48, 12816
1648636198, 16, 445, 670, 653, 4, 7.99%, 0, 0, 4, 3.37, 12845
1648636213, 16, 445, 671, 654, 4, 7.99%, 0, 0, 4, 4.11, 12916
1648636219, 16, 445, 672, 655, 4, 7.99%, 0, 0, 4, 3.33, 12931
1648636224, 16, 445, 674, 657, 4, 7.99%, 0, 0, 4, 2.96, 12945
1648636229, 16, 445, 675, 658, 4, 7.99%, 0, 0, 4, 2.83, 12959
1648636244, 16, 445, 676, 659, 4, 7.99%, 0, 0, 4, 3.92, 13020
1648636250, 16, 445, 678, 661, 4, 7.99%, 0, 0, 4, 3.25, 13035
1648636260, 16, 445, 679, 662, 4, 7.99%, 0, 0, 4, 3.43, 13067
1648636281, 16, 445, 680, 663, 4, 7.99%, 0, 0, 4, 3.29, 13141
1648636286, 16, 445, 681, 664, 4, 7.99%, 0, 0, 4, 3.61, 13162
1648636291, 16, 445, 682, 665, 4, 7.99%, 0, 0, 4, 3.31, 13178
1648636296, 16, 445, 684, 667, 4, 7.99%, 0, 0, 4, 3.18, 13194
1648636301, 16, 445, 685, 668, 4, 7.99%, 0, 0, 4, 2.95, 13208
1648636306, 16, 445, 687, 670, 4, 7.99%, 0, 0, 4, 2.85, 13222
1648636311, 16, 445, 688, 671, 4, 7.99%, 0, 0, 4, 2.82, 13237
1648636317, 16, 445, 689, 672, 4, 7.99%, 0, 0, 4, 2.76, 13251
1648636322, 16, 445, 691, 674, 4, 7.99%, 0, 0, 4, 2.73, 13265
1648636332, 17, 33, 691, 672, 0, 7.99%, 0, 0, 4, 6.50, 13321
1648636343, 17, 33, 692, 673, 0, 7.99%, 0, 0, 4, 4.19, 13364
1648636348, 17, 33, 693, 674, 0, 7.99%, 0, 0, 4, 3.83, 13382
1648636363, 17, 33, 694, 675, 0, 7.99%, 0, 0, 4, 3.58, 13441
1648636368, 17, 33, 695, 676, 0, 7.99%, 0, 0, 4, 4.21, 13465
1648636374, 17, 33, 696, 677, 0, 7.99%, 0, 0, 4, 3.45, 13481
1648636379, 17, 33, 698, 679, 0, 7.99%, 0, 0, 4, 3.25, 13497
1648636384, 17, 33, 699, 680, 0, 7.99%, 0, 0, 4, 3.12, 13513
1648636389, 17, 33, 700, 681, 0, 7.99%, 0, 0, 4, 3.41, 13531
1648636394, 17, 33, 701, 682, 0, 7.99%, 0, 0, 4, 3.46, 13550
1648636415, 17, 33, 702, 683, 0, 7.99%, 0, 0, 4, 3.84, 13640
1648636425, 18, 492, 702, 682, 0, 7.99%, 0, 0, 4, 3.35, 13674
1648636446, 18, 492, 703, 683, 0, 7.99%, 0, 0, 4, 3.69, 13763
1648636466, 18, 492, 704, 684, 0, 7.99%, 0, 0, 4, 2.69, 13824
1648636472, 18, 492, 705, 685, 0, 7.99%, 0, 0, 4, 2.69, 13838
1648636477, 18, 492, 706, 686, 0, 7.99%, 0, 0, 4, 2.56, 13851
1648636482, 18, 492, 707, 687, 0, 7.99%, 0, 0, 4, 2.48, 13864
1648636493, 18, 492, 708, 688, 0, 7.99%, 0, 0, 4, 2.57, 13892
1648636530, 18, 492, 709, 689, 0, 7.99%, 0, 0, 4, 2.88, 14004
1648636545, 19, 4, 709, 688, 3, 7.99%, 0, 0, 4, 7.10, 14080
1648636550, 19, 4, 710, 689, 3, 7.99%, 0, 0, 4, 5.71, 14106
1648636561, 19, 4, 711, 690, 3, 7.99%, 0, 0, 4, 5.64, 14169
1648636571, 20, 4, 711, 690, 3, 7.99%, 0, 0, 4, 6.59, 14238
1648636576, 20, 4, 712, 691, 3, 7.99%, 0, 0, 4, 7.17, 14276
1648636581, 20, 4, 714, 693, 3, 7.99%, 0, 0, 4, 5.20, 14300
1648636586, 20, 4, 715, 694, 3, 7.99%, 0, 0, 4, 8.90, 14345
1648636591, 20, 4, 717, 696, 3, 7.99%, 0, 0, 4, 6.01, 14373
1648636602, 20, 4, 718, 697, 3, 7.99%, 0, 0, 4, 7.27, 14455
1648636607, 20, 4, 720, 699, 3, 7.99%, 0, 0, 4, 5.31, 14479
1648636612, 20, 4, 722, 701, 3, 7.99%, 0, 0, 4, 4.78, 14503
1648636617, 20, 4, 724, 703, 3, 7.99%, 0, 0, 4, 5.37, 14531
1648636622, 20, 4, 726, 705, 3, 7.99%, 0, 0, 4, 4.84, 14555
1648636627, 20, 4, 727, 706, 3, 7.99%, 0, 0, 4, 4.75, 14580
1648636633, 20, 4, 728, 707, 3, 7.99%, 0, 0, 4, 5.39, 14608
1648636643, 21, 1, 729, 708, 3, 7.99%, 0, 0, 4, 5.80, 14669
1648636648, 21, 1, 731, 710, 3, 7.99%, 0, 0, 4, 4.40, 14689
1648636653, 21, 1, 732, 711, 3, 7.99%, 0, 0, 4, 4.00, 14709
1648636658, 21, 1, 734, 713, 3, 7.99%, 0, 0, 4, 3.91, 14729
1648636664, 21, 1, 735, 714, 3, 7.99%, 0, 0, 4, 4.04, 14751
1648636684, 21, 1, 736, 715, 3, 7.99%, 0, 0, 4, 4.76, 14854
1648636705, 21, 1, 737, 716, 3, 8.00%, 0, 0, 4, 4.58, 14953
1648636710, 21, 1, 739, 718, 3, 8.00%, 0, 0, 4, 4.15, 14973
1648636715, 21, 1, 740, 719, 3, 8.00%, 0, 0, 4, 4.35, 14996
1648636720, 21, 1, 741, 720, 3, 8.00%, 0, 0, 4, 4.05, 15016
1648636730, 21, 559, 741, 720, 3, 8.00%, 0, 0, 4, 4.12, 15056
1648636736, 21, 559, 742, 721, 3, 8.01%, 0, 0, 4, 4.88, 15084
1648636741, 21, 559, 743, 722, 3, 8.02%, 0, 0, 4, 5.13, 15112
1648636757, 21, 559, 744, 723, 3, 8.04%, 0, 0, 4, 5.11, 15192
1648636767, 21, 559, 745, 724, 3, 8.05%, 0, 0, 4, 5.12, 15246
1648636778, 21, 559, 746, 725, 3, 8.05%, 0, 0, 4, 3.81, 15285
1648636783, 21, 559, 747, 726, 3, 8.05%, 0, 0, 4, 3.02, 15297
1648636788, 21, 559, 748, 727, 3, 8.06%, 0, 0, 4, 3.69, 15315
1648636798, 21, 559, 749, 728, 3, 8.07%, 0, 0, 4, 3.49, 15354
1648636803, 21, 559, 750, 729, 3, 8.07%, 0, 0, 4, 2.80, 15365
1648636809, 21, 559, 751, 730, 3, 8.07%, 0, 0, 4, 3.68, 15384
1648636829, 21, 559, 752, 731, 3, 8.07%, 0, 0, 4, 2.78, 15451
1648636839, 21, 559, 753, 732, 3, 8.07%, 0, 0, 4, 2.57, 15476
1648636855, 21, 559, 754, 733, 3, 8.07%, 0, 0, 4, 4.09, 15530
1648636866, 21, 559, 755, 734, 3, 8.08%, 0, 0, 4, 4.71, 15579
1648636876, 21, 559, 756, 735, 3, 8.08%, 0, 0, 4, 3.45, 15615
1648636886, 21, 559, 757, 736, 3, 8.09%, 0, 0, 4, 4.29, 15654
1648636892, 21, 559, 758, 737, 3, 8.09%, 0, 0, 4, 4.06, 15676
1648636897, 21, 559, 759, 738, 3, 8.09%, 0, 0, 4, 3.93, 15693
1648636908, 21, 559, 760, 739, 3, 8.10%, 0, 0, 4, 3.86, 15739
1648636913, 21, 559, 761, 740, 3, 8.11%, 0, 0, 4, 3.26, 15754
1648636928, 21, 559, 762, 741, 3, 8.11%, 0, 0, 4, 2.76, 15796
1648636944, 21, 559, 763, 742, 3, 8.12%, 0, 0, 4, 2.49, 15836
1648636949, 21, 559, 765, 744, 3, 8.12%, 0, 0, 4, 2.29, 15847
1648636980, 22, 553, 765, 743, 1, 8.12%, 0, 0, 4, 2.95, 15931
1648636991, 22, 553, 766, 744, 1, 8.13%, 0, 0, 4, 8.53, 16010
1648636996, 22, 553, 767, 745, 1, 8.13%, 0, 0, 4, 9.58, 16062
1648637001, 22, 553, 768, 746, 1, 8.14%, 0, 0, 4, 9.38, 16111
1648637011, 22, 553, 769, 747, 1, 8.14%, 0, 0, 4, 5.27, 16174
1648637016, 22, 553, 771, 749, 1, 8.14%, 0, 0, 4, 3.92, 16190
1648637021, 22, 553, 773, 751, 1, 8.14%, 0, 0, 4, 3.51, 16207
1648637027, 22, 553, 774, 752, 1, 8.14%, 0, 0, 4, 4.87, 16231
1648637032, 22, 553, 775, 753, 1, 8.14%, 0, 0, 4, 5.73, 16264
1648637047, 22, 553, 776, 754, 1, 8.14%, 0, 0, 4, 3.86, 16332
1648637063, 22, 553, 777, 755, 1, 8.14%, 0, 0, 4, 5.84, 16411
1648637078, 22, 553, 778, 756, 1, 8.14%, 0, 0, 4, 4.70, 16481
1648637088, 22, 553, 779, 757, 1, 8.14%, 0, 0, 4, 3.81, 16518
1648637099, 23, 378, 780, 757, 0, 8.14%, 0, 0, 4, 3.24, 16551
1648637114, 23, 378, 781, 758, 0, 8.14%, 0, 0, 4, 3.39, 16603
1648637119, 23, 378, 782, 759, 0, 8.14%, 0, 0, 4, 3.78, 16622
1648637140, 23, 378, 784, 761, 0, 8.14%, 0, 0, 4, 2.83, 16690
1648637150, 23, 378, 785, 762, 0, 8.14%, 0, 0, 4, 2.32, 16712
1648637160, 23, 378, 786, 763, 0, 8.14%, 0, 0, 4, 2.15, 16734
1648637166, 23, 378, 787, 764, 0, 8.14%, 0, 0, 4, 2.12, 16745
1648637171, 23, 378, 788, 765, 0, 8.14%, 0, 0, 4, 2.10, 16756
1648637197, 23, 378, 789, 766, 0, 8.14%, 0, 0, 4, 2.66, 16829
1648637202, 23, 378, 790, 767, 0, 8.14%, 0, 0, 4, 2.50, 16842
1648637213, 23, 378, 791, 768, 0, 8.14%, 0, 0, 4, 3.00, 16870
1648637239, 23, 378, 792, 769, 0, 8.14%, 0, 0, 4, 3.46, 16944
1648637249, 23, 378, 793, 770, 0, 8.14%, 0, 0, 4, 2.97, 16975
1648637259, 23, 538, 793, 769, 4, 8.14%, 0, 0, 4, 3.05, 17001
1648637280, 23, 538, 794, 770, 4, 8.14%, 0, 0, 4, 3.86, 17098
1648637285, 23, 538, 795, 771, 4, 8.14%, 0, 0, 4, 3.22, 17112
1648637300, 23, 538, 796, 772, 4, 8.14%, 0, 0, 4, 3.13, 17162
1648637311, 23, 538, 797, 773, 4, 8.14%, 0, 0, 4, 3.30, 17193
1648637336, 23, 538, 798, 774, 4, 8.14%, 0, 0, 4, 3.17, 17276
1648637351, 23, 538, 799, 775, 4, 8.14%, 0, 0, 4, 3.27, 17326
1648637356, 23, 538, 801, 777, 4, 8.14%, 0, 0, 4, 2.99, 17340
1648637362, 23, 538, 802, 778, 4, 8.14%, 0, 0, 4, 2.88, 17355
1648637367, 23, 538, 803, 779, 4, 8.14%, 0, 0, 4, 2.82, 17369
1648637372, 23, 538, 804, 780, 4, 8.14%, 0, 0, 4, 2.88, 17384
1648637377, 23, 538, 805, 781, 4, 8.14%, 0, 0, 4, 2.98, 17399
1648637382, 23, 538, 806, 782, 4, 8.14%, 0, 0, 4, 2.96, 17414
1648637387, 23, 538, 807, 783, 4, 8.14%, 0, 0, 4, 3.46, 17433
1648637392, 23, 583, 807, 782, 0, 8.14%, 0, 0, 4, 3.24, 17448
1648637398, 23, 583, 808, 783, 0, 8.15%, 0, 0, 5, 4.41, 17473
1648637403, 23, 583, 809, 784, 0, 8.15%, 0, 0, 5, 4.63, 17497
1648637418, 23, 583, 810, 785, 0, 8.16%, 0, 0, 5, 4.84, 17572
1648637423, 23, 583, 811, 786, 0, 8.16%, 0, 0, 5, 4.79, 17596
1648637439, 23, 583, 812, 787, 0, 8.17%, 0, 0, 5, 4.80, 17671
1648637449, 23, 583, 813, 788, 0, 8.17%, 0, 0, 5, 4.75, 17720
1648637464, 23, 583, 814, 789, 0, 8.18%, 0, 0, 5, 4.76, 17791
1648637469, 23, 583, 815, 790, 0, 8.19%, 0, 0, 5, 4.72, 17815
1648637485, 23, 583, 816, 791, 0, 8.20%, 0, 0, 5, 4.81, 17889
1648637495, 23, 583, 817, 792, 0, 8.20%, 0, 0, 5, 4.86, 17940
1648637510, 23, 583, 818, 793, 0, 8.21%, 0, 0, 5, 4.73, 18012
1648637521, 23, 583, 819, 794, 0, 8.21%, 0, 0, 5, 4.86, 18062
1648637531, 23, 583, 820, 795, 0, 8.22%, 0, 0, 5, 4.73, 18110
1648637541, 23, 583, 821, 796, 0, 8.22%, 0, 0, 5, 4.83, 18161
1648637552, 23, 583, 822, 797, 0, 8.22%, 0, 0, 5, 4.08, 18206
1648637572, 23, 583, 823, 798, 0, 8.22%, 0, 0, 5, 3.12, 18271
1648637578, 23, 583, 824, 799, 0, 8.23%, 0, 0, 5, 4.00, 18292
1648637598, 23, 583, 825, 800, 0, 8.23%, 0, 0, 5, 4.33, 18373
1648637603, 23, 583, 826, 801, 0, 8.24%, 0, 0, 5, 4.53, 18397
1648637608, 23, 583, 827, 802, 0, 8.24%, 0, 0, 5, 3.44, 18411
1648637614, 23, 583, 828, 803, 0, 8.24%, 0, 0, 5, 3.01, 18425
1648637619, 23, 583, 830, 805, 0, 8.24%, 0, 0, 5, 2.84, 18439
1648637624, 23, 583, 831, 806, 0, 8.24%, 0, 0, 5, 2.79, 18453
1648637629, 23, 583, 832, 807, 0, 8.24%, 0, 0, 5, 2.76, 18467
1648637634, 23, 583, 834, 809, 0, 8.24%, 0, 0, 5, 2.70, 18481
1648637640, 23, 583, 835, 810, 0, 8.24%, 0, 0, 5, 2.66, 18495
1648637645, 23, 583, 836, 811, 0, 8.24%, 0, 0, 5, 2.70, 18509
1648637650, 23, 583, 837, 812, 0, 8.24%, 0, 0, 5, 2.74, 18523
1648637655, 23, 583, 839, 814, 0, 8.24%, 0, 0, 5, 2.75, 18537
1648637660, 23, 583, 840, 815, 0, 8.24%, 0, 0, 5, 2.74, 18551
1648637665, 23, 583, 841, 816, 0, 8.24%, 0, 0, 5, 2.87, 18566
1648637670, 23, 583, 842, 817, 0, 8.24%, 0, 0, 5, 2.78, 18580
1648637675, 23, 583, 843, 818, 0, 8.24%, 0, 0, 5, 2.81, 18594
1648637686, 23, 583, 844, 819, 0, 8.24%, 0, 0, 5, 3.02, 18626
1648637696, 23, 583, 845, 820, 0, 8.24%, 0, 0, 5, 2.93, 18657
1648637712, 23, 583, 846, 821, 0, 8.24%, 0, 0, 5, 3.11, 18712
1648637723, 23, 583, 847, 822, 0, 8.24%, 0, 0, 5, 3.17, 18746
1648637728, 23, 583, 848, 823, 0, 8.24%, 0, 0, 5, 2.89, 18760
1648637733, 23, 583, 849, 824, 0, 8.24%, 0, 0, 5, 2.94, 18775
1648637744, 23, 583, 850, 825, 0, 8.24%, 0, 0, 5, 3.29, 18808
1648637754, 23, 583, 851, 826, 0, 8.25%, 0, 0, 5, 4.19, 18844
1648637775, 24, 265, 851, 825, 1, 8.25%, 0, 0, 5, 5.31, 18932
1648637780, 24, 265, 852, 826, 1, 8.25%, 0, 0, 5, 6.83, 18970
1648637790, 24, 265, 853, 827, 1, 8.25%, 0, 0, 5, 5.04, 19020
1648637800, 24, 265, 854, 828, 1, 8.25%, 0, 0, 5, 4.92, 19069
1648637806, 24, 265, 855, 829, 1, 8.25%, 0, 0, 5, 4.91, 19096
1648637811, 24, 265, 856, 830, 1, 8.25%, 0, 0, 5, 4.97, 19121
1648637832, 24, 265, 857, 831, 1, 8.25%, 0, 0, 5, 5.29, 19226
1648637842, 24, 652, 857, 830, 1, 8.25%, 0, 0, 5, 4.56, 19277
1648637847, 24, 652, 858, 831, 1, 8.25%, 0, 0, 5, 6.45, 19311
1648637883, 24, 652, 859, 832, 1, 8.25%, 0, 0, 5, 2.98, 19456
1648637920, 24, 652, 860, 833, 1, 8.25%, 0, 0, 5, 2.87, 19559
1648637931, 24, 652, 861, 834, 1, 8.25%, 0, 0, 5, 2.36, 19581
1648637936, 24, 652, 862, 835, 1, 8.25%, 0, 0, 5, 2.28, 19592
1648637941, 24, 652, 863, 836, 1, 8.25%, 0, 0, 5, 2.19, 19603
1648637951, 24, 652, 865, 838, 1, 8.25%, 0, 0, 5, 2.39, 19627
1648637972, 24, 652, 866, 839, 1, 8.26%, 0, 0, 5, 2.47, 19679
1648637978, 24, 652, 867, 840, 1, 8.26%, 0, 0, 5, 2.48, 19692
1648637994, 24, 652, 869, 842, 1, 8.26%, 0, 0, 5, 3.21, 19736
1648638009, 25, 494, 869, 841, 0, 8.26%, 0, 0, 5, 2.95, 19779
1648638020, 25, 494, 870, 842, 0, 8.27%, 0, 0, 5, 6.24, 19837
1648638025, 25, 494, 871, 843, 0, 8.28%, 0, 0, 5, 7.37, 19877
1648638035, 25, 494, 873, 845, 0, 8.29%, 0, 0, 5, 8.04, 19960
1648638051, 25, 494, 874, 846, 0, 8.30%, 0, 0, 5, 4.07, 20036
1648638061, 25, 494, 875, 847, 0, 8.30%, 0, 0, 5, 2.99, 20064
1648638066, 25, 494, 876, 848, 0, 8.30%, 0, 0, 5, 2.57, 20075
1648638071, 25, 494, 877, 849, 0, 8.30%, 0, 0, 5, 2.37, 20086
1648638076, 25, 494, 878, 850, 0, 8.30%, 0, 0, 5, 2.28, 20097
1648638082, 25, 494, 879, 851, 0, 8.30%, 0, 0, 5, 2.22, 20108
1648638087, 25, 494, 880, 852, 0, 8.30%, 0, 0, 5, 2.18, 20119
1648638092, 25, 494, 881, 853, 0, 8.30%, 0, 0, 5, 2.17, 20130
1648638097, 25, 494, 883, 855, 0, 8.30%, 0, 0, 5, 2.14, 20141
1648638123, 25, 494, 884, 856, 0, 8.30%, 0, 0, 5, 3.35, 20225
1648638128, 25, 494, 885, 857, 0, 8.30%, 0, 0, 5, 2.77, 20237
1648638170, 26, 6, 885, 856, 3, 8.30%, 0, 0, 5, 5.50, 20365
1648638190, 26, 6, 886, 857, 3, 8.31%, 0, 0, 5, 4.43, 20466
1648638205, 26, 6, 887, 858, 3, 8.31%, 0, 0, 5, 4.39, 20538
1648638216, 26, 6, 888, 859, 3, 8.31%, 0, 0, 5, 4.04, 20582
1648638221, 27, 6, 888, 858, 2, 8.31%, 0, 0, 5, 3.92, 20603
1648638231, 27, 6, 889, 859, 2, 8.31%, 0, 0, 5, 4.45, 20654
1648638236, 27, 6, 890, 860, 2, 8.31%, 0, 0, 5, 3.90, 20673
1648638252, 27, 6, 891, 861, 2, 8.31%, 0, 0, 5, 4.32, 20754
1648638267, 27, 6, 892, 862, 2, 8.31%, 0, 0, 5, 4.50, 20827
1648638283, 28, 1, 892, 862, 2, 8.31%, 0, 0, 5, 4.56, 20899
1648638339, 28, 1, 893, 863, 2, 8.31%, 0, 0, 5, 4.25, 21155
1648638345, 28, 565, 893, 863, 5, 8.31%, 0, 0, 5, 3.72, 21172
1648638408, 28, 565, 894, 864, 5, 8.31%, 0, 0, 5, 2.63, 21381
1648638413, 28, 565, 895, 865, 5, 8.31%, 0, 0, 5, 2.36, 21392
1648638450, 29, 594, 896, 865, 4, 8.31%, 0, 0, 5, 5.87, 21517
1648638465, 29, 594, 897, 866, 4, 8.31%, 0, 0, 5, 5.29, 21619
1648638481, 29, 594, 898, 867, 4, 8.31%, 0, 0, 5, 4.23, 21686
1648638501, 29, 594, 899, 868, 4, 8.32%, 0, 0, 5, 4.09, 21776
1648638511, 29, 594, 900, 869, 4, 8.33%, 0, 0, 5, 5.17, 21826
1648638521, 29, 594, 901, 870, 4, 8.34%, 0, 0, 5, 4.32, 21869
1648638532, 29, 594, 902, 871, 4, 8.34%, 0, 0, 5, 4.19, 21911
1648638547, 29, 594, 904, 873, 4, 8.34%, 0, 0, 5, 4.16, 21977
1648638552, 29, 594, 905, 874, 4, 8.34%, 0, 0, 5, 5.01, 22003
1648638567, 29, 594, 906, 875, 4, 8.35%, 0, 0, 5, 4.28, 22066
1648638573, 29, 594, 907, 876, 4, 8.35%, 0, 0, 5, 6.83, 22105
1648638578, 29, 594, 908, 877, 4, 8.35%, 0, 0, 5, 4.95, 22127
1648638599, 29, 799, 908, 876, 5, 8.35%, 0, 0, 5, 4.54, 22227
1648638604, 29, 799, 909, 877, 5, 8.35%, 0, 0, 5, 3.74, 22243
1648638629, 29, 799, 910, 878, 5, 8.36%, 0, 0, 5, 3.33, 22327
1648638650, 29, 799, 911, 879, 5, 8.36%, 0, 0, 5, 2.82, 22390
1648638655, 29, 799, 912, 880, 5, 8.36%, 0, 0, 5, 2.91, 22404
1648638671, 29, 799, 913, 881, 5, 8.37%, 0, 0, 5, 2.73, 22451
1648638676, 29, 799, 914, 882, 5, 8.37%, 0, 0, 5, 2.43, 22462
1648638682, 29, 799, 915, 883, 5, 8.37%, 0, 0, 5, 2.23, 22473
1648638692, 29, 799, 916, 884, 5, 8.37%, 0, 0, 5, 2.13, 22495
1648638697, 29, 799, 917, 885, 5, 8.37%, 0, 0, 5, 2.11, 22506
1648638703, 29, 799, 918, 886, 5, 8.37%, 0, 0, 5, 2.09, 22517
1648638729, 29, 799, 919, 887, 5, 8.37%, 0, 0, 5, 2.46, 22581
1648638739, 29, 799, 920, 888, 5, 8.37%, 0, 0, 5, 2.42, 22606
1648638776, 29, 799, 921, 889, 5, 8.37%, 0, 0, 5, 2.33, 22693
1648638781, 29, 799, 922, 890, 5, 8.37%, 0, 0, 5, 2.22, 22704
1648638786, 29, 799, 923, 891, 5, 8.37%, 0, 0, 5, 2.19, 22715
1648638802, 29, 799, 924, 892, 5, 8.37%, 0, 0, 5, 2.22, 22750
1648638807, 30, 268, 924, 891, 0, 8.37%, 0, 0, 5, 2.23, 22761
1648638817, 30, 268, 925, 892, 0, 8.37%, 0, 0, 5, 4.60, 22811
1648638822, 30, 268, 926, 893, 0, 8.37%, 0, 0, 5, 3.43, 22825
1648638827, 30, 268, 927, 894, 0, 8.37%, 0, 0, 5, 3.03, 22839
1648638833, 30, 268, 928, 895, 0, 8.37%, 0, 0, 5, 2.81, 22853
1648638879, 30, 268, 929, 896, 0, 8.37%, 0, 0, 5, 3.21, 23015
1648638884, 30, 268, 930, 897, 0, 8.37%, 0, 0, 5, 2.95, 23029
1648638890, 30, 268, 931, 898, 0, 8.37%, 0, 0, 5, 2.79, 23043
1648638895, 30, 268, 932, 899, 0, 8.37%, 0, 0, 5, 2.73, 23057
1648638915, 30, 848, 933, 899, 3, 8.37%, 0, 0, 6, 0.00, 23117
1648638920, 30, 848, 935, 901, 3, 8.37%, 0, 0, 6, 1.42, 23125
1648638925, 30, 848, 936, 902, 3, 8.37%, 0, 0, 6, 1.79, 23136
1648638930, 30, 848, 937, 903, 3, 8.37%, 0, 0, 6, 2.13, 23148
1648638936, 30, 848, 938, 904, 3, 8.37%, 0, 0, 6, 2.22, 23160
1648638941, 30, 848, 939, 905, 3, 8.37%, 0, 0, 6, 2.28, 23172
1648638946, 30, 848, 940, 906, 3, 8.37%, 0, 0, 6, 2.31, 23184
1648638951, 30, 848, 941, 907, 3, 8.37%, 0, 0, 6, 2.32, 23196
1648638956, 30, 848, 942, 908, 3, 8.37%, 0, 0, 6, 2.30, 23208
1648638962, 30, 848, 943, 909, 3, 8.37%, 0, 0, 6, 2.29, 23220
1648638972, 30, 848, 944, 910, 3, 8.37%, 0, 0, 6, 2.31, 23244
1648638977, 30, 848, 945, 911, 3, 8.37%, 0, 0, 6, 2.32, 23256
1648638988, 30, 848, 946, 912, 3, 8.37%, 0, 0, 6, 2.32, 23280
1648638993, 30, 848, 947, 913, 3, 8.37%, 0, 0, 6, 2.37, 23292
1648639003, 30, 848, 949, 915, 3, 8.37%, 0, 0, 6, 2.31, 23316
1648639014, 30, 848, 950, 916, 3, 8.37%, 0, 0, 6, 2.30, 23340
1648639019, 30, 848, 951, 917, 3, 8.37%, 0, 0, 6, 2.27, 23352
1648639029, 30, 848, 952, 918, 3, 8.37%, 0, 0, 6, 2.27, 23376
1648639035, 30, 848, 953, 919, 3, 8.37%, 0, 0, 6, 2.28, 23388
1648639056, 30, 848, 954, 920, 3, 8.37%, 0, 0, 6, 2.41, 23438
1648639159, 31, 496, 954, 919, 0, 8.37%, 0, 0, 6, 2.74, 23711
1648639185, 31, 496, 955, 920, 0, 8.37%, 0, 0, 6, 3.85, 23846
1648639216, 31, 496, 956, 921, 0, 8.37%, 0, 0, 6, 3.03, 23945
1648639227, 31, 496, 957, 922, 0, 8.37%, 0, 0, 6, 2.64, 23971
1648639258, 32, 19, 957, 921, 0, 8.37%, 0, 0, 6, 5.54, 24085
1648639268, 32, 19, 959, 923, 0, 8.37%, 0, 0, 6, 4.26, 24133
1648639273, 32, 19, 960, 924, 0, 8.37%, 0, 0, 6, 3.88, 24152
1648639283, 32, 19, 961, 925, 0, 8.37%, 0, 0, 6, 5.17, 24204
1648639288, 32, 19, 962, 926, 0, 8.37%, 0, 0, 6, 4.98, 24230
1648639294, 32, 19, 964, 928, 0, 8.37%, 0, 0, 6, 4.49, 24252
1648639309, 32, 19, 965, 929, 0, 8.37%, 0, 0, 6, 4.53, 24328
1648639324, 32, 655, 965, 929, 3, 8.37%, 0, 0, 6, 3.95, 24394
1648639329, 32, 655, 966, 930, 3, 8.38%, 0, 0, 6, 4.41, 24417
1648639339, 32, 655, 967, 931, 3, 8.39%, 0, 0, 6, 4.42, 24462
1648639375, 32, 655, 968, 932, 3, 8.40%, 0, 0, 6, 3.99, 24593
1648639386, 32, 655, 969, 933, 3, 8.41%, 0, 0, 6, 4.31, 24637
1648639401, 32, 655, 970, 934, 3, 8.41%, 0, 0, 6, 3.01, 24689
1648639422, 32, 655, 971, 935, 3, 8.41%, 0, 0, 6, 2.46, 24742
1648639432, 32, 655, 972, 936, 3, 8.41%, 0, 0, 6, 2.45, 24767
1648639437, 32, 655, 974, 938, 3, 8.41%, 0, 0, 6, 2.32, 24778
1648639447, 32, 655, 975, 939, 3, 8.41%, 0, 0, 6, 2.20, 24800
1648639452, 32, 655, 976, 940, 3, 8.41%, 0, 0, 6, 2.18, 24811
1648639458, 32, 655, 977, 941, 3, 8.41%, 0, 0, 6, 2.52, 24824
1648639473, 32, 655, 978, 942, 3, 8.41%, 0, 0, 6, 2.82, 24865
1648639478, 32, 655, 979, 943, 3, 8.41%, 0, 0, 6, 2.50, 24876
1648639483, 32, 655, 980, 944, 3, 8.41%, 0, 0, 6, 2.51, 24888
1648639499, 32, 655, 981, 945, 3, 8.42%, 0, 0, 6, 4.01, 24936
1648639520, 34, 116, 981, 944, 2, 8.42%, 0, 0, 6, 3.99, 25006
1648639587, 34, 116, 982, 945, 2, 8.42%, 0, 0, 6, 3.06, 25228
1648639597, 34, 615, 982, 944, 2, 8.42%, 0, 0, 6, 3.35, 25260
1648639710, 35, 337, 982, 943, 1, 8.42%, 0, 0, 6, 4.18, 25712
1648639736, 35, 337, 983, 944, 1, 8.42%, 0, 0, 6, 2.82, 25801
1648639767, 35, 337, 984, 945, 1, 8.42%, 0, 0, 6, 2.93, 25901
1648639777, 35, 337, 985, 946, 1, 8.42%, 0, 0, 6, 2.85, 25930
1648639787, 35, 337, 986, 947, 1, 8.42%, 0, 0, 6, 2.84, 25961
1648639793, 35, 337, 987, 948, 1, 8.42%, 0, 0, 6, 2.73, 25975
1648639808, 35, 607, 987, 947, 1, 8.42%, 0, 0, 6, 2.85, 26020
1648639819, 35, 607, 988, 948, 1, 8.42%, 0, 0, 6, 4.16, 26056
1648639834, 35, 607, 989, 949, 1, 8.43%, 0, 0, 6, 4.35, 26118
1648639844, 35, 607, 990, 950, 1, 8.44%, 0, 0, 6, 4.55, 26164
1648639865, 35, 607, 991, 951, 1, 8.45%, 0, 0, 6, 4.23, 26239
1648639886, 35, 607, 992, 952, 1, 8.45%, 0, 0, 6, 4.05, 26313
1648639896, 35, 607, 993, 953, 1, 8.45%, 0, 0, 6, 4.30, 26356
1648639923, 35, 607, 994, 954, 1, 8.46%, 0, 0, 6, 2.39, 26433
1648639928, 35, 607, 995, 955, 1, 8.46%, 0, 0, 6, 2.08, 26442
1648639934, 35, 607, 996, 956, 1, 8.46%, 0, 0, 6, 1.90, 26451
1648639966, 35, 607, 997, 957, 1, 8.46%, 0, 0, 6, 2.30, 26517
1648639981, 35, 607, 998, 958, 1, 8.46%, 0, 0, 6, 2.07, 26545
1648640017, 35, 607, 999, 959, 1, 8.46%, 0, 0, 6, 4.29, 26669
1648640059, 36, 637, 999, 958, 0, 8.47%, 0, 0, 6, 2.54, 26778
1648640105, 36, 637, 1000, 959, 0, 8.47%, 0, 0, 6, 6.03, 27004
1648640116, 36, 637, 1001, 960, 0, 8.47%, 0, 0, 6, 4.90, 27058
1648640126, 36, 637, 1002, 961, 0, 8.47%, 0, 0, 6, 3.00, 27085
1648640153, 36, 637, 1003, 962, 0, 8.47%, 0, 0, 6, 4.14, 27172
1648640158, 37, 534, 1003, 961, 1, 8.47%, 0, 0, 6, 4.09, 27191
1648640188, 37, 534, 1004, 962, 1, 8.47%, 0, 0, 6, 3.31, 27310
1648640235, 37, 534, 1006, 964, 1, 8.47%, 0, 0, 6, 3.07, 27457
1648640240, 37, 534, 1007, 965, 1, 8.47%, 0, 0, 6, 2.92, 27471
1648640256, 37, 534, 1008, 966, 1, 8.47%, 0, 0, 6, 3.34, 27520
1648640271, 38, 490, 1008, 965, 5, 8.47%, 0, 0, 6, 3.92, 27573
1648640297, 38, 490, 1009, 966, 5, 8.47%, 0, 0, 6, 3.24, 27671
1648640317, 38, 490, 1010, 967, 5, 8.47%, 0, 0, 6, 2.81, 27730
1648640374, 39, 528, 1011, 967, 1, 8.47%, 0, 0, 6, 4.86, 27914
1648640415, 39, 531, 1011, 966, 6, 8.47%, 0, 0, 6, 9.75, 28253
1648640446, 39, 531, 1012, 967, 6, 8.47%, 0, 0, 6, 3.57, 28374
1648640462, 39, 531, 1013, 968, 6, 8.47%, 0, 0, 6, 3.39, 28424
1648640503, 39, 531, 1014, 969, 6, 8.47%, 0, 0, 6, 3.04, 28554
1648640523, 40, 480, 1014, 968, 3, 8.47%, 0, 0, 6, 3.17, 28617
1648640534, 40, 480, 1015, 969, 3, 8.47%, 0, 0, 6, 4.62, 28662
1648640539, 40, 480, 1016, 970, 3, 8.48%, 0, 0, 6, 4.86, 28688
1648640601, 40, 480, 1017, 971, 3, 8.48%, 0, 0, 6, 4.23, 28902
1648640612, 40, 480, 1018, 972, 3, 8.48%, 0, 0, 6, 3.12, 28935
1648640659, 40, 480, 1019, 973, 3, 8.49%, 0, 0, 6, 4.19, 29071
1648640664, 40, 615, 1019, 972, 3, 8.49%, 0, 0, 6, 4.50, 29096
1648640840, 40, 774, 1019, 972, 3, 8.49%, 0, 0, 6, 2.55, 29538
1648640861, 40, 774, 1020, 973, 3, 8.49%, 0, 0, 6, 4.45, 29658
1648640876, 40, 774, 1021, 974, 3, 8.50%, 0, 0, 6, 5.64, 29734
1648640902, 40, 774, 1022, 975, 3, 8.50%, 0, 0, 6, 3.82, 29853
1648640917, 40, 774, 1023, 976, 3, 8.50%, 0, 0, 6, 4.25, 29912
1648640933, 41, 603, 1023, 975, 3, 8.51%, 0, 0, 6, 3.58, 29980
1648640980, 41, 603, 1024, 976, 3, 8.51%, 0, 0, 6, 2.38, 30100
1648640996, 41, 603, 1025, 977, 3, 8.51%, 0, 0, 6, 2.21, 30135
1648641022, 42, 3, 1025, 976, 0, 8.51%, 0, 0, 6, 4.22, 30217
1648641038, 42, 3, 1026, 977, 0, 8.51%, 0, 0, 6, 3.83, 30285
1648641053, 42, 3, 1027, 978, 0, 8.51%, 0, 0, 6, 4.36, 30349
1648641089, 42, 676, 1027, 977, 0, 8.51%, 0, 0, 6, 4.62, 30514
1648641168, 42, 676, 1028, 978, 0, 8.51%, 0, 0, 6, 3.48, 30804
1648641183, 43, 625, 1028, 977, 6, 8.51%, 0, 0, 6, 6.64, 30868
1648641261, 43, 863, 1029, 977, 5, 8.51%, 0, 0, 6, 3.28, 31286
1648641276, 43, 863, 1030, 978, 5, 8.52%, 0, 0, 6, 3.12, 31334
1648641297, 43, 863, 1031, 979, 5, 8.52%, 0, 0, 6, 3.12, 31398
1648641312, 43, 863, 1032, 980, 5, 8.52%, 0, 0, 6, 3.15, 31446
1648641332, 43, 863, 1033, 981, 5, 8.53%, 0, 0, 6, 3.13, 31510
1648641379, 43, 863, 1034, 982, 5, 8.53%, 0, 0, 6, 2.73, 31650
1648641405, 43, 863, 1035, 983, 5, 8.53%, 0, 0, 6, 2.80, 31714
1648641446, 43, 863, 1036, 984, 5, 8.53%, 0, 0, 6, 2.51, 31827
1648641478, 43, 863, 1037, 985, 5, 8.53%, 0, 0, 6, 2.44, 31902
1648641504, 43, 863, 1038, 986, 5, 8.54%, 0, 0, 6, 2.92, 31969
1648641515, 43, 863, 1039, 987, 5, 8.54%, 0, 0, 6, 2.37, 31993
1648641520, 43, 863, 1040, 988, 5, 8.54%, 0, 0, 6, 2.26, 32004
1648641530, 43, 863, 1042, 990, 5, 8.54%, 0, 0, 6, 2.16, 32026
1648641536, 43, 863, 1043, 991, 5, 8.54%, 0, 0, 6, 2.14, 32037
1648641551, 43, 863, 1044, 992, 5, 8.54%, 0, 0, 6, 2.72, 32080
1648641556, 44, 5, 1044, 991, 0, 8.60%, 0, 0, 6, 4.15, 32127
1648641608, 44, 864, 1044, 990, 0, 8.60%, 0, 0, 6, 4.37, 32388
1648641624, 44, 864, 1045, 991, 0, 8.61%, 0, 0, 6, 3.17, 32436
1648641681, 44, 864, 1046, 992, 0, 8.61%, 0, 0, 6, 2.87, 32611
1648641728, 44, 864, 1047, 993, 0, 8.61%, 0, 0, 6, 4.11, 32741
1648641739, 44, 864, 1049, 995, 0, 8.61%, 0, 0, 6, 3.14, 32771
1648641749, 44, 864, 1050, 996, 0, 8.61%, 0, 0, 6, 2.89, 32801
1648641775, 44, 864, 1051, 997, 0, 8.61%, 0, 0, 6, 2.98, 32876
1648641801, 45, 751, 1051, 996, 5, 8.61%, 0, 0, 6, 2.66, 32945
1648641895, 45, 751, 1052, 997, 5, 8.61%, 0, 0, 6, 2.19, 33144
1648641900, 45, 751, 1053, 998, 5, 8.61%, 0, 0, 6, 2.09, 33154
1648641911, 45, 751, 1054, 999, 5, 8.61%, 0, 0, 6, 2.96, 33181
1648642016, 46, 7, 1054, 998, 0, 8.61%, 0, 0, 6, 2.10, 33407
1648642073, 46, 619, 1054, 997, 0, 8.61%, 0, 0, 6, 4.10, 33681
1648642257, 47, 8, 1054, 996, 0, 8.61%, 0, 0, 6, 17.99, 34134
1648642283, 47, 8, 1055, 997, 0, 8.61%, 0, 0, 6, 5.17, 34317
1648642288, 47, 8, 1056, 998, 0, 8.61%, 0, 0, 6, 5.14, 34342
1648642304, 47, 530, 1056, 997, 3, 8.61%, 0, 0, 6, 5.46, 34432
1648642325, 47, 530, 1057, 998, 3, 8.61%, 0, 0, 6, 3.67, 34531
1648642330, 47, 530, 1059, 1000, 3, 8.61%, 0, 0, 6, 3.02, 34544
1648642335, 47, 530, 1060, 1001, 3, 8.61%, 0, 0, 6, 2.71, 34557
1648642356, 47, 530, 1061, 1002, 3, 8.61%, 0, 0, 6, 2.93, 34624
1648642382, 47, 530, 1062, 1003, 3, 8.61%, 0, 0, 6, 2.81, 34703
1648642414, 47, 783, 1062, 1002, 2, 8.61%, 0, 0, 6, 3.34, 34804
1648642471, 47, 783, 1063, 1003, 2, 8.61%, 0, 0, 6, 2.28, 34965
1648642508, 47, 783, 1064, 1004, 2, 8.61%, 0, 0, 6, 2.43, 35038
1648642518, 47, 783, 1065, 1005, 2, 8.61%, 0, 0, 6, 1.88, 35055
1648642523, 47, 783, 1066, 1006, 2, 8.61%, 0, 0, 6, 1.77, 35063
1648642529, 47, 783, 1067, 1007, 2, 8.61%, 0, 0, 6, 1.69, 35071
1648642534, 47, 783, 1068, 1008, 2, 8.61%, 0, 0, 6, 1.65, 35079
1648642539, 47, 783, 1069, 1009, 2, 8.61%, 0, 0, 6, 1.63, 35088
1648642550, 47, 783, 1070, 1010, 2, 8.61%, 0, 0, 6, 1.74, 35106
1648642577, 47, 783, 1071, 1011, 2, 8.61%, 0, 0, 6, 2.23, 35162
1648642635, 47, 783, 1072, 1012, 2, 8.61%, 0, 0, 6, 2.16, 35280
1648642641, 47, 783, 1073, 1013, 2, 8.61%, 0, 0, 6, 1.92, 35289
1648642646, 47, 783, 1074, 1014, 2, 8.61%, 0, 0, 6, 1.81, 35298
1648642657, 47, 783, 1075, 1015, 2, 8.61%, 0, 0, 6, 1.69, 35316
1648642663, 47, 783, 1076, 1016, 2, 8.61%, 0, 0, 6, 1.66, 35325
1648642674, 47, 783, 1077, 1017, 2, 8.61%, 0, 0, 6, 1.90, 35345
1648642684, 48, 775, 1078, 1017, 0, 8.61%, 0, 0, 6, 3.30, 35374
1648642695, 48, 775, 1079, 1018, 0, 8.62%, 0, 0, 6, 5.47, 35434
1648642705, 48, 775, 1080, 1019, 0, 8.63%, 0, 0, 6, 5.82, 35494
1648642720, 48, 775, 1081, 1020, 0, 8.63%, 0, 0, 6, 5.78, 35583
1648642736, 48, 775, 1082, 1021, 0, 8.63%, 0, 0, 6, 3.18, 35640
1648642746, 48, 775, 1083, 1022, 0, 8.64%, 0, 0, 6, 5.36, 35684
1648642798, 48, 775, 1084, 1023, 0, 8.64%, 0, 0, 6, 3.88, 35868
1648642819, 48, 819, 1084, 1022, 3, 8.64%, 0, 0, 6, 3.01, 35947
1648642824, 48, 819, 1085, 1023, 3, 8.65%, 0, 0, 6, 4.52, 35974
1648642835, 48, 819, 1086, 1024, 3, 8.65%, 0, 0, 6, 5.50, 36033
1648642845, 48, 819, 1087, 1025, 3, 8.66%, 0, 0, 6, 5.77, 36092
1648642850, 48, 819, 1088, 1026, 3, 8.67%, 0, 0, 6, 5.78, 36121
1648642865, 48, 819, 1089, 1027, 3, 8.68%, 0, 0, 6, 5.76, 36210
1648642871, 48, 819, 1090, 1028, 3, 8.68%, 0, 0, 6, 5.72, 36240
1648642881, 48, 819, 1091, 1029, 3, 8.68%, 0, 0, 6, 5.08, 36294
1648642891, 48, 819, 1092, 1030, 3, 8.69%, 0, 0, 6, 5.48, 36349
1648642901, 48, 819, 1093, 1031, 3, 8.71%, 0, 0, 6, 5.76, 36409
1648642906, 48, 819, 1094, 1032, 3, 8.71%, 0, 0, 6, 5.70, 36438
1648642922, 48, 819, 1095, 1033, 3, 8.72%, 0, 0, 6, 5.69, 36525
1648642932, 48, 819, 1096, 1034, 3, 8.74%, 0, 0, 6, 5.75, 36586
1648642938, 48, 819, 1097, 1035, 3, 8.74%, 0, 0, 6, 5.71, 36615
1648642948, 48, 819, 1098, 1036, 3, 8.74%, 0, 0, 6, 5.81, 36675
1648642963, 48, 819, 1099, 1037, 3, 8.75%, 0, 0, 6, 3.44, 36737
1648642974, 48, 819, 1100, 1038, 3, 8.76%, 0, 0, 6, 3.46, 36771
1648642989, 48, 819, 1101, 1039, 3, 8.76%, 0, 0, 6, 3.36, 36824
1648643020, 48, 819, 1102, 1040, 3, 8.76%, 0, 0, 6, 3.13, 36927
1648643036, 48, 819, 1103, 1041, 3, 8.77%, 0, 0, 6, 3.25, 36977
1648643051, 48, 819, 1104, 1042, 3, 8.78%, 0, 0, 6, 5.20, 37053
1648643062, 48, 819, 1105, 1043, 3, 8.78%, 0, 0, 6, 4.90, 37104
1648643103, 48, 819, 1106, 1044, 3, 8.79%, 0, 0, 6, 3.55, 37263
1648643119, 48, 819, 1107, 1045, 3, 8.79%, 0, 0, 6, 3.41, 37314
1648643129, 49, 610, 1107, 1044, 4, 8.79%, 0, 0, 6, 3.17, 37346
1648643144, 49, 610, 1108, 1045, 4, 8.80%, 0, 0, 6, 4.11, 37397
1648643180, 49, 610, 1109, 1046, 4, 8.81%, 0, 0, 6, 3.54, 37510
1648643191, 49, 610, 1110, 1047, 4, 8.82%, 0, 0, 6, 4.39, 37556
1648643228, 49, 610, 1111, 1048, 4, 8.83%, 0, 0, 6, 2.35, 37655
1648643233, 49, 610, 1112, 1049, 4, 8.83%, 0, 0, 6, 2.04, 37664
1648643265, 49, 610, 1113, 1050, 4, 8.83%, 0, 0, 6, 3.23, 37733
1648643297, 49, 610, 1114, 1051, 4, 8.83%, 0, 0, 6, 2.10, 37815
1648643339, 49, 610, 1115, 1052, 4, 8.83%, 0, 0, 6, 3.73, 37907
1648643349, 49, 610, 1116, 1053, 4, 8.84%, 0, 0, 6, 4.25, 37949
1648643359, 49, 610, 1117, 1054, 4, 8.84%, 0, 0, 6, 4.64, 37996
1648643370, 49, 610, 1118, 1055, 4, 8.85%, 0, 0, 6, 4.41, 38040
1648643385, 49, 610, 1119, 1056, 4, 8.85%, 0, 0, 6, 2.94, 38087
1648643406, 50, 51, 1119, 1055, 0, 8.85%, 0, 0, 6, 2.62, 38131
1648643422, 50, 51, 1120, 1056, 0, 8.85%, 0, 0, 6, 4.80, 38220
1648643442, 50, 51, 1121, 1057, 0, 8.85%, 0, 0, 6, 6.24, 38333
1648643448, 50, 51, 1122, 1058, 0, 8.85%, 0, 0, 6, 5.28, 38359
1648643453, 50, 51, 1123, 1059, 0, 8.85%, 0, 0, 6, 6.23, 38393
1648643458, 50, 615, 1123, 1058, 9, 8.85%, 0, 0, 6, 5.86, 38423
1648643530, 50, 615, 1124, 1059, 9, 8.85%, 0, 0, 6, 2.43, 38628
1648643541, 50, 615, 1125, 1060, 9, 8.85%, 0, 0, 6, 2.49, 38654
1648643556, 50, 615, 1126, 1061, 9, 8.85%, 0, 0, 6, 2.33, 38690
1648643582, 50, 680, 1126, 1061, 7, 8.85%, 0, 0, 6, 3.41, 38759
1648643614, 50, 680, 1127, 1062, 7, 8.85%, 0, 0, 6, 3.25, 38869
1648643619, 50, 680, 1128, 1063, 7, 8.85%, 0, 0, 6, 2.64, 38879
1648643629, 50, 680, 1129, 1064, 7, 8.85%, 0, 0, 6, 2.12, 38899
1648643634, 50, 680, 1130, 1065, 7, 8.85%, 0, 0, 6, 2.07, 38910
1648643671, 50, 680, 1131, 1066, 7, 8.85%, 0, 0, 6, 2.53, 39010
1648643702, 51, 796, 1131, 1065, 1, 8.85%, 0, 0, 6, 4.34, 39101
1648643769, 52, 745, 1131, 1064, 1, 8.85%, 0, 0, 6, 3.84, 39448
1648643779, 52, 745, 1132, 1065, 1, 8.86%, 0, 0, 6, 4.18, 39489
1648643790, 52, 745, 1133, 1066, 1, 8.86%, 0, 0, 6, 4.33, 39534
1648643810, 52, 745, 1134, 1067, 1, 8.86%, 0, 0, 6, 4.14, 39618
1648643826, 52, 745, 1135, 1068, 1, 8.87%, 0, 0, 6, 4.26, 39683
1648643914, 52, 745, 1136, 1069, 1, 8.87%, 0, 0, 6, 1.99, 39890
1648643951, 52, 745, 1137, 1070, 1, 8.87%, 0, 0, 6, 2.40, 39970
1648643962, 52, 745, 1138, 1071, 1, 8.87%, 0, 0, 6, 2.04, 39990
1648643967, 52, 745, 1139, 1072, 1, 8.87%, 0, 0, 6, 1.99, 40000
1648644003, 53, 798, 1139, 1071, 0, 8.87%, 0, 0, 6, 2.42, 40074
1648644014, 53, 798, 1140, 1072, 0, 8.88%, 0, 0, 6, 3.68, 40111
1648644024, 53, 798, 1141, 1073, 0, 8.89%, 0, 0, 6, 3.77, 40150
1648644060, 53, 798, 1142, 1074, 0, 8.89%, 0, 0, 6, 2.40, 40259
1648644148, 55, 885, 1142, 1073, 9, 8.89%, 0, 0, 6, 3.14, 40472
1648644184, 55, 885, 1143, 1074, 9, 8.89%, 0, 0, 6, 2.93, 40604
1648644210, 55, 885, 1144, 1075, 9, 8.89%, 0, 0, 6, 2.78, 40680
1648644236, 55, 885, 1145, 1076, 9, 8.89%, 0, 0, 6, 2.98, 40765
1648644241, 55, 885, 1146, 1077, 9, 8.89%, 0, 0, 6, 2.68, 40778
1648644246, 55, 885, 1147, 1078, 9, 8.89%, 0, 0, 6, 2.57, 40791
1648644262, 56, 749, 1147, 1077, 1, 8.89%, 0, 0, 6, 4.36, 40847
1648644277, 56, 749, 1148, 1078, 1, 8.89%, 0, 0, 6, 3.41, 40889
1648644298, 56, 749, 1149, 1079, 1, 8.90%, 0, 0, 6, 3.27, 40955
1648644314, 56, 749, 1150, 1080, 1, 8.90%, 0, 0, 6, 3.27, 41006
1648644350, 56, 749, 1151, 1081, 1, 8.91%, 0, 0, 6, 3.28, 41122
1648644365, 56, 749, 1152, 1082, 1, 8.91%, 0, 0, 6, 2.54, 41165
1648644376, 56, 749, 1153, 1083, 1, 8.91%, 0, 0, 6, 1.99, 41183
1648644451, 56, 749, 1154, 1084, 1, 8.91%, 0, 0, 6, 2.17, 41328
1648644525, 56, 819, 1154, 1083, 3, 8.92%, 0, 0, 6, 2.13, 41497
1648644691, 57, 902, 1154, 1083, 3, 8.92%, 0, 0, 6, 4.16, 42079
1648644737, 57, 902, 1155, 1084, 3, 8.92%, 0, 0, 6, 3.18, 42232
1648644794, 57, 902, 1156, 1085, 3, 8.92%, 0, 0, 6, 3.32, 42423
1648644835, 57, 902, 1157, 1086, 3, 8.92%, 0, 0, 6, 3.26, 42564
1648644840, 57, 902, 1158, 1087, 3, 8.92%, 0, 0, 6, 2.95, 42578
1648644856, 57, 902, 1159, 1088, 3, 8.92%, 0, 0, 6, 2.64, 42620
1648644867, 57, 902, 1161, 1090, 3, 8.92%, 0, 0, 6, 2.66, 42648
1648644898, 58, 819, 1161, 1089, 3, 8.92%, 0, 0, 6, 3.20, 42748
1648644986, 58, 819, 1162, 1090, 3, 8.92%, 0, 0, 6, 3.12, 43049
1648644991, 58, 819, 1163, 1091, 3, 8.92%, 0, 0, 6, 2.80, 43062
1648644996, 58, 819, 1165, 1093, 3, 8.92%, 0, 0, 6, 2.76, 43076
1648645011, 58, 819, 1166, 1094, 3, 8.92%, 0, 0, 6, 2.84, 43120
1648645090, 58, 819, 1167, 1095, 3, 8.95%, 0, 0, 6, 3.14, 43326
1648645101, 59, 680, 1167, 1095, 1, 8.95%, 0, 0, 6, 3.29, 43360
1648645137, 59, 680, 1168, 1096, 1, 8.95%, 0, 0, 6, 2.54, 43494
1648645189, 59, 680, 1169, 1097, 1, 8.95%, 0, 0, 6, 3.11, 43641
1648645205, 59, 896, 1169, 1097, 8, 8.95%, 0, 0, 6, 3.51, 43688
1648645210, 59, 896, 1170, 1098, 8, 8.95%, 0, 0, 6, 3.89, 43709
1648645220, 59, 896, 1171, 1099, 8, 8.95%, 0, 0, 6, 4.01, 43751
1648645246, 59, 896, 1172, 1100, 8, 8.96%, 0, 0, 6, 4.07, 43855
1648645271, 59, 896, 1173, 1101, 8, 8.97%, 0, 0, 6, 4.03, 43957
1648645292, 59, 896, 1174, 1102, 8, 8.97%, 0, 0, 6, 4.19, 44042
1648645307, 59, 896, 1175, 1103, 8, 8.97%, 0, 0, 6, 4.07, 44105
1648645322, 59, 896, 1176, 1104, 8, 8.98%, 0, 0, 6, 3.64, 44166
1648645338, 59, 896, 1177, 1105, 8, 8.99%, 0, 0, 6, 2.86, 44209
1648645374, 59, 896, 1178, 1106, 8, 8.99%, 0, 0, 6, 3.21, 44327
1648645379, 59, 896, 1179, 1107, 8, 8.99%, 0, 0, 6, 2.85, 44341
1648645385, 59, 896, 1180, 1108, 8, 8.99%, 0, 0, 6, 2.65, 44354
1648645390, 59, 896, 1181, 1109, 8, 8.99%, 0, 0, 6, 2.57, 44367
1648645395, 59, 896, 1182, 1110, 8, 8.99%, 0, 0, 6, 2.57, 44380
1648645405, 59, 896, 1183, 1111, 8, 8.99%, 0, 0, 6, 3.57, 44412
1648645421, 59, 896, 1184, 1112, 8, 9.00%, 0, 0, 6, 3.59, 44473
1648645436, 59, 896, 1185, 1113, 8, 9.00%, 0, 0, 6, 2.79, 44515
1648645447, 59, 896, 1186, 1114, 8, 9.00%, 0, 0, 6, 2.88, 44545
1648645478, 59, 896, 1187, 1115, 8, 9.01%, 0, 0, 6, 2.84, 44631
1648645509, 59, 909, 1187, 1114, 4, 9.01%, 0, 0, 6, 3.34, 44803
1648645525, 59, 909, 1188, 1115, 4, 9.01%, 0, 0, 6, 3.41, 44856
1648645546, 59, 909, 1189, 1116, 4, 9.01%, 0, 0, 6, 3.42, 44927
1648645571, 59, 909, 1190, 1117, 4, 9.01%, 0, 0, 6, 3.42, 45015
1648645592, 59, 909, 1191, 1118, 4, 9.02%, 0, 0, 6, 3.41, 45087
1648645603, 59, 909, 1192, 1119, 4, 9.02%, 0, 0, 6, 3.39, 45122
1648645618, 59, 909, 1193, 1120, 4, 9.02%, 0, 0, 6, 3.38, 45175
1648645639, 59, 909, 1194, 1121, 4, 9.03%, 0, 0, 6, 3.39, 45244
1648645670, 59, 909, 1195, 1122, 4, 9.03%, 0, 0, 6, 2.62, 45337
1648645701, 59, 909, 1196, 1123, 4, 9.03%, 0, 0, 6, 3.20, 45421
1648645753, 59, 909, 1197, 1124, 4, 9.03%, 0, 0, 6, 2.63, 45566
1648645795, 59, 914, 1197, 1123, 10, 9.03%, 0, 0, 6, 2.57, 45674
1648645805, 59, 914, 1198, 1124, 10, 9.04%, 0, 0, 6, 2.83, 45702
1648645821, 59, 914, 1199, 1125, 10, 9.04%, 0, 0, 6, 2.91, 45747
1648645841, 59, 914, 1200, 1126, 10, 9.04%, 0, 0, 6, 2.90, 45806
1648645877, 59, 914, 1201, 1127, 10, 9.05%, 0, 0, 6, 2.85, 45909
1648645893, 59, 914, 1202, 1128, 10, 9.05%, 0, 0, 6, 2.93, 45954
1648645913, 59, 914, 1203, 1129, 10, 9.06%, 0, 0, 6, 2.90, 46014
1648645934, 59, 914, 1204, 1130, 10, 9.06%, 0, 0, 6, 2.55, 46071
1648645977, 59, 914, 1205, 1131, 10, 9.06%, 0, 0, 6, 2.01, 46153
1648645998, 59, 914, 1206, 1132, 10, 9.06%, 0, 0, 6, 1.66, 46188
1648646009, 59, 914, 1207, 1133, 10, 9.06%, 0, 0, 6, 1.65, 46206
1648646015, 59, 914, 1208, 1134, 10, 9.06%, 0, 0, 6, 1.64, 46215
1648646052, 59, 914, 1209, 1135, 10, 9.06%, 0, 0, 6, 1.81, 46288
1648646058, 59, 914, 1210, 1136, 10, 9.06%, 0, 0, 6, 2.20, 46300
1648646126, 59, 914, 1211, 1137, 10, 9.06%, 0, 0, 6, 2.25, 46442
1648646151, 59, 914, 1212, 1138, 10, 9.06%, 0, 0, 6, 2.32, 46508
1648646156, 59, 1008, 1212, 1137, 8, 9.06%, 0, 0, 6, 2.45, 46521
1648646240, 59, 1008, 1213, 1138, 8, 9.07%, 0, 0, 6, 2.22, 46731
1648646314, 59, 1008, 1214, 1139, 8, 9.07%, 0, 0, 6, 2.09, 46887
1648646325, 59, 1008, 1215, 1140, 8, 9.07%, 0, 0, 6, 1.98, 46907
1648646372, 60, 758, 1215, 1139, 6, 9.07%, 0, 0, 6, 2.09, 47008
1648646377, 60, 758, 1216, 1140, 6, 9.07%, 0, 0, 6, 3.52, 47026
1648646393, 60, 758, 1217, 1141, 6, 9.07%, 0, 0, 6, 4.88, 47102
1648646403, 60, 758, 1218, 1142, 6, 9.08%, 0, 0, 6, 4.96, 47152
1648646413, 60, 758, 1219, 1143, 6, 9.08%, 0, 0, 6, 4.99, 47204
1648646429, 60, 758, 1220, 1144, 6, 9.09%, 0, 0, 6, 5.03, 47281
1648646439, 60, 758, 1221, 1145, 6, 9.10%, 0, 0, 6, 4.86, 47333
1648646450, 60, 758, 1222, 1146, 6, 9.10%, 0, 0, 6, 4.95, 47384
1648646455, 60, 758, 1223, 1147, 6, 9.11%, 0, 0, 6, 4.93, 47410
1648646466, 60, 758, 1224, 1148, 6, 9.11%, 0, 0, 6, 5.01, 47464
1648646481, 60, 758, 1225, 1149, 6, 9.12%, 0, 0, 6, 5.01, 47542
1648646491, 60, 758, 1226, 1150, 6, 9.13%, 0, 0, 6, 4.82, 47591
1648646501, 60, 758, 1227, 1151, 6, 9.13%, 0, 0, 6, 4.91, 47641
1648646512, 60, 758, 1228, 1152, 6, 9.14%, 0, 0, 6, 5.02, 47694
1648646574, 60, 758, 1229, 1153, 6, 9.14%, 0, 0, 6, 3.37, 47918
1648646590, 60, 758, 1230, 1154, 6, 9.14%, 0, 0, 6, 3.23, 47969
1648646636, 60, 758, 1231, 1155, 6, 9.15%, 0, 0, 6, 4.42, 48135
1648646641, 60, 758, 1232, 1156, 6, 9.16%, 0, 0, 6, 4.60, 48160
1648646657, 60, 758, 1233, 1157, 6, 9.16%, 0, 0, 6, 3.57, 48217
1648646673, 61, 12, 1233, 1156, 0, 9.16%, 0, 0, 6, 3.75, 48271
1648646714, 61, 533, 1233, 1155, 0, 9.16%, 0, 0, 6, 5.37, 48547
1648646792, 61, 533, 1234, 1156, 0, 9.16%, 0, 0, 6, 2.88, 48841
1648646797, 61, 533, 1235, 1157, 0, 9.16%, 0, 0, 6, 2.71, 48854
1648646813, 61, 533, 1237, 1159, 0, 9.16%, 0, 0, 6, 3.06, 48897
1648646823, 61, 831, 1238, 1159, 3, 9.16%, 0, 0, 6, 3.29, 48928
1648646834, 61, 831, 1239, 1160, 3, 9.17%, 0, 0, 6, 4.19, 48969
1648646869, 61, 831, 1240, 1161, 3, 9.17%, 0, 0, 6, 4.22, 49115
1648646895, 61, 831, 1241, 1162, 3, 9.17%, 0, 0, 6, 2.50, 49194
1648646953, 61, 831, 1242, 1163, 3, 9.17%, 0, 0, 6, 2.29, 49335
1648646968, 61, 831, 1243, 1164, 3, 9.17%, 0, 0, 6, 1.94, 49365
1648646973, 61, 831, 1244, 1165, 3, 9.17%, 0, 0, 6, 1.85, 49374
1648646984, 61, 831, 1245, 1166, 3, 9.17%, 0, 0, 6, 1.79, 49392
1648646989, 61, 831, 1246, 1167, 3, 9.17%, 0, 0, 6, 1.78, 49401
1648646994, 61, 831, 1247, 1168, 3, 9.17%, 0, 0, 6, 1.77, 49410
1648647030, 62, 734, 1247, 1167, 2, 9.17%, 0, 0, 6, 2.56, 49496
1648647046, 62, 734, 1248, 1168, 2, 9.18%, 0, 0, 6, 4.24, 49559
1648647134, 62, 734, 1249, 1169, 2, 9.19%, 0, 0, 6, 3.84, 49853
1648647154, 62, 934, 1249, 1168, 2, 9.19%, 0, 0, 6, 2.79, 49920
1648647290, 62, 934, 1250, 1169, 2, 9.19%, 0, 0, 7, 2.45, 50246
1648647300, 63, 911, 1250, 1168, 7, 9.19%, 0, 0, 7, 2.55, 50270
1648647316, 63, 911, 1251, 1169, 7, 9.19%, 0, 0, 7, 2.45, 50308
1648647411, 63, 911, 1252, 1170, 7, 9.19%, 0, 0, 7, 2.83, 50550
1648647416, 63, 911, 1253, 1171, 7, 9.19%, 0, 0, 7, 2.49, 50561
1648647426, 63, 911, 1254, 1172, 7, 9.19%, 0, 0, 7, 2.26, 50583
1648647431, 63, 911, 1255, 1173, 7, 9.19%, 0, 0, 7, 2.28, 50595
1648647535, 63, 1050, 1255, 1172, 7, 9.19%, 0, 0, 7, 2.94, 50877
1648647597, 63, 1050, 1256, 1173, 7, 9.19%, 0, 0, 7, 3.51, 51052
1648647623, 63, 1050, 1257, 1174, 7, 9.19%, 0, 0, 7, 2.63, 51109
1648647644, 63, 1050, 1258, 1175, 7, 9.19%, 0, 0, 7, 2.26, 51161
1648647654, 63, 1050, 1259, 1176, 7, 9.19%, 0, 0, 7, 1.92, 51179
1648647675, 63, 1050, 1260, 1177, 7, 9.19%, 0, 0, 7, 2.36, 51225
1648647691, 63, 1050, 1261, 1178, 7, 9.19%, 0, 0, 7, 2.17, 51259
1648647717, 63, 1050, 1262, 1179, 7, 9.20%, 0, 0, 7, 2.03, 51311
1648647743, 63, 1050, 1263, 1180, 7, 9.20%, 0, 0, 7, 2.51, 51365
1648647779, 63, 1078, 1263, 1179, 12, 9.20%, 0, 0, 7, 3.59, 51462
1648647862, 63, 1078, 1264, 1180, 12, 9.20%, 0, 0, 7, 3.61, 51807
1648647867, 63, 1078, 1265, 1181, 12, 9.20%, 0, 0, 7, 3.33, 51823
1648647882, 63, 1078, 1266, 1182, 12, 9.20%, 0, 0, 7, 3.74, 51885
1648647893, 63, 1078, 1267, 1183, 12, 9.20%, 0, 0, 7, 3.77, 51925
1648647924, 64, 863, 1267, 1182, 11, 9.20%, 0, 0, 7, 3.82, 52054
1648647929, 64, 863, 1268, 1183, 11, 9.20%, 0, 0, 7, 3.17, 52068
1648647985, 64, 863, 1269, 1184, 11, 9.20%, 0, 0, 7, 2.72, 52222
1648648031, 64, 863, 1270, 1185, 11, 9.20%, 0, 0, 7, 2.72, 52350
1648648089, 64, 863, 1271, 1186, 11, 9.20%, 0, 0, 7, 2.71, 52495
1648648136, 64, 863, 1272, 1187, 11, 9.21%, 0, 0, 7, 3.39, 52625
1648648146, 64, 938, 1272, 1187, 10, 9.21%, 0, 0, 7, 3.24, 52658
1648648151, 64, 938, 1273, 1188, 10, 9.21%, 0, 0, 7, 3.10, 52672
1648648177, 64, 938, 1274, 1189, 10, 9.21%, 0, 0, 7, 2.92, 52747
1648648192, 64, 938, 1275, 1190, 10, 9.21%, 0, 0, 7, 2.95, 52791
1648648218, 64, 938, 1276, 1191, 10, 9.22%, 0, 0, 7, 3.05, 52870
1648648239, 64, 938, 1277, 1192, 10, 9.22%, 0, 0, 7, 3.00, 52932
1648648254, 64, 938, 1278, 1193, 10, 9.23%, 0, 0, 7, 3.09, 52980
1648648391, 64, 938, 1279, 1194, 10, 9.23%, 0, 0, 7, 1.94, 53267
1648648412, 64, 988, 1279, 1193, 9, 9.23%, 0, 0, 7, 2.16, 53307
1648648511, 64, 988, 1280, 1194, 9, 9.23%, 0, 0, 7, 3.15, 53660
1648648573, 65, 900, 1280, 1193, 8, 9.23%, 0, 0, 7, 3.89, 53899
1648648578, 65, 900, 1281, 1194, 8, 9.24%, 0, 0, 7, 4.13, 53921
1648648588, 65, 900, 1282, 1195, 8, 9.24%, 0, 0, 7, 4.12, 53963
1648648603, 65, 900, 1283, 1196, 8, 9.25%, 0, 0, 7, 4.15, 54026
1648648624, 65, 900, 1284, 1197, 8, 9.25%, 0, 0, 7, 4.09, 54110
1648648654, 65, 900, 1285, 1198, 8, 9.25%, 0, 0, 7, 4.08, 54237
1648648701, 65, 900, 1286, 1199, 8, 9.25%, 0, 0, 7, 2.99, 54396
1648648727, 65, 900, 1287, 1200, 8, 9.25%, 0, 0, 7, 3.30, 54474
1648648742, 65, 900, 1288, 1201, 8, 9.25%, 0, 0, 7, 3.31, 54530
1648648794, 65, 900, 1289, 1202, 8, 9.25%, 0, 0, 7, 2.99, 54676
1648648810, 65, 900, 1290, 1203, 8, 9.25%, 0, 0, 7, 2.57, 54716
1648648815, 65, 900, 1291, 1204, 8, 9.25%, 0, 0, 7, 2.58, 54729
1648648825, 65, 900, 1292, 1205, 8, 9.25%, 0, 0, 7, 2.80, 54758
1648648841, 65, 900, 1293, 1206, 8, 9.26%, 0, 0, 7, 2.73, 54800
1648648872, 65, 1007, 1293, 1205, 14, 9.26%, 0, 0, 7, 3.23, 54895
1648648919, 65, 1007, 1294, 1206, 14, 9.26%, 0, 0, 7, 2.32, 55022
1648648971, 65, 1007, 1295, 1207, 14, 9.26%, 0, 0, 7, 2.71, 55148
1648649002, 66, 1005, 1295, 1206, 3, 9.26%, 0, 0, 7, 2.70, 55222
1648649012, 66, 1005, 1296, 1207, 3, 9.26%, 0, 0, 7, 3.50, 55255
1648649085, 66, 1005, 1297, 1208, 3, 9.26%, 0, 0, 7, 3.68, 55460
1648649095, 66, 1005, 1298, 1209, 3, 9.27%, 0, 0, 7, 3.03, 55493
1648649153, 66, 1028, 1298, 1208, 15, 9.27%, 0, 0, 7, 2.65, 55629
1648649224, 66, 1028, 1299, 1209, 15, 9.27%, 0, 0, 7, 2.62, 55847
1648649266, 66, 1028, 1300, 1210, 15, 9.27%, 0, 0, 7, 2.34, 55973
1648649345, 67, 761, 1300, 1209, 9, 9.27%, 0, 0, 7, 3.73, 56215
1648649355, 67, 761, 1301, 1210, 9, 9.27%, 0, 0, 7, 4.69, 56257
1648649396, 67, 761, 1302, 1211, 9, 9.27%, 0, 0, 7, 2.98, 56416
1648649486, 67, 1086, 1302, 1210, 10, 9.27%, 0, 0, 7, 3.21, 56635
1648649573, 67, 1086, 1303, 1211, 10, 9.27%, 0, 0, 7, 4.30, 56998
1648649625, 67, 1086, 1304, 1212, 10, 9.27%, 0, 0, 7, 3.68, 57190
1648649630, 68, 966, 1304, 1211, 9, 9.27%, 0, 0, 7, 4.02, 57211
1648649636, 68, 966, 1305, 1212, 9, 9.27%, 0, 0, 7, 3.53, 57226
