# unix_time, cycles_done, cur_path, paths_total, pending_total, pending_favs, map_size, unique_crashes, unique_hangs, max_depth, execs_per_sec, total_execs
1648633506, 0, 0, 14, 14, 6, 7.55%, 0, 0, 2, 9.30, 393
1648633511, 0, 0, 15, 15, 6, 7.55%, 0, 0, 2, 8.46, 435
1648633516, 0, 0, 17, 17, 6, 7.57%, 0, 0, 2, 7.93, 475
1648633521, 0, 0, 18, 18, 6, 7.57%, 0, 0, 2, 7.27, 511
1648633526, 0, 0, 19, 19, 6, 7.58%, 0, 0, 2, 7.12, 547
1648633531, 0, 0, 24, 24, 6, 7.63%, 0, 0, 2, 7.55, 587
1648633537, 0, 0, 28, 28, 6, 7.64%, 0, 0, 2, 7.67, 627
1648633542, 0, 0, 31, 31, 6, 7.65%, 0, 0, 2, 7.75, 665
1648633547, 0, 0, 32, 32, 6, 7.65%, 0, 0, 2, 9.59, 714
1648633552, 0, 0, 34, 34, 6, 7.65%, 0, 0, 2, 8.15, 753
1648633557, 0, 0, 35, 35, 6, 7.65%, 0, 0, 2, 5.48, 777
1648633562, 0, 0, 36, 36, 6, 7.65%, 0, 0, 2, 6.18, 806
1648633567, 0, 0, 38, 38, 6, 7.67%, 0, 0, 2, 7.43, 854
1648633572, 0, 0, 39, 39, 6, 7.67%, 0, 0, 2, 6.30, 884
1648633577, 0, 0, 40, 40, 6, 7.70%, 0, 0, 2, 10.24, 935
1648633583, 0, 0, 43, 43, 6, 7.70%, 0, 0, 2, 8.15, 971
1648633588, 0, 0, 44, 44, 6, 7.70%, 0, 0, 2, 6.82, 1003
1648633593, 0, 0, 46, 46, 6, 7.70%, 0, 0, 2, 5.28, 1027
1648633598, 0, 0, 49, 49, 6, 7.70%, 0, 0, 2, 4.99, 1053
1648633603, 0, 0, 53, 53, 6, 7.70%, 0, 0, 2, 6.10, 1085
1648633608, 0, 0, 55, 55, 6, 7.70%, 0, 0, 2, 9.80, 1133
1648633613, 0, 0, 58, 58, 6, 7.71%, 0, 0, 2, 7.29, 1168
1648633618, 0, 0, 61, 61, 6, 7.71%, 0, 0, 2, 6.29, 1197
1648633623, 0, 0, 63, 63, 6, 7.71%, 0, 0, 2, 4.85, 1219
1648633628, 0, 0, 66, 66, 6, 7.71%, 0, 0, 2, 5.21, 1243
1648633634, 0, 0, 67, 67, 6, 7.71%, 0, 0, 2, 7.06, 1289
1648633639, 0, 0, 71, 71, 6, 7.71%, 0, 0, 2, 6.25, 1318
1648633644, 0, 0, 73, 73, 6, 7.71%, 0, 0, 2, 7.45, 1351
1648633649, 0, 0, 75, 75, 6, 7.71%, 0, 0, 2, 6.51, 1391
1648633654, 0, 0, 77, 77, 6, 7.71%, 0, 0, 2, 4.76, 1412
1648633659, 0, 0, 81, 81, 6, 7.71%, 0, 0, 2, 5.40, 1442
1648633664, 0, 0, 83, 83, 6, 7.71%, 0, 0, 2, 4.62, 1465
1648633669, 0, 0, 86, 86, 6, 7.72%, 0, 0, 2, 4.39, 1487
1648633675, 0, 0, 89, 89, 6, 7.72%, 0, 0, 2, 4.91, 1514
1648633680, 0, 0, 92, 92, 6, 7.72%, 0, 0, 2, 5.18, 1543
1648633685, 0, 0, 94, 94, 6, 7.72%, 0, 0, 2, 4.52, 1565
1648633690, 0, 0, 96, 96, 6, 7.72%, 0, 0, 2, 4.30, 1587
1648633695, 0, 0, 100, 100, 6, 7.72%, 0, 0, 2, 5.74, 1619
1648633701, 0, 0, 102, 102, 6, 7.72%, 0, 0, 2, 4.59, 1641
1648633706, 0, 0, 105, 105, 6, 7.72%, 0, 0, 2, 5.58, 1670
1648633711, 0, 0, 108, 108, 6, 7.72%, 0, 0, 2, 4.99, 1695
1648633716, 0, 0, 110, 110, 6, 7.72%, 0, 0, 2, 4.65, 1718
1648633721, 0, 0, 113, 113, 6, 7.72%, 0, 0, 2, 5.40, 1747
1648633726, 0, 0, 115, 115, 6, 7.72%, 0, 0, 2, 5.02, 1771
1648633731, 0, 0, 119, 119, 6, 7.72%, 0, 0, 2, 5.56, 1803
1648633736, 0, 0, 122, 122, 6, 7.72%, 0, 0, 2, 5.83, 1831
1648633741, 0, 0, 123, 123, 6, 7.72%, 0, 0, 2, 4.63, 1853
1648633752, 0, 0, 125, 125, 6, 7.72%, 0, 0, 2, 4.19, 1895
1648633757, 0, 0, 127, 127, 6, 7.72%, 0, 0, 2, 5.01, 1921
1648633762, 0, 0, 128, 128, 6, 7.72%, 0, 0, 2, 5.54, 1952
1648633767, 0, 0, 130, 130, 6, 7.72%, 0, 0, 2, 4.54, 1973
1648633772, 0, 0, 134, 134, 6, 7.72%, 0, 0, 2, 5.73, 2006
1648633777, 0, 0, 136, 136, 6, 7.72%, 0, 0, 2, 4.88, 2030
1648633782, 0, 0, 139, 139, 6, 7.72%, 0, 0, 2, 5.60, 2059
1648633787, 0, 0, 141, 141, 6, 7.72%, 0, 0, 2, 4.88, 2085
1648633792, 0, 0, 144, 144, 6, 7.72%, 0, 0, 2, 5.53, 2114
1648633803, 0, 0, 147, 147, 6, 7.72%, 0, 0, 2, 4.97, 2174
1648633808, 0, 0, 149, 149, 6, 7.72%, 0, 0, 2, 4.34, 2195
1648633813, 0, 0, 151, 151, 6, 7.72%, 0, 0, 2, 4.16, 2216
1648633818, 0, 0, 154, 154, 6, 7.72%, 0, 0, 2, 4.23, 2238
1648633823, 0, 0, 156, 156, 6, 7.72%, 0, 0, 2, 4.23, 2260
1648633829, 0, 0, 159, 159, 6, 7.72%, 0, 0, 2, 4.28, 2283
1648633834, 0, 0, 161, 161, 6, 7.72%, 0, 0, 2, 4.95, 2310
1648633839, 0, 0, 164, 164, 6, 7.72%, 0, 0, 2, 5.35, 2337
1648633844, 0, 25, 165, 164, 0, 7.74%, 0, 0, 3, 7.22, 2378
1648633849, 0, 25, 166, 165, 0, 7.74%, 0, 0, 3, 7.86, 2420
1648633854, 0, 25, 168, 167, 0, 7.74%, 0, 0, 3, 8.70, 2464
1648633860, 0, 25, 171, 170, 0, 7.74%, 0, 0, 3, 6.51, 2497
1648633865, 0, 25, 174, 173, 0, 7.75%, 0, 0, 3, 6.31, 2527
1648633870, 0, 25, 177, 176, 0, 7.75%, 0, 0, 3, 7.37, 2569
1648633875, 0, 25, 179, 178, 0, 7.75%, 0, 0, 3, 11.61, 2628
1648633880, 0, 25, 181, 180, 0, 7.75%, 0, 0, 3, 6.77, 2653
1648633886, 0, 25, 182, 181, 0, 7.75%, 0, 0, 3, 5.46, 2678
1648633891, 0, 25, 184, 183, 0, 7.75%, 0, 0, 3, 6.43, 2714
1648633896, 0, 25, 187, 186, 0, 7.75%, 0, 0, 3, 5.47, 2742
1648633901, 0, 25, 189, 188, 0, 7.75%, 0, 0, 3, 5.29, 2769
1648633906, 0, 25, 191, 190, 0, 7.79%, 0, 0, 3, 4.86, 2794
1648633911, 0, 25, 194, 193, 0, 7.79%, 0, 0, 3, 5.48, 2821
1648633916, 0, 25, 196, 195, 0, 7.79%, 0, 0, 3, 4.51, 2842
1648633922, 0, 25, 198, 197, 0, 7.79%, 0, 0, 3, 5.65, 2870
1648633927, 0, 25, 200, 199, 0, 7.79%, 0, 0, 3, 5.45, 2900
1648633932, 0, 25, 203, 202, 0, 7.79%, 0, 0, 3, 6.04, 2934
1648633937, 0, 25, 205, 204, 0, 7.79%, 0, 0, 3, 4.75, 2956
1648633942, 0, 25, 208, 207, 0, 7.79%, 0, 0, 3, 4.88, 2980
1648633947, 0, 25, 210, 209, 0, 7.79%, 0, 0, 3, 4.58, 3003
1648633952, 0, 25, 212, 211, 0, 7.79%, 0, 0, 3, 5.08, 3032
1648633957, 0, 25, 215, 214, 0, 7.79%, 0, 0, 3, 4.47, 3054
1648633963, 0, 25, 217, 216, 0, 7.79%, 0, 0, 3, 5.91, 3085
1648633968, 0, 25, 219, 218, 0, 7.79%, 0, 0, 3, 5.15, 3110
1648633973, 0, 25, 221, 220, 0, 7.79%, 0, 0, 3, 4.61, 3133
1648633978, 0, 25, 223, 222, 0, 7.79%, 0, 0, 3, 4.63, 3156
1648633988, 0, 25, 224, 223, 0, 7.79%, 0, 0, 3, 5.21, 3204
1648633993, 1, 0, 226, 224, 5, 7.79%, 0, 0, 3, 4.78, 3227
1648633998, 1, 0, 229, 227, 5, 7.80%, 0, 0, 3, 6.63, 3266
1648634003, 1, 0, 232, 230, 5, 7.80%, 0, 0, 3, 5.16, 3292
1648634009, 1, 0, 233, 231, 5, 7.80%, 0, 0, 3, 4.42, 3313
1648634014, 1, 0, 235, 233, 5, 7.80%, 0, 0, 3, 4.27, 3334
1648634019, 1, 0, 238, 236, 5, 7.80%, 0, 0, 3, 4.32, 3356
1648634024, 1, 0, 240, 238, 5, 7.80%, 0, 0, 3, 4.45, 3380
1648634029, 1, 0, 242, 240, 5, 7.80%, 0, 0, 3, 7.65, 3417
1648634034, 1, 0, 244, 242, 5, 7.80%, 0, 0, 3, 6.83, 3456
1648634039, 1, 0, 247, 245, 5, 7.80%, 0, 0, 3, 6.24, 3485
1648634044, 1, 0, 249, 247, 5, 7.80%, 0, 0, 3, 4.69, 3507
1648634049, 1, 0, 251, 249, 5, 7.80%, 0, 0, 3, 4.50, 3529
1648634054, 1, 0, 253, 251, 5, 7.80%, 0, 0, 3, 4.35, 3551
1648634059, 1, 0, 255, 253, 5, 7.80%, 0, 0, 3, 4.20, 3572
1648634064, 1, 0, 258, 256, 5, 7.80%, 0, 0, 3, 4.19, 3593
1648634069, 1, 0, 260, 258, 5, 7.80%, 0, 0, 3, 4.26, 3615
1648634074, 1, 0, 261, 259, 5, 7.80%, 0, 0, 3, 4.81, 3638
1648634080, 1, 0, 264, 262, 5, 7.80%, 0, 0, 3, 4.74, 3665
1648634085, 1, 0, 266, 264, 5, 7.80%, 0, 0, 3, 4.54, 3688
1648634090, 1, 0, 268, 266, 5, 7.80%, 0, 0, 3, 4.47, 3712
1648634095, 1, 0, 270, 268, 5, 7.80%, 0, 0, 3, 4.20, 3733
1648634100, 1, 0, 272, 270, 5, 7.80%, 0, 0, 3, 4.63, 3758
1648634105, 1, 0, 273, 271, 5, 7.80%, 0, 0, 3, 5.89, 3791
1648634110, 1, 0, 275, 273, 5, 7.80%, 0, 0, 3, 4.70, 3813
1648634116, 1, 0, 277, 275, 5, 7.80%, 0, 0, 3, 4.47, 3835
1648634121, 1, 0, 279, 277, 5, 7.80%, 0, 0, 3, 6.38, 3868
1648634126, 1, 0, 281, 279, 5, 7.80%, 0, 0, 3, 8.16, 3916
1648634131, 1, 0, 283, 281, 5, 7.80%, 0, 0, 3, 5.32, 3939
1648634136, 1, 0, 285, 283, 5, 7.80%, 0, 0, 3, 5.21, 3966
1648634142, 1, 0, 286, 284, 5, 7.80%, 0, 0, 3, 5.34, 3994
1648634147, 1, 0, 289, 287, 5, 7.80%, 0, 0, 3, 4.48, 4015
1648634152, 1, 0, 290, 288, 5, 7.80%, 0, 0, 3, 4.81, 4040
1648634157, 1, 0, 292, 290, 4, 7.80%, 0, 0, 3, 12.40, 4070
1648634162, 1, 0, 294, 292, 4, 7.80%, 0, 0, 3, 11.40, 4128
1648634167, 1, 0, 296, 294, 4, 7.80%, 0, 0, 3, 8.58, 4165
1648634172, 1, 0, 299, 297, 4, 7.80%, 0, 0, 3, 6.57, 4193
1648634177, 1, 0, 302, 300, 4, 7.80%, 0, 0, 3, 5.63, 4219
1648634183, 1, 0, 305, 303, 4, 7.80%, 0, 0, 3, 5.36, 4247
1648634188, 1, 0, 307, 305, 4, 7.80%, 0, 0, 3, 5.16, 4274
1648634193, 1, 0, 310, 308, 4, 7.80%, 0, 0, 3, 6.84, 4313
1648634198, 1, 0, 313, 311, 4, 7.80%, 0, 0, 3, 6.31, 4343
1648634203, 1, 0, 314, 312, 4, 7.80%, 0, 0, 3, 5.31, 4369
1648634208, 1, 0, 316, 314, 4, 7.80%, 0, 0, 3, 5.32, 4396
1648634214, 1, 0, 319, 317, 4, 7.82%, 0, 0, 3, 6.45, 4428
1648634219, 1, 0, 321, 319, 4, 7.82%, 0, 0, 3, 7.92, 4473
1648634224, 1, 0, 322, 320, 4, 7.82%, 0, 0, 3, 5.82, 4500
1648634229, 1, 0, 324, 322, 4, 7.82%, 0, 0, 3, 5.68, 4530
1648634234, 1, 0, 325, 323, 4, 7.82%, 0, 0, 3, 5.66, 4559
1648634239, 1, 0, 326, 324, 4, 7.82%, 0, 0, 3, 6.32, 4592
1648634244, 1, 0, 328, 326, 4, 7.82%, 0, 0, 3, 5.59, 4621
1648634250, 1, 0, 331, 329, 4, 7.82%, 0, 0, 3, 5.36, 4648
1648634255, 1, 0, 333, 331, 4, 7.82%, 0, 0, 3, 5.15, 4674
1648634260, 1, 0, 336, 334, 4, 7.82%, 0, 0, 3, 5.08, 4700
1648634265, 1, 0, 337, 335, 4, 7.82%, 0, 0, 3, 5.32, 4727
1648634270, 1, 0, 339, 337, 4, 7.82%, 0, 0, 3, 5.36, 4755
1648634275, 1, 32, 340, 338, 0, 7.82%, 0, 0, 3, 5.15, 4781
1648634286, 1, 32, 341, 339, 0, 7.82%, 0, 0, 3, 4.71, 4832
1648634291, 1, 32, 342, 340, 0, 7.82%, 0, 0, 3, 4.03, 4851
1648634296, 1, 32, 343, 341, 0, 7.82%, 0, 0, 3, 3.63, 4869
1648634301, 1, 32, 344, 342, 0, 7.82%, 0, 0, 3, 3.44, 4886
1648634306, 1, 32, 346, 344, 0, 7.82%, 0, 0, 3, 3.25, 4902
1648634311, 1, 32, 347, 345, 0, 7.82%, 0, 0, 3, 3.27, 4919
1648634317, 1, 32, 348, 346, 0, 7.82%, 0, 0, 3, 3.26, 4936
1648634327, 1, 32, 349, 347, 0, 7.82%, 0, 0, 3, 3.49, 4972
1648634332, 1, 32, 351, 349, 0, 7.82%, 0, 0, 3, 3.30, 4988
1648634337, 1, 32, 352, 350, 0, 7.82%, 0, 0, 3, 3.34, 5006
1648634342, 1, 32, 354, 352, 0, 7.82%, 0, 0, 3, 3.48, 5024
1648634347, 1, 32, 355, 353, 0, 7.82%, 0, 0, 3, 3.62, 5043
1648634352, 1, 32, 356, 354, 0, 7.82%, 0, 0, 3, 3.45, 5060
1648634363, 1, 32, 358, 356, 0, 7.82%, 0, 0, 3, 3.88, 5104
1648634368, 1, 32, 359, 357, 0, 7.82%, 0, 0, 3, 3.54, 5121
1648634373, 1, 32, 361, 359, 0, 7.82%, 0, 0, 3, 3.38, 5138
1648634378, 1, 32, 363, 361, 0, 7.82%, 0, 0, 3, 3.27, 5155
1648634383, 1, 32, 364, 362, 0, 7.82%, 0, 0, 3, 3.26, 5172
1648634388, 1, 32, 365, 363, 0, 7.84%, 0, 0, 3, 3.94, 5193
1648634399, 1, 32, 366, 364, 0, 7.85%, 0, 0, 3, 3.63, 5232
1648634404, 1, 32, 367, 365, 0, 7.85%, 0, 0, 3, 3.84, 5253
1648634409, 1, 32, 368, 366, 0, 7.85%, 0, 0, 3, 3.85, 5273
1648634414, 1, 32, 369, 367, 0, 7.85%, 0, 0, 3, 3.51, 5290
1648634419, 1, 32, 371, 369, 0, 7.85%, 0, 0, 3, 3.62, 5309
1648634424, 1, 32, 373, 371, 0, 7.85%, 0, 0, 3, 3.37, 5326
1648634430, 1, 40, 373, 370, 0, 7.85%, 0, 0, 3, 3.24, 5342
1648634435, 1, 40, 374, 371, 0, 7.85%, 0, 0, 3, 4.79, 5371
1648634440, 1, 40, 375, 372, 0, 7.85%, 0, 0, 3, 3.96, 5390
1648634445, 1, 40, 376, 373, 0, 7.85%, 0, 0, 3, 3.68, 5409
1648634451, 1, 40, 378, 375, 0, 7.85%, 0, 0, 3, 3.46, 5427
1648634456, 1, 40, 380, 377, 0, 7.85%, 0, 0, 3, 3.36, 5444
1648634461, 1, 40, 382, 379, 0, 7.85%, 0, 0, 3, 3.31, 5461
1648634466, 1, 40, 383, 380, 0, 7.85%, 0, 0, 3, 3.39, 5479
1648634471, 1, 40, 384, 381, 0, 7.85%, 0, 0, 3, 3.75, 5499
1648634477, 1, 40, 385, 382, 0, 7.85%, 0, 0, 3, 3.65, 5519
1648634482, 1, 40, 387, 384, 0, 7.85%, 0, 0, 3, 4.18, 5540
1648634487, 1, 40, 389, 386, 0, 7.85%, 0, 0, 3, 3.63, 5557
1648634492, 1, 40, 391, 388, 0, 7.85%, 0, 0, 3, 3.75, 5576
1648634497, 1, 40, 392, 389, 0, 7.85%, 0, 0, 3, 4.02, 5596
1648634507, 1, 40, 394, 391, 0, 7.85%, 0, 0, 3, 3.78, 5638
1648634512, 1, 40, 395, 392, 0, 7.85%, 0, 0, 3, 3.48, 5655
1648634518, 1, 40, 396, 393, 0, 7.85%, 0, 0, 3, 3.65, 5674
1648634523, 1, 40, 397, 394, 0, 7.85%, 0, 0, 3, 4.13, 5697
1648634528, 1, 40, 399, 396, 0, 7.85%, 0, 0, 3, 4.23, 5718
1648634533, 1, 40, 400, 397, 0, 7.86%, 0, 0, 3, 3.72, 5736
1648634538, 1, 40, 401, 398, 0, 7.86%, 0, 0, 3, 3.59, 5754
1648634543, 1, 40, 403, 400, 0, 7.86%, 0, 0, 3, 3.42, 5771
1648634548, 1, 40, 404, 401, 0, 7.86%, 0, 0, 3, 3.45, 5789
1648634553, 1, 40, 405, 402, 0, 7.86%, 0, 0, 3, 3.59, 5807
1648634558, 1, 40, 406, 403, 0, 7.86%, 0, 0, 3, 3.44, 5824
1648634563, 1, 40, 407, 404, 0, 7.86%, 0, 0, 3, 3.68, 5843
1648634574, 2, 355, 408, 404, 0, 7.86%, 0, 0, 4, 2.55, 5880
1648634579, 2, 355, 409, 405, 0, 7.86%, 0, 0, 4, 5.40, 5912
1648634584, 2, 355, 411, 407, 0, 7.86%, 0, 0, 4, 3.69, 5925
1648634589, 2, 355, 412, 408, 0, 7.86%, 0, 0, 4, 3.08, 5938
1648634594, 2, 355, 413, 409, 0, 7.86%, 0, 0, 4, 2.74, 5951
1648634599, 2, 355, 415, 411, 0, 7.87%, 0, 0, 4, 2.74, 5965
1648634605, 2, 355, 416, 412, 0, 7.87%, 0, 0, 4, 2.54, 5978
1648634610, 2, 355, 418, 414, 0, 7.87%, 0, 0, 4, 2.47, 5991
1648634615, 2, 355, 419, 415, 0, 7.87%, 0, 0, 4, 2.41, 6003
1648634620, 2, 355, 420, 416, 0, 7.87%, 0, 0, 4, 2.38, 6015
1648634626, 2, 355, 421, 417, 0, 7.87%, 0, 0, 4, 3.46, 6035
1648634631, 2, 355, 422, 418, 0, 7.87%, 0, 0, 4, 2.88, 6047
1648634636, 2, 355, 424, 420, 0, 7.87%, 0, 0, 4, 4.29, 6069
1648634641, 2, 355, 425, 421, 0, 7.87%, 0, 0, 4, 3.24, 6081
1648634646, 2, 355, 426, 422, 0, 7.87%, 0, 0, 4, 5.29, 6107
1648634652, 2, 355, 427, 423, 0, 7.87%, 0, 0, 4, 5.46, 6136
1648634657, 2, 355, 428, 424, 0, 7.87%, 0, 0, 4, 3.87, 6149
1648634662, 2, 355, 430, 426, 0, 7.87%, 0, 0, 4, 3.23, 6164
1648634667, 2, 355, 431, 427, 0, 7.87%, 0, 0, 4, 2.94, 6178
1648634673, 2, 355, 432, 428, 0, 7.87%, 0, 0, 4, 2.64, 6191
1648634678, 2, 355, 433, 429, 0, 7.87%, 0, 0, 4, 2.51, 6204
1648634683, 2, 355, 434, 430, 0, 7.87%, 0, 0, 4, 3.14, 6222
1648634689, 2, 355, 435, 431, 0, 7.87%, 0, 0, 4, 3.02, 6237
1648634694, 2, 355, 436, 432, 0, 7.87%, 0, 0, 4, 2.86, 6252
1648634699, 2, 355, 437, 433, 0, 7.87%, 0, 0, 4, 2.64, 6265
1648634704, 2, 355, 439, 435, 0, 7.87%, 0, 0, 4, 2.53, 6278
1648634710, 2, 355, 440, 436, 0, 7.87%, 0, 0, 4, 2.44, 6290
1648634715, 2, 355, 441, 437, 0, 7.87%, 0, 0, 4, 2.40, 6302
1648634720, 2, 355, 443, 439, 0, 7.87%, 0, 0, 4, 2.36, 6314
1648634725, 2, 355, 444, 440, 0, 7.87%, 0, 0, 4, 2.40, 6327
1648634730, 2, 355, 445, 441, 0, 7.87%, 0, 0, 4, 2.33, 6339
1648634735, 2, 355, 446, 442, 0, 7.87%, 0, 0, 4, 2.34, 6351
1648634741, 2, 355, 448, 444, 0, 7.87%, 0, 0, 4, 2.75, 6366
1648634751, 2, 355, 450, 446, 0, 7.87%, 0, 0, 4, 2.48, 6391
1648634756, 2, 355, 451, 447, 0, 7.87%, 0, 0, 4, 2.41, 6403
1648634762, 2, 355, 452, 448, 0, 7.87%, 0, 0, 4, 2.68, 6418
1648634767, 2, 355, 453, 449, 0, 7.87%, 0, 0, 4, 2.51, 6430
1648634772, 2, 355, 454, 450, 0, 7.87%, 0, 0, 4, 2.67, 6444
1648634777, 2, 355, 455, 451, 0, 7.87%, 0, 0, 4, 2.76, 6458
1648634783, 2, 355, 456, 452, 0, 7.87%, 0, 0, 4, 3.27, 6476
1648634788, 2, 355, 457, 453, 0, 7.87%, 0, 0, 4, 2.79, 6488
1648634793, 2, 355, 458, 454, 0, 7.87%, 0, 0, 4, 2.57, 6500
1648634798, 2, 355, 460, 456, 0, 7.87%, 0, 0, 4, 2.84, 6515
1648634803, 2, 355, 461, 457, 0, 7.87%, 0, 0, 4, 2.67, 6528
1648634808, 2, 355, 462, 458, 0, 7.87%, 0, 0, 4, 2.48, 6540
1648634813, 2, 355, 463, 459, 0, 7.87%, 0, 0, 4, 2.42, 6552
1648634818, 2, 355, 464, 460, 0, 7.87%, 0, 0, 4, 2.48, 6565
1648634824, 2, 355, 466, 462, 0, 7.87%, 0, 0, 4, 3.73, 6588
1648634834, 2, 355, 467, 463, 0, 7.87%, 0, 0, 4, 3.23, 6619
1648634839, 2, 355, 468, 464, 0, 7.88%, 0, 0, 4, 6.82, 6661
1648634844, 2, 355, 469, 465, 0, 7.88%, 0, 0, 4, 4.57, 6677
1648634849, 2, 355, 471, 467, 0, 7.88%, 0, 0, 4, 3.81, 6694
1648634860, 3, 1, 473, 468, 1, 7.88%, 0, 0, 4, 12.47, 6736
1648634875, 3, 1, 474, 469, 1, 7.88%, 0, 0, 4, 4.90, 6817
1648634880, 3, 1, 475, 470, 1, 7.88%, 0, 0, 4, 4.49, 6839
1648634885, 3, 1, 477, 472, 1, 7.88%, 0, 0, 4, 4.33, 6861
1648634890, 3, 1, 478, 473, 1, 7.88%, 0, 0, 4, 3.55, 6877
1648634895, 3, 1, 480, 475, 1, 7.88%, 0, 0, 4, 3.93, 6898
1648634900, 3, 1, 482, 477, 1, 7.88%, 0, 0, 4, 4.15, 6919
1648634906, 3, 1, 485, 480, 1, 7.88%, 0, 0, 4, 4.11, 6940
1648634911, 3, 1, 486, 481, 1, 7.88%, 0, 0, 4, 4.25, 6962
1648634916, 3, 1, 487, 482, 1, 7.88%, 0, 0, 4, 5.03, 6988
1648634921, 3, 1, 488, 483, 1, 7.88%, 0, 0, 4, 5.76, 7019
1648634926, 3, 1, 489, 484, 1, 7.88%, 0, 0, 4, 5.73, 7047
1648634936, 3, 1, 490, 485, 1, 7.88%, 0, 0, 4, 5.47, 7103
1648634941, 3, 1, 493, 488, 1, 7.88%, 0, 0, 4, 4.69, 7125
1648634946, 3, 1, 495, 490, 1, 7.88%, 0, 0, 4, 4.35, 7147
1648634952, 3, 1, 496, 490, 3, 7.88%, 0, 0, 4, 4.32, 7169
1648634957, 3, 183, 497, 491, 3, 7.88%, 0, 0, 4, 4.73, 7193
1648634962, 3, 183, 498, 492, 3, 7.88%, 0, 0, 4, 10.16, 7252
1648634967, 3, 183, 499, 493, 3, 7.88%, 0, 0, 4, 6.43, 7279
1648634978, 3, 183, 500, 494, 3, 7.88%, 0, 0, 4, 5.90, 7335
1648634988, 3, 183, 501, 495, 3, 7.88%, 0, 0, 4, 4.66, 7385
1648635003, 3, 183, 502, 496, 3, 7.88%, 0, 0, 4, 4.19, 7458
1648635008, 3, 183, 504, 498, 3, 7.88%, 0, 0, 4, 5.41, 7484
1648635013, 3, 183, 506, 500, 3, 7.88%, 0, 0, 4, 4.17, 7502
1648635018, 3, 183, 508, 502, 3, 7.89%, 0, 0, 4, 3.74, 7520
1648635023, 3, 183, 509, 503, 3, 7.89%, 0, 0, 4, 3.72, 7539
1648635028, 3, 183, 511, 505, 3, 7.89%, 0, 0, 4, 3.59, 7557
1648635034, 3, 183, 513, 507, 3, 7.89%, 0, 0, 4, 3.51, 7575
1648635039, 3, 183, 514, 508, 3, 7.89%, 0, 0, 4, 3.39, 7592
1648635044, 3, 183, 516, 510, 3, 7.89%, 0, 0, 4, 3.59, 7612
1648635049, 3, 183, 517, 511, 3, 7.89%, 0, 0, 4, 3.60, 7630
1648635054, 4, 233, 517, 510, 0, 7.89%, 0, 0, 4, 3.72, 7650
1648635065, 4, 233, 518, 511, 0, 7.89%, 0, 0, 4, 4.78, 7708
1648635070, 4, 233, 519, 512, 0, 7.89%, 0, 0, 4, 4.05, 7726
1648635091, 4, 233, 520, 513, 0, 7.89%, 0, 0, 4, 5.27, 7820
1648635106, 4, 233, 521, 514, 0, 7.89%, 0, 0, 4, 3.98, 7889
1648635112, 4, 233, 522, 515, 0, 7.89%, 0, 0, 4, 4.59, 7915
1648635117, 4, 233, 523, 516, 0, 7.89%, 0, 0, 4, 3.70, 7932
1648635122, 4, 233, 525, 518, 0, 7.89%, 0, 0, 4, 3.18, 7947
1648635127, 4, 233, 526, 519, 0, 7.89%, 0, 0, 4, 2.98, 7962
1648635132, 4, 233, 528, 521, 0, 7.89%, 0, 0, 4, 2.98, 7977
1648635138, 4, 233, 529, 522, 0, 7.89%, 0, 0, 4, 2.93, 7992
1648635143, 4, 233, 531, 524, 0, 7.91%, 0, 0, 4, 3.66, 8014
1648635153, 4, 233, 533, 526, 0, 7.91%, 0, 0, 4, 3.72, 8053
1648635158, 4, 233, 534, 527, 0, 7.91%, 0, 0, 4, 3.22, 8068
1648635163, 4, 233, 535, 528, 0, 7.91%, 0, 0, 4, 3.03, 8083
1648635174, 5, 1, 536, 528, 5, 7.91%, 0, 0, 4, 6.06, 8136
1648635179, 5, 1, 537, 529, 5, 7.91%, 0, 0, 4, 5.24, 8162
1648635189, 5, 1, 538, 530, 5, 7.91%, 0, 0, 4, 5.41, 8215
1648635209, 5, 187, 538, 530, 5, 7.91%, 0, 0, 4, 4.72, 8318
1648635215, 5, 187, 539, 531, 5, 7.91%, 0, 0, 4, 4.95, 8343
1648635235, 5, 187, 541, 533, 5, 7.91%, 0, 0, 4, 3.76, 8424
1648635246, 5, 187, 542, 534, 5, 7.91%, 0, 0, 4, 3.87, 8465
1648635251, 5, 187, 544, 536, 5, 7.91%, 0, 0, 4, 3.41, 8481
1648635256, 5, 187, 546, 538, 5, 7.91%, 0, 0, 4, 3.48, 8500
1648635261, 5, 187, 547, 539, 5, 7.91%, 0, 0, 4, 3.48, 8518
1648635266, 5, 187, 549, 541, 5, 7.91%, 0, 0, 4, 3.41, 8535
1648635271, 5, 187, 550, 542, 5, 7.91%, 0, 0, 4, 3.55, 8553
1648635276, 5, 187, 551, 543, 5, 7.91%, 0, 0, 4, 3.49, 8571
1648635282, 5, 187, 552, 544, 5, 7.91%, 0, 0, 4, 3.55, 8590
1648635287, 5, 187, 553, 545, 5, 7.91%, 0, 0, 4, 3.55, 8608
1648635307, 5, 187, 554, 546, 5, 7.91%, 0, 0, 4, 3.82, 8682
1648635313, 5, 187, 555, 547, 5, 7.91%, 0, 0, 4, 4.27, 8706
1648635318, 6, 1, 556, 547, 2, 7.91%, 0, 0, 4, 4.96, 8731
1648635333, 6, 1, 557, 548, 2, 7.91%, 0, 0, 4, 5.57, 8825
1648635338, 6, 1, 558, 549, 2, 7.94%, 0, 0, 4, 5.15, 8850
1648635353, 6, 1, 560, 551, 2, 7.94%, 0, 0, 4, 4.95, 8938
1648635364, 6, 1, 561, 552, 2, 7.94%, 0, 0, 4, 6.13, 9007
1648635369, 7, 0, 562, 553, 3, 7.94%, 0, 0, 4, 6.61, 9041
1648635374, 7, 0, 564, 555, 3, 7.94%, 0, 0, 4, 5.76, 9071
1648635385, 7, 0, 566, 557, 3, 7.94%, 0, 0, 4, 5.46, 9127
1648635395, 7, 0, 567, 558, 3, 7.94%, 0, 0, 4, 6.97, 9196
1648635410, 7, 0, 568, 559, 3, 7.94%, 0, 0, 4, 6.41, 9304
1648635420, 7, 360, 568, 559, 2, 7.94%, 0, 0, 4, 6.58, 9372
1648635431, 7, 360, 569, 560, 2, 7.94%, 0, 0, 4, 4.33, 9414
1648635436, 7, 360, 570, 561, 2, 7.94%, 0, 0, 4, 3.71, 9431
1648635447, 7, 360, 571, 562, 2, 7.94%, 0, 0, 4, 3.06, 9461
1648635452, 7, 360, 572, 563, 2, 7.94%, 0, 0, 4, 3.28, 9480
1648635457, 7, 360, 573, 564, 2, 7.94%, 0, 0, 4, 2.78, 9492
1648635462, 7, 360, 575, 566, 2, 7.95%, 0, 0, 4, 2.62, 9505
1648635467, 7, 360, 576, 567, 2, 7.95%, 0, 0, 4, 2.50, 9517
1648635488, 7, 360, 577, 568, 2, 7.95%, 0, 0, 4, 2.80, 9576
1648635494, 7, 360, 578, 569, 2, 7.95%, 0, 0, 4, 2.61, 9589
1648635514, 7, 360, 579, 570, 2, 7.95%, 0, 0, 4, 2.95, 9651
1648635520, 7, 360, 580, 571, 2, 7.95%, 0, 0, 4, 2.78, 9665
1648635535, 7, 360, 582, 573, 2, 7.95%, 0, 0, 4, 2.81, 9708
1648635540, 7, 360, 583, 574, 2, 7.95%, 0, 0, 4, 2.56, 9720
1648635545, 7, 360, 584, 575, 2, 7.95%, 0, 0, 4, 2.48, 9733
1648635561, 8, 125, 584, 574, 1, 7.95%, 0, 0, 4, 3.68, 9785
1648635566, 8, 125, 586, 576, 1, 7.95%, 0, 0, 4, 3.92, 9807
1648635571, 8, 125, 588, 578, 1, 7.95%, 0, 0, 4, 3.84, 9827
1648635577, 8, 125, 590, 580, 1, 7.95%, 0, 0, 4, 3.83, 9847
1648635582, 8, 125, 592, 582, 1, 7.95%, 0, 0, 4, 3.71, 9866
1648635587, 8, 125, 594, 584, 1, 7.95%, 0, 0, 4, 3.74, 9886
1648635592, 8, 125, 595, 585, 1, 7.95%, 0, 0, 4, 3.70, 9905
1648635597, 8, 125, 597, 587, 1, 7.95%, 0, 0, 4, 3.76, 9925
1648635613, 8, 125, 599, 589, 1, 7.95%, 0, 0, 4, 4.00, 9994
1648635633, 8, 125, 600, 590, 1, 7.95%, 0, 0, 4, 4.16, 10083
1648635644, 8, 125, 602, 592, 1, 7.95%, 0, 0, 4, 4.11, 10127
1648635654, 8, 125, 603, 593, 1, 7.95%, 0, 0, 4, 4.33, 10176
1648635659, 9, 362, 603, 592, 0, 7.95%, 0, 0, 4, 3.97, 10194
1648635680, 9, 362, 604, 593, 0, 7.95%, 0, 0, 4, 3.03, 10272
1648635685, 9, 362, 605, 594, 0, 7.95%, 0, 0, 4, 2.64, 10284
1648635691, 9, 362, 606, 595, 0, 7.95%, 0, 0, 4, 2.53, 10297
1648635696, 9, 362, 607, 596, 0, 7.95%, 0, 0, 4, 2.43, 10309
1648635701, 9, 362, 608, 597, 0, 7.95%, 0, 0, 4, 3.25, 10327
1648635742, 9, 362, 609, 598, 0, 7.97%, 0, 0, 4, 2.73, 10460
1648635747, 9, 362, 611, 600, 0, 7.97%, 0, 0, 4, 2.60, 10473
1648635752, 9, 362, 612, 601, 0, 7.97%, 0, 0, 4, 2.44, 10485
1648635757, 9, 362, 613, 602, 0, 7.97%, 0, 0, 4, 2.37, 10497
1648635763, 9, 362, 614, 603, 0, 7.97%, 0, 0, 4, 2.31, 10509
1648635768, 9, 362, 615, 604, 0, 7.97%, 0, 0, 4, 2.27, 10521
1648635784, 9, 362, 616, 605, 0, 7.97%, 0, 0, 4, 3.27, 10574
1648635789, 9, 362, 617, 606, 0, 7.97%, 0, 0, 4, 2.74, 10586
1648635795, 9, 362, 618, 607, 0, 7.97%, 0, 0, 4, 2.47, 10598
1648635800, 9, 362, 620, 609, 0, 7.97%, 0, 0, 4, 2.39, 10610
1648635805, 9, 362, 621, 610, 0, 7.97%, 0, 0, 4, 2.37, 10622
1648635810, 9, 362, 622, 611, 0, 7.97%, 0, 0, 4, 2.59, 10636
1648635815, 9, 477, 623, 611, 4, 7.97%, 0, 0, 4, 2.63, 10650
1648635837, 9, 477, 624, 612, 4, 7.97%, 0, 0, 4, 2.33, 10702
1648635842, 9, 477, 626, 614, 4, 7.97%, 0, 0, 4, 2.16, 10713
1648635858, 9, 477, 627, 615, 4, 7.97%, 0, 0, 4, 2.12, 10746
1648635868, 9, 477, 628, 616, 4, 7.97%, 0, 0, 4, 2.41, 10770
1648635873, 9, 477, 629, 617, 4, 7.97%, 0, 0, 4, 2.88, 10786
1648635910, 9, 477, 630, 618, 4, 7.97%, 0, 0, 4, 2.29, 10873
1648635926, 9, 477, 631, 619, 4, 7.97%, 0, 0, 4, 2.19, 10906
1648635931, 9, 477, 632, 620, 4, 7.97%, 0, 0, 4, 2.11, 10917
1648635936, 9, 477, 633, 621, 4, 7.97%, 0, 0, 4, 2.10, 10928
1648635942, 9, 477, 635, 623, 4, 7.97%, 0, 0, 4, 2.05, 10939
1648635952, 9, 477, 636, 624, 4, 7.97%, 0, 0, 4, 2.02, 10960
1648635957, 9, 477, 637, 625, 4, 7.97%, 0, 0, 4, 2.00, 10970
1648635963, 9, 477, 638, 626, 4, 7.97%, 0, 0, 4, 2.08, 10981
1648635978, 9, 477, 639, 627, 4, 7.97%, 0, 0, 4, 2.12, 11014
1648635984, 9, 477, 640, 628, 4, 7.97%, 0, 0, 4, 2.11, 11025
1648635999, 9, 477, 641, 629, 4, 7.97%, 0, 0, 4, 2.15, 11057
1648636009, 10, 2, 641, 628, 1, 7.97%, 0, 0, 4, 4.03, 11088
1648636014, 10, 346, 641, 627, 0, 7.97%, 0, 0, 4, 3.85, 11105
1648636025, 10, 346, 642, 628, 0, 7.97%, 0, 0, 4, 3.11, 11139
1648636030, 10, 346, 644, 630, 0, 7.97%, 0, 0, 4, 2.66, 11151
1648636035, 10, 346, 645, 631, 0, 7.97%, 0, 0, 4, 2.55, 11163
1648636040, 10, 346, 646, 632, 0, 7.97%, 0, 0, 4, 2.43, 11175
1648636077, 10, 346, 647, 633, 0, 7.97%, 0, 0, 4, 2.94, 11278
1648636092, 10, 346, 648, 634, 0, 7.97%, 0, 0, 4, 2.82, 11321
1648636103, 10, 346, 650, 636, 0, 7.97%, 0, 0, 4, 2.40, 11345
1648636108, 10, 346, 651, 637, 0, 7.97%, 0, 0, 4, 2.42, 11357
1648636113, 10, 346, 652, 638, 0, 7.97%, 0, 0, 4, 2.31, 11368
1648636144, 10, 346, 653, 639, 0, 7.97%, 0, 0, 4, 2.87, 11455
1648636149, 11, 334, 653, 638, 0, 7.97%, 0, 0, 4, 3.35, 11472
1648636160, 11, 334, 654, 639, 0, 7.97%, 0, 0, 4, 3.84, 11517
1648636170, 11, 334, 655, 640, 0, 7.97%, 0, 0, 4, 2.45, 11537
1648636180, 11, 334, 657, 642, 0, 7.97%, 0, 0, 4, 2.94, 11566
1648636186, 11, 334, 658, 643, 0, 7.97%, 0, 0, 4, 2.72, 11579
1648636201, 11, 334, 659, 644, 0, 7.97%, 0, 0, 4, 3.21, 11622
1648636206, 11, 334, 660, 645, 0, 7.97%, 0, 0, 4, 3.28, 11640
1648636217, 11, 334, 661, 646, 0, 7.97%, 0, 0, 4, 3.82, 11680
1648636222, 11, 334, 662, 647, 0, 7.97%, 0, 0, 4, 3.40, 11696
1648636227, 11, 334, 664, 649, 0, 7.97%, 0, 0, 4, 3.23, 11712
1648636232, 11, 334, 666, 651, 0, 7.97%, 0, 0, 4, 3.17, 11728
1648636238, 11, 334, 667, 652, 0, 7.97%, 0, 0, 4, 3.20, 11745
1648636243, 11, 334, 668, 653, 0, 7.97%, 0, 0, 4, 3.21, 11762
1648636248, 11, 334, 669, 654, 0, 7.97%, 0, 0, 4, 3.33, 11780
1648636263, 11, 334, 670, 655, 0, 7.97%, 0, 0, 4, 3.00, 11825
1648636274, 11, 334, 671, 656, 0, 7.97%, 0, 0, 4, 3.20, 11859
1648636279, 11, 334, 672, 657, 0, 7.97%, 0, 0, 4, 3.14, 11875
1648636284, 11, 334, 673, 658, 0, 7.97%, 0, 0, 4, 3.17, 11891
1648636289, 11, 334, 674, 659, 0, 7.97%, 0, 0, 4, 3.19, 11907
1648636294, 12, 2, 674, 658, 1, 7.97%, 0, 0, 4, 5.66, 11936
1648636299, 12, 2, 675, 659, 1, 7.97%, 0, 0, 4, 5.09, 11963
1648636310, 12, 2, 676, 660, 1, 7.97%, 0, 0, 4, 4.97, 12016
1648636315, 12, 2, 678, 662, 1, 7.97%, 0, 0, 4, 4.42, 12038
1648636320, 12, 2, 679, 663, 1, 7.97%, 0, 0, 4, 4.22, 12060
1648636325, 12, 2, 680, 664, 1, 7.98%, 0, 0, 4, 4.43, 12084
1648636340, 12, 2, 682, 666, 1, 7.98%, 0, 0, 4, 4.92, 12165
1648636345, 12, 2, 683, 667, 1, 7.98%, 0, 0, 4, 5.37, 12192
1648636356, 12, 189, 683, 667, 1, 7.98%, 0, 0, 4, 5.05, 12245
1648636376, 12, 189, 684, 668, 1, 7.98%, 0, 0, 4, 3.28, 12317
1648636381, 12, 189, 685, 669, 1, 7.98%, 0, 0, 4, 3.04, 12332
1648636386, 12, 189, 686, 670, 1, 7.98%, 0, 0, 4, 2.94, 12347
1648636407, 12, 189, 688, 672, 1, 7.98%, 0, 0, 4, 3.18, 12416
1648636423, 12, 189, 689, 673, 1, 7.98%, 0, 0, 4, 4.08, 12473
1648636428, 12, 189, 690, 674, 1, 7.98%, 0, 0, 4, 3.50, 12490
1648636433, 12, 189, 691, 675, 1, 7.98%, 0, 0, 4, 3.11, 12505
1648636438, 12, 189, 692, 676, 1, 7.98%, 0, 0, 4, 2.92, 12519
1648636443, 12, 189, 693, 677, 1, 7.98%, 0, 0, 4, 2.96, 12534
1648636459, 13, 2, 693, 676, 2, 7.98%, 0, 0, 4, 3.47, 12589
1648636464, 13, 2, 694, 677, 2, 7.98%, 0, 0, 4, 5.20, 12624
1648636469, 13, 2, 696, 679, 2, 7.98%, 0, 0, 4, 4.59, 12648
1648636475, 13, 2, 697, 680, 2, 7.98%, 0, 0, 4, 4.39, 12671
1648636480, 13, 2, 699, 682, 2, 7.98%, 0, 0, 4, 4.23, 12694
1648636485, 13, 2, 701, 684, 2, 7.98%, 0, 0, 4, 4.06, 12715
1648636490, 13, 2, 703, 686, 2, 7.98%, 0, 0, 4, 3.93, 12735
1648636495, 13, 2, 705, 688, 2, 7.98%, 0, 0, 4, 3.94, 12755
1648636500, 13, 2, 706, 689, 2, 7.98%, 0, 0, 4, 5.09, 12782
1648636506, 13, 2, 707, 690, 2, 7.98%, 0, 0, 4, 4.73, 12807
1648636511, 13, 2, 708, 691, 2, 7.98%, 0, 0, 4, 4.72, 12832
1648636526, 13, 2, 709, 692, 2, 7.98%, 0, 0, 4, 5.81, 12933
1648636536, 14, 1, 709, 692, 2, 7.98%, 0, 0, 4, 6.12, 12991
1648636541, 14, 1, 710, 693, 2, 7.98%, 0, 0, 4, 4.96, 13014
1648636567, 14, 1, 711, 694, 2, 7.98%, 0, 0, 4, 4.74, 13142
1648636572, 14, 1, 713, 696, 2, 7.98%, 0, 0, 4, 4.19, 13163
1648636577, 14, 1, 714, 697, 2, 7.98%, 0, 0, 4, 4.87, 13190
1648636592, 14, 1, 716, 699, 2, 7.98%, 0, 0, 4, 5.45, 13272
1648636597, 14, 1, 717, 700, 2, 7.98%, 0, 0, 4, 4.40, 13292
1648636602, 14, 364, 717, 700, 4, 7.98%, 0, 0, 4, 6.76, 13329
1648636608, 14, 364, 718, 701, 4, 7.99%, 0, 0, 4, 7.54, 13369
1648636613, 14, 364, 719, 702, 4, 8.00%, 0, 0, 4, 5.82, 13398
1648636623, 14, 364, 720, 703, 4, 8.02%, 0, 0, 4, 4.32, 13441
1648636633, 14, 364, 721, 704, 4, 8.03%, 0, 0, 4, 4.14, 13483
1648636648, 14, 364, 722, 705, 4, 8.04%, 0, 0, 4, 4.24, 13548
1648636664, 14, 364, 723, 706, 4, 8.05%, 0, 0, 4, 4.06, 13614
1648636674, 14, 364, 724, 707, 4, 8.06%, 0, 0, 4, 3.87, 13653
1648636684, 14, 364, 725, 708, 4, 8.06%, 0, 0, 4, 3.86, 13693
1648636695, 14, 364, 726, 709, 4, 8.07%, 0, 0, 4, 3.97, 13734
1648636705, 14, 364, 727, 710, 4, 8.07%, 0, 0, 4, 3.89, 13773
1648636710, 14, 364, 728, 711, 4, 8.08%, 0, 0, 4, 4.19, 13795
1648636720, 14, 364, 729, 712, 4, 8.09%, 0, 0, 4, 4.07, 13837
1648636730, 14, 364, 730, 713, 4, 8.10%, 0, 0, 4, 3.98, 13877
1648636746, 14, 364, 731, 714, 4, 8.11%, 0, 0, 4, 4.57, 13944
1648636751, 14, 364, 732, 715, 4, 8.11%, 0, 0, 4, 4.35, 13966
1648636771, 14, 364, 733, 716, 4, 8.12%, 0, 0, 4, 4.58, 14059
1648636782, 14, 364, 734, 717, 4, 8.12%, 0, 0, 4, 5.97, 14119
1648636787, 14, 364, 736, 719, 4, 8.12%, 0, 0, 4, 5.22, 14146
1648636808, 15, 332, 737, 719, 1, 8.12%, 0, 0, 4, 6.71, 14248
1648636818, 15, 332, 738, 720, 1, 8.12%, 0, 0, 4, 4.91, 14306
1648636834, 15, 332, 739, 721, 1, 8.12%, 0, 0, 4, 3.37, 14361
1648636865, 15, 332, 740, 722, 1, 8.12%, 0, 0, 4, 3.64, 14492
1648636870, 15, 332, 741, 723, 1, 8.12%, 0, 0, 4, 3.33, 14508
1648636875, 15, 332, 743, 725, 1, 8.12%, 0, 0, 4, 3.20, 14524
1648636880, 15, 332, 745, 727, 1, 8.12%, 0, 0, 4, 3.10, 14540
1648636885, 15, 332, 746, 728, 1, 8.12%, 0, 0, 4, 3.09, 14556
1648636891, 15, 332, 748, 730, 1, 8.12%, 0, 0, 4, 3.07, 14572
1648636896, 15, 332, 749, 731, 1, 8.12%, 0, 0, 4, 3.08, 14588
1648636901, 15, 332, 750, 732, 1, 8.12%, 0, 0, 4, 3.28, 14606
1648636906, 16, 370, 750, 731, 0, 8.12%, 0, 0, 4, 3.24, 14622
1648636912, 16, 370, 751, 732, 0, 8.13%, 0, 0, 4, 3.85, 14644
1648636938, 16, 370, 752, 733, 0, 8.13%, 0, 0, 4, 2.89, 14732
1648636943, 16, 370, 753, 734, 0, 8.13%, 0, 0, 4, 2.60, 14744
1648637021, 16, 480, 753, 733, 0, 8.13%, 0, 0, 4, 5.17, 14981
1648637042, 16, 480, 754, 734, 0, 8.13%, 0, 0, 4, 7.96, 15099
1648637047, 16, 480, 755, 735, 0, 8.13%, 0, 0, 4, 4.81, 15114
1648637052, 16, 480, 756, 736, 0, 8.13%, 0, 0, 4, 4.97, 15136
1648637083, 16, 480, 757, 737, 0, 8.13%, 0, 0, 4, 4.38, 15265
1648637094, 16, 480, 758, 738, 0, 8.13%, 0, 0, 4, 4.06, 15304
1648637099, 17, 3, 758, 737, 1, 8.13%, 0, 0, 4, 3.70, 15321
1648637104, 17, 25, 758, 736, 0, 8.13%, 0, 0, 4, 4.53, 15345
1648637109, 17, 25, 760, 738, 0, 8.13%, 0, 0, 4, 5.08, 15374
1648637114, 17, 25, 762, 740, 0, 8.13%, 0, 0, 4, 4.30, 15395
1648637119, 17, 25, 764, 742, 0, 8.13%, 0, 0, 4, 4.09, 15415
1648637124, 17, 25, 766, 744, 0, 8.13%, 0, 0, 4, 4.00, 15435
1648637130, 17, 25, 767, 745, 0, 8.13%, 0, 0, 4, 5.21, 15462
1648637135, 17, 25, 769, 747, 0, 8.13%, 0, 0, 4, 4.26, 15482
1648637140, 17, 25, 771, 749, 0, 8.13%, 0, 0, 4, 3.93, 15501
1648637145, 17, 25, 773, 751, 0, 8.13%, 0, 0, 4, 3.94, 15522
1648637170, 17, 25, 774, 752, 0, 8.13%, 0, 0, 4, 6.49, 15682
1648637180, 17, 496, 774, 752, 0, 8.13%, 0, 0, 4, 5.67, 15743
1648637191, 17, 496, 775, 753, 0, 8.13%, 0, 0, 5, 7.02, 15822
1648637201, 17, 496, 777, 755, 0, 8.13%, 0, 0, 5, 6.39, 15889
1648637206, 17, 496, 779, 757, 0, 8.13%, 0, 0, 5, 5.35, 15915
1648637211, 17, 496, 782, 760, 0, 8.13%, 0, 0, 5, 5.02, 15941
1648637217, 17, 496, 783, 761, 0, 8.13%, 0, 0, 5, 5.17, 15968
1648637232, 18, 98, 783, 761, 0, 8.13%, 0, 0, 5, 6.81, 16077
1648637267, 18, 98, 784, 762, 0, 8.13%, 0, 0, 5, 5.08, 16250
1648637278, 18, 98, 785, 763, 0, 8.13%, 0, 0, 5, 4.59, 16300
1648637288, 18, 98, 786, 764, 0, 8.13%, 0, 0, 5, 4.48, 16348
1648637293, 18, 525, 786, 763, 0, 8.13%, 0, 0, 5, 3.71, 16364
1648637303, 18, 525, 787, 764, 0, 8.13%, 0, 0, 5, 5.63, 16413
1648637314, 18, 525, 788, 765, 0, 8.14%, 0, 0, 5, 7.90, 16492
1648637324, 18, 525, 789, 766, 0, 8.14%, 0, 0, 5, 5.23, 16538
1648637335, 18, 525, 790, 767, 0, 8.14%, 0, 0, 5, 4.62, 16592
1648637340, 18, 525, 791, 768, 0, 8.14%, 0, 0, 5, 3.37, 16603
1648637345, 18, 525, 792, 769, 0, 8.14%, 0, 0, 5, 3.42, 16620
1648637377, 18, 525, 793, 770, 0, 8.14%, 0, 0, 5, 2.64, 16712
1648637382, 18, 525, 795, 772, 0, 8.14%, 0, 0, 5, 2.34, 16723
1648637393, 18, 525, 796, 773, 0, 8.14%, 0, 0, 5, 2.15, 16745
1648637398, 18, 525, 797, 774, 0, 8.14%, 0, 0, 5, 2.11, 16756
1648637404, 18, 525, 799, 776, 0, 8.14%, 0, 0, 5, 2.10, 16767
1648637414, 18, 525, 800, 777, 0, 8.14%, 0, 0, 5, 2.45, 16793
1648637435, 18, 525, 801, 778, 0, 8.14%, 0, 0, 5, 6.29, 16880
1648637440, 19, 3, 801, 777, 2, 8.14%, 0, 0, 5, 5.90, 16907
1648637451, 19, 3, 803, 779, 2, 8.14%, 0, 0, 5, 4.09, 16954
1648637456, 19, 3, 805, 781, 2, 8.14%, 0, 0, 5, 3.80, 16973
1648637461, 19, 3, 806, 782, 2, 8.14%, 0, 0, 5, 4.13, 16994
1648637471, 19, 207, 806, 782, 0, 8.14%, 0, 0, 5, 5.34, 17051
1648637539, 19, 207, 807, 783, 0, 8.14%, 0, 0, 5, 3.52, 17301
1648637549, 20, 11, 807, 782, 0, 8.14%, 0, 0, 5, 8.08, 17358
1648637559, 20, 11, 808, 783, 0, 8.14%, 0, 0, 5, 6.29, 17431
1648637564, 20, 11, 810, 785, 0, 8.14%, 0, 0, 5, 4.92, 17454
1648637569, 20, 11, 812, 787, 0, 8.14%, 0, 0, 5, 4.84, 17478
1648637575, 20, 11, 813, 788, 0, 8.14%, 0, 0, 5, 5.62, 17507
1648637580, 20, 11, 814, 789, 0, 8.14%, 0, 0, 5, 5.84, 17538
1648637590, 20, 11, 815, 790, 0, 8.14%, 0, 0, 5, 5.98, 17599
1648637595, 20, 11, 816, 791, 0, 8.14%, 0, 0, 5, 5.52, 17626
1648637600, 20, 11, 817, 792, 0, 8.14%, 0, 0, 5, 5.43, 17653
1648637605, 21, 1, 817, 791, 1, 8.14%, 0, 0, 5, 5.33, 17681
1648637631, 21, 1, 818, 792, 1, 8.14%, 0, 0, 5, 4.26, 17811
1648637636, 21, 1, 819, 793, 1, 8.14%, 0, 0, 5, 3.76, 17829
1648637667, 21, 570, 819, 793, 11, 8.14%, 0, 0, 5, 4.48, 17950
1648637688, 21, 570, 820, 794, 11, 8.14%, 0, 0, 5, 4.20, 18044
1648637703, 21, 570, 821, 795, 11, 8.14%, 0, 0, 5, 4.43, 18110
1648637709, 21, 570, 822, 796, 11, 8.14%, 0, 0, 5, 3.24, 18120
1648637719, 21, 570, 823, 797, 11, 8.14%, 0, 0, 5, 2.29, 18140
1648637724, 21, 570, 824, 798, 11, 8.14%, 0, 0, 5, 2.12, 18150
1648637729, 21, 570, 825, 799, 11, 8.14%, 0, 0, 5, 2.03, 18160
1648637735, 21, 570, 826, 800, 11, 8.14%, 0, 0, 5, 1.98, 18170
1648637740, 21, 570, 827, 801, 11, 8.14%, 0, 0, 5, 2.02, 18181
1648637745, 21, 570, 828, 802, 11, 8.14%, 0, 0, 5, 1.99, 18191
1648637750, 21, 570, 829, 803, 11, 8.14%, 0, 0, 5, 1.99, 18201
1648637760, 21, 570, 830, 804, 11, 8.14%, 0, 0, 5, 2.00, 18222
1648637766, 21, 570, 831, 805, 11, 8.14%, 0, 0, 5, 2.12, 18234
1648637771, 21, 570, 832, 806, 11, 8.14%, 0, 0, 5, 2.25, 18246
1648637787, 21, 570, 833, 807, 11, 8.14%, 0, 0, 5, 2.91, 18294
1648637798, 21, 570, 834, 808, 11, 8.14%, 0, 0, 5, 2.51, 18319
1648637803, 21, 570, 835, 809, 11, 8.15%, 0, 0, 5, 2.40, 18331
1648637818, 21, 570, 836, 810, 11, 8.15%, 0, 0, 5, 2.43, 18367
1648637829, 21, 570, 837, 811, 11, 8.15%, 0, 0, 5, 2.25, 18391
1648637834, 21, 570, 838, 812, 11, 8.15%, 0, 0, 5, 2.13, 18402
1648637898, 22, 389, 838, 811, 3, 8.15%, 0, 0, 5, 2.50, 18569
1648637945, 23, 486, 838, 810, 3, 8.15%, 0, 0, 5, 3.68, 18742
1648638012, 23, 486, 839, 811, 3, 8.15%, 0, 0, 5, 3.94, 19013
1648638022, 24, 44, 839, 810, 0, 8.15%, 0, 0, 5, 3.21, 19044
1648638033, 24, 44, 841, 812, 0, 8.15%, 0, 0, 5, 3.58, 19085
1648638048, 24, 44, 842, 813, 0, 8.15%, 0, 0, 5, 2.85, 19128
1648638054, 24, 44, 843, 814, 0, 8.15%, 0, 0, 5, 2.75, 19142
1648638059, 24, 44, 844, 815, 0, 8.15%, 0, 0, 5, 2.72, 19156
1648638084, 24, 44, 845, 816, 0, 8.15%, 0, 0, 5, 3.53, 19244
1648638094, 24, 44, 846, 817, 0, 8.15%, 0, 0, 5, 2.92, 19273
1648638105, 24, 44, 847, 818, 0, 8.15%, 0, 0, 5, 2.91, 19303
1648638110, 24, 44, 848, 819, 0, 8.15%, 0, 0, 5, 3.03, 19320
1648638126, 24, 499, 848, 818, 0, 8.15%, 0, 0, 5, 3.98, 19385
1648638171, 24, 499, 850, 820, 0, 8.15%, 0, 0, 5, 4.34, 19558
1648638176, 24, 499, 853, 823, 0, 8.15%, 0, 0, 5, 4.77, 19583
1648638181, 24, 499, 855, 825, 0, 8.15%, 0, 0, 5, 4.91, 19609
1648638186, 24, 499, 857, 827, 0, 8.15%, 0, 0, 5, 3.69, 19624
1648638238, 24, 499, 858, 828, 0, 8.15%, 0, 0, 5, 2.83, 19772
1648638279, 25, 530, 858, 827, 0, 8.15%, 0, 0, 5, 2.94, 19889
1648638285, 25, 530, 859, 828, 0, 8.16%, 0, 0, 5, 3.63, 19908
1648638295, 25, 530, 860, 829, 0, 8.18%, 0, 0, 5, 4.89, 19962
1648638305, 25, 530, 861, 830, 0, 8.19%, 0, 0, 5, 4.97, 20014
1648638316, 25, 530, 862, 831, 0, 8.20%, 0, 0, 5, 4.91, 20066
1648638326, 25, 530, 863, 832, 0, 8.21%, 0, 0, 5, 4.98, 20118
1648638336, 25, 530, 864, 833, 0, 8.24%, 0, 0, 5, 5.08, 20172
1648638347, 25, 530, 865, 834, 0, 8.24%, 0, 0, 5, 3.60, 20209
1648638352, 25, 530, 866, 835, 0, 8.24%, 0, 0, 5, 2.81, 20220
1648638358, 25, 530, 867, 836, 0, 8.24%, 0, 0, 5, 2.40, 20231
1648638379, 25, 530, 868, 837, 0, 8.25%, 0, 0, 5, 2.04, 20274
1648638395, 25, 530, 869, 838, 0, 8.25%, 0, 0, 5, 2.10, 20308
1648638400, 25, 530, 870, 839, 0, 8.25%, 0, 0, 5, 2.08, 20319
1648638405, 25, 530, 871, 840, 0, 8.25%, 0, 0, 5, 2.08, 20330
1648638421, 25, 530, 873, 842, 0, 8.25%, 0, 0, 5, 3.93, 20381
1648638437, 25, 530, 874, 843, 0, 8.26%, 0, 0, 5, 4.83, 20454
1648638458, 25, 530, 875, 844, 0, 8.27%, 0, 0, 5, 4.01, 20524
1648638468, 25, 530, 876, 845, 0, 8.27%, 0, 0, 5, 4.60, 20572
1648638484, 25, 530, 877, 846, 0, 8.27%, 0, 0, 5, 2.96, 20626
1648638489, 25, 530, 878, 847, 0, 8.27%, 0, 0, 5, 2.51, 20637
1648638494, 25, 530, 879, 848, 0, 8.27%, 0, 0, 5, 2.30, 20648
1648638515, 25, 530, 880, 849, 0, 8.27%, 0, 0, 5, 2.23, 20692
1648638525, 25, 530, 881, 850, 0, 8.27%, 0, 0, 5, 2.85, 20722
1648638536, 26, 4, 881, 849, 1, 8.27%, 0, 0, 5, 4.74, 20772
1648638546, 26, 4, 882, 850, 1, 8.27%, 0, 0, 5, 5.95, 20847
1648638567, 26, 211, 882, 849, 0, 8.27%, 0, 0, 5, 4.93, 20967
1648638577, 26, 211, 883, 850, 0, 8.27%, 0, 0, 5, 3.38, 21002
1648638582, 26, 211, 884, 851, 0, 8.27%, 0, 0, 5, 3.15, 21017
1648638639, 26, 211, 885, 852, 0, 8.27%, 0, 0, 5, 3.09, 21201
1648638655, 27, 122, 885, 851, 0, 8.27%, 0, 0, 5, 3.07, 21249
1648638670, 27, 122, 886, 852, 0, 8.27%, 0, 0, 5, 3.14, 21307
1648638728, 28, 1, 886, 851, 2, 8.27%, 0, 0, 5, 3.38, 21519
1648638743, 28, 1, 887, 852, 2, 8.27%, 0, 0, 5, 5.18, 21603
1648638759, 28, 1, 888, 853, 2, 8.27%, 0, 0, 5, 2.94, 21658
1648638790, 28, 573, 888, 853, 2, 8.27%, 0, 0, 5, 3.70, 21793
1648638836, 28, 573, 889, 854, 2, 8.27%, 0, 0, 5, 2.48, 21964
1648638842, 28, 573, 890, 855, 2, 8.27%, 0, 0, 5, 2.20, 21974
1648638847, 28, 573, 891, 856, 2, 8.27%, 0, 0, 5, 2.09, 21984
1648638863, 28, 573, 892, 857, 2, 8.27%, 0, 0, 5, 2.08, 22016
1648638868, 28, 573, 893, 858, 2, 8.27%, 0, 0, 5, 2.01, 22026
1648638873, 28, 573, 894, 859, 2, 8.27%, 0, 0, 5, 1.97, 22036
1648638894, 28, 573, 895, 860, 2, 8.27%, 0, 0, 5, 2.48, 22084
1648638931, 28, 573, 896, 861, 2, 8.27%, 0, 0, 5, 2.18, 22163
1648638961, 28, 573, 897, 862, 2, 8.27%, 0, 0, 5, 2.08, 22228
1648638993, 29, 505, 897, 861, 3, 8.27%, 0, 0, 5, 2.82, 22302
1648639008, 29, 505, 898, 862, 3, 8.28%, 0, 0, 5, 6.15, 22395
1648639019, 29, 505, 899, 863, 3, 8.28%, 0, 0, 5, 6.12, 22456
1648639029, 29, 505, 900, 864, 3, 8.29%, 0, 0, 5, 5.73, 22509
1648639066, 29, 505, 901, 865, 3, 8.31%, 0, 0, 5, 3.15, 22636
1648639086, 29, 505, 902, 866, 3, 8.31%, 0, 0, 5, 4.83, 22709
1648639107, 29, 505, 903, 867, 3, 8.32%, 0, 0, 5, 4.56, 22788
1648639122, 30, 489, 903, 866, 0, 8.32%, 0, 0, 5, 3.65, 22850
1648639138, 30, 489, 904, 867, 0, 8.32%, 0, 0, 5, 3.22, 22911
1648639153, 30, 489, 905, 868, 0, 8.32%, 0, 0, 5, 3.68, 22966
1648639158, 30, 489, 906, 869, 0, 8.32%, 0, 0, 5, 3.43, 22982
1648639184, 30, 489, 907, 870, 0, 8.32%, 0, 0, 5, 3.74, 23073
1648639189, 30, 489, 908, 871, 0, 8.32%, 0, 0, 5, 3.46, 23090
1648639194, 30, 489, 910, 873, 0, 8.32%, 0, 0, 5, 3.34, 23107
1648639200, 30, 489, 911, 874, 0, 8.32%, 0, 0, 5, 3.30, 23123
1648639205, 30, 489, 912, 875, 0, 8.32%, 0, 0, 5, 3.24, 23140
1648639210, 30, 489, 913, 876, 0, 8.32%, 0, 0, 5, 3.16, 23156
1648639231, 31, 80, 913, 875, 0, 8.32%, 0, 0, 5, 4.62, 23230
1648639262, 31, 80, 914, 876, 0, 8.32%, 0, 0, 5, 4.68, 23367
1648639272, 31, 80, 915, 877, 0, 8.32%, 0, 0, 5, 4.99, 23418
1648639282, 31, 80, 917, 879, 0, 8.32%, 0, 0, 5, 3.61, 23456
1648639287, 31, 80, 918, 880, 0, 8.32%, 0, 0, 5, 3.28, 23472
1648639308, 32, 530, 918, 879, 2, 8.32%, 0, 0, 5, 3.57, 23550
1648639319, 32, 530, 919, 880, 2, 8.32%, 0, 0, 5, 2.53, 23575
1648639335, 32, 530, 920, 881, 2, 8.32%, 0, 0, 5, 2.77, 23617
1648639345, 32, 530, 921, 882, 2, 8.33%, 0, 0, 5, 3.29, 23647
1648639360, 32, 530, 922, 883, 2, 8.34%, 0, 0, 5, 4.80, 23720
1648639387, 32, 530, 923, 884, 2, 8.34%, 0, 0, 5, 2.31, 23791
1648639392, 32, 530, 924, 885, 2, 8.34%, 0, 0, 5, 2.19, 23802
1648639413, 32, 530, 925, 886, 2, 8.34%, 0, 0, 5, 3.88, 23864
1648639439, 32, 605, 925, 886, 1, 8.34%, 0, 0, 5, 2.86, 23948
1648639455, 32, 605, 926, 887, 1, 8.35%, 0, 0, 5, 4.41, 24005
1648639465, 32, 605, 927, 888, 1, 8.37%, 0, 0, 5, 4.91, 24056
1648639476, 32, 605, 928, 889, 1, 8.38%, 0, 0, 5, 4.39, 24101
1648639492, 32, 605, 929, 890, 1, 8.38%, 0, 0, 5, 4.28, 24169
1648639513, 32, 605, 930, 891, 1, 8.38%, 0, 0, 5, 4.26, 24255
1648639550, 32, 605, 931, 892, 1, 8.38%, 0, 0, 5, 4.26, 24374
1648639576, 32, 605, 932, 893, 1, 8.38%, 0, 0, 5, 2.37, 24442
1648639581, 32, 605, 933, 894, 1, 8.38%, 0, 0, 5, 2.12, 24451
1648639591, 32, 605, 934, 895, 1, 8.39%, 0, 0, 5, 2.82, 24475
1648639602, 32, 605, 935, 896, 1, 8.39%, 0, 0, 5, 3.85, 24516
1648639612, 32, 605, 936, 897, 1, 8.40%, 0, 0, 5, 4.02, 24558
1648639627, 32, 605, 937, 898, 1, 8.41%, 0, 0, 5, 4.40, 24617
1648639648, 32, 605, 938, 899, 1, 8.42%, 0, 0, 5, 3.30, 24678
1648639675, 32, 605, 939, 900, 1, 8.43%, 0, 0, 5, 2.39, 24750
1648639696, 32, 605, 940, 901, 1, 8.43%, 0, 0, 5, 2.56, 24802
1648639737, 32, 605, 941, 902, 1, 8.44%, 0, 0, 5, 3.47, 24905
1648639752, 32, 605, 942, 903, 1, 8.44%, 0, 0, 5, 2.91, 24956
1648639773, 32, 652, 942, 902, 2, 8.45%, 0, 0, 5, 2.56, 25007
1648639783, 32, 652, 943, 903, 2, 8.45%, 0, 0, 5, 3.76, 25045
1648639799, 32, 652, 944, 904, 2, 8.45%, 0, 0, 5, 3.67, 25102
1648639824, 32, 652, 945, 905, 2, 8.45%, 0, 0, 5, 3.79, 25194
1648639861, 32, 652, 946, 906, 2, 8.46%, 0, 0, 5, 2.35, 25298
1648639887, 32, 652, 947, 907, 2, 8.46%, 0, 0, 5, 2.08, 25358
1648639892, 32, 652, 948, 908, 2, 8.46%, 0, 0, 5, 2.17, 25369
1648639913, 32, 652, 949, 909, 2, 8.46%, 0, 0, 5, 2.15, 25412
1648639971, 32, 652, 950, 910, 2, 8.46%, 0, 0, 5, 1.88, 25532
1648639981, 32, 652, 951, 911, 2, 8.46%, 0, 0, 5, 1.86, 25551
1648639992, 32, 652, 952, 912, 2, 8.46%, 0, 0, 5, 1.91, 25571
1648640018, 32, 652, 953, 913, 2, 8.46%, 0, 0, 5, 2.48, 25627
1648640038, 32, 652, 954, 914, 2, 8.46%, 0, 0, 5, 3.27, 25684
1648640049, 33, 240, 954, 913, 1, 8.47%, 0, 0, 5, 3.42, 25720
1648640059, 33, 240, 955, 914, 1, 8.47%, 0, 0, 5, 5.68, 25776
1648640064, 33, 240, 956, 915, 1, 8.47%, 0, 0, 5, 4.01, 25791
1648640069, 33, 240, 957, 916, 1, 8.47%, 0, 0, 5, 3.22, 25805
1648640080, 33, 240, 958, 917, 1, 8.47%, 0, 0, 5, 3.57, 25844
1648640090, 33, 240, 959, 918, 1, 8.47%, 0, 0, 5, 3.11, 25875
1648640137, 33, 240, 960, 919, 1, 8.47%, 0, 0, 5, 3.21, 26044
1648640142, 33, 659, 960, 918, 7, 8.47%, 0, 0, 5, 3.01, 26058
1648640147, 33, 659, 961, 919, 7, 8.47%, 0, 0, 5, 4.07, 26079
1648640157, 33, 659, 962, 920, 7, 8.48%, 0, 0, 5, 4.80, 26129
1648640168, 33, 659, 963, 921, 7, 8.49%, 0, 0, 5, 4.57, 26176
1648640189, 33, 659, 964, 922, 7, 8.50%, 0, 0, 5, 4.73, 26270
1648640204, 33, 659, 966, 924, 7, 8.51%, 0, 0, 5, 3.56, 26330
1648640235, 33, 659, 967, 925, 7, 8.51%, 0, 0, 5, 2.70, 26435
1648640240, 33, 659, 968, 926, 7, 8.51%, 0, 0, 5, 2.43, 26446
1648640251, 33, 659, 969, 927, 7, 8.51%, 0, 0, 5, 2.99, 26475
1648640297, 33, 659, 970, 928, 7, 8.51%, 0, 0, 5, 2.92, 26613
1648640303, 33, 659, 971, 929, 7, 8.51%, 0, 0, 5, 2.80, 26626
1648640308, 33, 659, 973, 931, 7, 8.51%, 0, 0, 5, 2.87, 26641
1648640323, 33, 659, 974, 932, 7, 8.52%, 0, 0, 5, 3.03, 26689
1648640328, 33, 659, 976, 934, 7, 8.52%, 0, 0, 5, 2.99, 26704
1648640344, 33, 659, 977, 935, 7, 8.52%, 0, 0, 5, 2.90, 26749
1648640349, 33, 659, 978, 936, 7, 8.52%, 0, 0, 5, 2.90, 26764
1648640375, 34, 660, 978, 935, 0, 8.52%, 0, 0, 5, 3.04, 26837
1648640390, 34, 660, 979, 936, 0, 8.52%, 0, 0, 5, 4.71, 26907
1648640406, 34, 660, 980, 937, 0, 8.53%, 0, 0, 5, 4.75, 26976
1648640422, 34, 660, 981, 938, 0, 8.53%, 0, 0, 5, 3.45, 27035
1648640437, 34, 660, 982, 939, 0, 8.54%, 0, 0, 5, 3.15, 27081
1648640489, 34, 660, 983, 940, 0, 8.54%, 0, 0, 5, 3.88, 27246
1648640520, 35, 657, 983, 939, 5, 8.55%, 0, 0, 5, 3.14, 27340
1648640536, 35, 657, 984, 940, 5, 8.55%, 0, 0, 5, 3.04, 27389
1648640551, 35, 657, 985, 941, 5, 8.55%, 0, 0, 5, 2.45, 27427
1648640556, 35, 657, 986, 942, 5, 8.55%, 0, 0, 5, 2.48, 27440
1648640577, 35, 657, 987, 943, 5, 8.56%, 0, 0, 5, 2.50, 27495
1648640587, 35, 657, 988, 944, 5, 8.56%, 0, 0, 5, 2.45, 27520
1648640618, 35, 657, 989, 945, 5, 8.56%, 0, 0, 5, 2.69, 27608
1648640634, 35, 657, 990, 946, 5, 8.56%, 0, 0, 5, 3.82, 27656
1648640644, 36, 608, 990, 945, 2, 8.56%, 0, 0, 5, 3.50, 27690
1648640680, 36, 608, 991, 946, 2, 8.56%, 0, 0, 5, 3.02, 27798
1648640716, 36, 608, 992, 947, 2, 8.56%, 0, 0, 5, 3.34, 27912
1648640721, 36, 608, 993, 948, 2, 8.56%, 0, 0, 5, 2.93, 27926
1648640727, 36, 608, 994, 949, 2, 8.56%, 0, 0, 5, 2.71, 27940
1648640732, 36, 608, 996, 951, 2, 8.56%, 0, 0, 5, 2.70, 27954
1648640737, 36, 608, 997, 952, 2, 8.56%, 0, 0, 5, 2.70, 27968
1648640742, 36, 608, 998, 953, 2, 8.56%, 0, 0, 5, 2.71, 27982
1648640748, 36, 608, 999, 954, 2, 8.56%, 0, 0, 5, 3.02, 27999
1648640789, 36, 608, 1000, 955, 2, 8.56%, 0, 0, 5, 3.11, 28142
1648640805, 36, 742, 1000, 954, 2, 8.56%, 0, 0, 5, 3.55, 28196
1648640810, 36, 742, 1001, 955, 2, 8.56%, 0, 0, 5, 5.37, 28225
1648640821, 36, 742, 1002, 956, 2, 8.57%, 0, 0, 5, 7.28, 28301
1648640826, 36, 742, 1003, 957, 2, 8.58%, 0, 0, 5, 6.95, 28334
1648640836, 36, 742, 1004, 958, 2, 8.59%, 0, 0, 5, 7.31, 28406
1648640841, 36, 742, 1005, 959, 2, 8.59%, 0, 0, 5, 7.43, 28444
1648640846, 36, 742, 1006, 960, 2, 8.61%, 0, 0, 5, 7.18, 28481
1648640856, 36, 742, 1007, 961, 2, 8.63%, 0, 0, 5, 7.43, 28557
1648640862, 36, 742, 1008, 962, 2, 8.63%, 0, 0, 5, 6.90, 28588
1648640893, 36, 742, 1009, 963, 2, 8.64%, 0, 0, 5, 2.65, 28693
1648640899, 36, 742, 1010, 964, 2, 8.65%, 0, 0, 5, 2.38, 28704
1648640904, 36, 742, 1011, 965, 2, 8.65%, 0, 0, 5, 2.26, 28715
1648640909, 36, 742, 1012, 966, 2, 8.65%, 0, 0, 5, 2.18, 28726
1648640940, 36, 742, 1013, 967, 2, 8.65%, 0, 0, 5, 2.70, 28818
1648640950, 36, 742, 1014, 968, 2, 8.65%, 0, 0, 5, 6.01, 28867
1648640960, 36, 742, 1015, 969, 2, 8.65%, 0, 0, 5, 3.21, 28893
1648640976, 37, 289, 1015, 968, 2, 8.65%, 0, 0, 5, 3.71, 28938
1648641018, 37, 289, 1016, 969, 2, 8.65%, 0, 0, 5, 3.18, 29125
1648641048, 38, 195, 1016, 968, 2, 8.65%, 0, 0, 5, 3.92, 29237
1648641115, 38, 557, 1016, 967, 2, 8.65%, 0, 0, 5, 3.66, 29503
1648641136, 38, 557, 1017, 968, 2, 8.65%, 0, 0, 5, 4.41, 29632
1648641167, 38, 723, 1017, 967, 6, 8.65%, 0, 0, 5, 4.90, 29752
1648641177, 38, 723, 1018, 968, 6, 8.65%, 0, 0, 5, 5.82, 29812
1648641208, 38, 723, 1019, 969, 6, 8.66%, 0, 0, 5, 4.50, 29984
1648641223, 38, 723, 1020, 970, 6, 8.66%, 0, 0, 5, 3.47, 30038
1648641244, 38, 723, 1021, 971, 6, 8.66%, 0, 0, 5, 3.82, 30117
1648641265, 38, 723, 1022, 972, 6, 8.67%, 0, 0, 5, 3.41, 30187
1648641280, 38, 723, 1023, 973, 6, 8.67%, 0, 0, 5, 4.17, 30248
1648641306, 38, 723, 1024, 974, 6, 8.67%, 0, 0, 5, 3.26, 30344
1648641322, 38, 723, 1025, 975, 6, 8.67%, 0, 0, 5, 3.51, 30397
1648641332, 38, 723, 1026, 976, 6, 8.68%, 0, 0, 5, 5.04, 30446
1648641348, 38, 723, 1027, 977, 6, 8.68%, 0, 0, 5, 3.52, 30510
1648641353, 38, 723, 1028, 978, 6, 8.68%, 0, 0, 5, 3.29, 30526
1648641358, 38, 723, 1029, 979, 6, 8.68%, 0, 0, 5, 3.31, 30543
1648641368, 38, 723, 1030, 980, 6, 8.68%, 0, 0, 5, 4.57, 30589
1648641384, 38, 723, 1031, 981, 6, 8.68%, 0, 0, 5, 3.57, 30649
1648641405, 39, 639, 1031, 980, 6, 8.68%, 0, 0, 5, 2.84, 30715
1648641490, 39, 639, 1034, 983, 6, 8.68%, 0, 0, 5, 3.68, 30895
1648641522, 39, 639, 1035, 984, 6, 8.68%, 0, 0, 5, 1.83, 30961
1648641558, 40, 1, 1035, 983, 1, 8.68%, 0, 0, 5, 2.52, 31032
1648641579, 40, 1, 1036, 984, 1, 8.68%, 0, 0, 5, 5.09, 31138
1648641615, 40, 232, 1036, 984, 1, 8.68%, 0, 0, 5, 3.79, 31301
1648641698, 40, 232, 1037, 985, 1, 8.68%, 0, 0, 5, 2.55, 31585
1648641703, 41, 261, 1037, 984, 1, 8.68%, 0, 0, 5, 2.87, 31599
1648641765, 41, 261, 1038, 985, 1, 8.68%, 0, 0, 5, 2.80, 31797
1648641801, 41, 668, 1038, 984, 10, 8.68%, 0, 0, 5, 3.17, 31904
1648641822, 41, 668, 1039, 985, 10, 8.69%, 0, 0, 5, 4.64, 31993
1648641921, 41, 781, 1039, 984, 10, 8.69%, 0, 0, 5, 2.73, 32273
1648641926, 41, 781, 1040, 985, 10, 8.70%, 0, 0, 6, 8.55, 32320
1648641932, 41, 781, 1042, 987, 10, 8.71%, 0, 0, 6, 11.41, 32383
1648641937, 41, 781, 1043, 988, 10, 8.73%, 0, 0, 6, 12.23, 32446
1648641942, 41, 781, 1044, 989, 10, 8.75%, 0, 0, 6, 11.83, 32505
1648641947, 41, 781, 1046, 991, 10, 8.78%, 0, 0, 6, 12.32, 32568
1648641952, 41, 781, 1047, 992, 10, 8.79%, 0, 0, 6, 12.17, 32630
1648641957, 41, 781, 1049, 994, 10, 8.81%, 0, 0, 6, 12.40, 32693
1648641962, 41, 781, 1050, 995, 10, 8.82%, 0, 0, 6, 12.51, 32756
1648641967, 41, 781, 1051, 996, 10, 8.82%, 0, 0, 6, 12.60, 32819
1648641972, 41, 781, 1052, 997, 10, 8.83%, 0, 0, 6, 12.35, 32881
1648641977, 41, 781, 1053, 998, 10, 8.84%, 0, 0, 6, 12.34, 32944
1648641982, 41, 781, 1054, 999, 10, 8.85%, 0, 0, 6, 12.34, 33006
1648641988, 41, 781, 1055, 1000, 10, 8.86%, 0, 0, 6, 11.84, 33065
1648641993, 41, 781, 1056, 1001, 10, 8.87%, 0, 0, 6, 11.95, 33126
1648641998, 41, 781, 1058, 1003, 10, 8.88%, 0, 0, 6, 12.30, 33189
1648642003, 41, 781, 1059, 1004, 10, 8.89%, 0, 0, 6, 12.41, 33252
1648642013, 41, 781, 1060, 1005, 10, 8.89%, 0, 0, 6, 6.05, 33314
1648642034, 41, 781, 1061, 1006, 10, 8.90%, 0, 0, 6, 8.87, 33439
1648642039, 41, 781, 1062, 1007, 10, 8.90%, 0, 0, 6, 5.80, 33465
1648642045, 41, 781, 1063, 1008, 10, 8.90%, 0, 0, 6, 4.54, 33484
1648642055, 41, 781, 1064, 1009, 10, 8.91%, 0, 0, 6, 7.99, 33552
1648642065, 41, 781, 1065, 1010, 10, 8.92%, 0, 0, 6, 7.67, 33606
1648642071, 41, 781, 1066, 1011, 10, 8.93%, 0, 0, 6, 10.62, 33668
1648642076, 41, 781, 1067, 1012, 10, 8.93%, 0, 0, 6, 6.32, 33689
1648642081, 41, 781, 1068, 1013, 10, 8.93%, 0, 0, 6, 4.21, 33704
1648642096, 41, 781, 1069, 1014, 10, 8.93%, 0, 0, 6, 2.91, 33748
1648642102, 41, 781, 1070, 1015, 10, 8.93%, 0, 0, 6, 2.97, 33764
1648642112, 41, 781, 1071, 1016, 10, 8.94%, 0, 0, 6, 8.21, 33836
1648642117, 41, 781, 1072, 1017, 10, 8.94%, 0, 0, 6, 9.13, 33875
1648642122, 41, 781, 1073, 1018, 10, 8.95%, 0, 0, 6, 8.25, 33914
1648642128, 41, 781, 1074, 1019, 10, 8.96%, 0, 0, 6, 12.02, 33980
1648642133, 41, 781, 1076, 1021, 10, 8.97%, 0, 0, 6, 11.53, 34036
1648642143, 41, 781, 1077, 1022, 10, 8.98%, 0, 0, 6, 5.46, 34100
1648642148, 41, 781, 1078, 1023, 10, 8.98%, 0, 0, 6, 3.88, 34114
1648642159, 41, 781, 1079, 1024, 10, 8.98%, 0, 0, 6, 7.13, 34165
1648642169, 41, 781, 1080, 1025, 10, 8.99%, 0, 0, 6, 9.34, 34243
1648642174, 42, 724, 1080, 1024, 10, 8.99%, 0, 0, 6, 5.74, 34264
1648642200, 42, 724, 1081, 1025, 10, 9.00%, 0, 0, 6, 5.69, 34411
1648642210, 42, 724, 1082, 1026, 10, 9.00%, 0, 0, 6, 5.79, 34471
1648642221, 42, 724, 1083, 1027, 10, 9.00%, 0, 0, 6, 5.79, 34531
1648642288, 42, 724, 1084, 1028, 10, 9.00%, 0, 0, 6, 4.38, 34804
1648642329, 42, 724, 1085, 1029, 10, 9.00%, 0, 0, 6, 3.94, 34963
1648642334, 43, 607, 1085, 1028, 7, 9.00%, 0, 0, 6, 4.24, 34985
1648642339, 43, 607, 1086, 1029, 7, 9.00%, 0, 0, 6, 4.82, 35011
1648642385, 43, 607, 1087, 1030, 7, 9.00%, 0, 0, 6, 4.58, 35245
1648642390, 43, 607, 1088, 1031, 7, 9.00%, 0, 0, 6, 4.74, 35270
1648642406, 43, 607, 1089, 1032, 7, 9.00%, 0, 0, 6, 3.18, 35322
1648642442, 43, 607, 1090, 1033, 7, 9.01%, 0, 0, 6, 3.57, 35459
1648642462, 43, 607, 1091, 1034, 7, 9.01%, 0, 0, 6, 3.09, 35520
1648642468, 43, 607, 1092, 1035, 7, 9.01%, 0, 0, 6, 3.05, 35536
1648642499, 43, 607, 1093, 1036, 7, 9.01%, 0, 0, 6, 3.35, 35641
1648642514, 43, 607, 1094, 1037, 7, 9.01%, 0, 0, 6, 4.25, 35698
1648642545, 43, 790, 1094, 1036, 10, 9.01%, 0, 0, 6, 3.15, 35824
1648642619, 43, 790, 1096, 1038, 10, 9.01%, 0, 0, 6, 3.25, 36078
1648642681, 43, 790, 1097, 1039, 10, 9.02%, 0, 0, 6, 3.14, 36260
1648642691, 43, 790, 1098, 1040, 10, 9.02%, 0, 0, 6, 3.19, 36294
1648642702, 44, 6, 1098, 1039, 1, 9.02%, 0, 0, 6, 5.68, 36341
1648642707, 44, 6, 1099, 1040, 1, 9.02%, 0, 0, 6, 4.39, 36361
1648642743, 44, 727, 1099, 1039, 9, 9.02%, 0, 0, 6, 4.41, 36517
1648642758, 44, 727, 1100, 1040, 9, 9.02%, 0, 0, 6, 3.70, 36574
1648642846, 44, 727, 1101, 1041, 9, 9.02%, 0, 0, 6, 2.75, 36870
1648642877, 44, 727, 1102, 1042, 9, 9.02%, 0, 0, 6, 2.94, 36954
1648642882, 44, 727, 1103, 1043, 9, 9.02%, 0, 0, 6, 3.20, 36971
1648642887, 44, 727, 1104, 1044, 9, 9.02%, 0, 0, 6, 3.28, 36988
1648642892, 44, 727, 1105, 1045, 9, 9.02%, 0, 0, 6, 2.95, 37002
1648642913, 44, 727, 1106, 1046, 9, 9.03%, 0, 0, 6, 2.07, 37055
1648642918, 44, 727, 1107, 1047, 9, 9.03%, 0, 0, 6, 2.13, 37066
1648642923, 44, 727, 1107, 1047, 9, 9.03%, 0, 1, 6, 2.14, 37075
1648642959, 44, 727, 1108, 1048, 9, 9.03%, 0, 1, 6, 2.60, 37181
1648642995, 44, 909, 1108, 1047, 24, 9.03%, 0, 1, 6, 3.39, 37287
1648643006, 44, 909, 1109, 1048, 24, 9.03%, 0, 1, 6, 2.62, 37313
1648643021, 44, 909, 1110, 1049, 24, 9.03%, 0, 1, 6, 2.41, 37351
1648643115, 45, 681, 1110, 1048, 0, 9.03%, 0, 1, 6, 3.14, 37637
1648643203, 45, 750, 1110, 1047, 0, 9.03%, 0, 1, 6, 3.54, 37972
1648643234, 45, 750, 1111, 1048, 0, 9.03%, 0, 1, 6, 4.59, 38126
1648643312, 45, 750, 1112, 1049, 0, 9.03%, 0, 1, 6, 2.73, 38335
1648643328, 45, 750, 1113, 1050, 0, 9.03%, 0, 1, 6, 3.75, 38386
1648643344, 46, 727, 1113, 1049, 0, 9.03%, 0, 1, 6, 3.45, 38435
1648643354, 46, 727, 1114, 1050, 0, 9.03%, 0, 1, 6, 4.64, 38482
1648643384, 46, 727, 1115, 1051, 0, 9.03%, 0, 1, 6, 4.71, 38626
1648643503, 47, 751, 1115, 1051, 0, 9.03%, 0, 1, 6, 3.50, 39092
1648643598, 47, 751, 1116, 1052, 0, 9.03%, 0, 1, 6, 1.92, 39363
1648643641, 47, 751, 1117, 1053, 0, 9.03%, 0, 1, 6, 2.44, 39462
1648643667, 47, 751, 1118, 1054, 0, 9.03%, 0, 1, 6, 2.69, 39524
1648643678, 48, 747, 1118, 1053, 1, 9.03%, 0, 1, 6, 2.60, 39550
1648643719, 48, 747, 1119, 1054, 1, 9.04%, 0, 1, 6, 4.28, 39708
1648643724, 48, 747, 1120, 1055, 1, 9.04%, 0, 1, 6, 4.77, 39735
1648643740, 48, 747, 1121, 1056, 1, 9.05%, 0, 1, 6, 4.43, 39807
1648643792, 48, 747, 1122, 1057, 1, 9.05%, 0, 1, 6, 2.58, 39964
1648643802, 49, 1, 1122, 1056, 1, 9.05%, 0, 1, 6, 4.30, 40001
1648643818, 49, 1, 1123, 1057, 1, 9.05%, 0, 1, 6, 4.49, 40070
1648643828, 49, 1, 1125, 1059, 1, 9.05%, 0, 1, 6, 4.08, 40113
1648643838, 49, 1, 1126, 1060, 1, 9.05%, 0, 1, 6, 4.01, 40158
1648643875, 49, 757, 1127, 1061, 3, 9.05%, 0, 1, 6, 4.44, 40324
1648643915, 49, 757, 1128, 1062, 3, 9.05%, 0, 1, 6, 3.75, 40519
1648643931, 49, 757, 1129, 1063, 3, 9.06%, 0, 1, 6, 3.71, 40577
1648643957, 49, 757, 1130, 1064, 3, 9.06%, 0, 1, 6, 5.64, 40682
1648643967, 49, 757, 1131, 1065, 3, 9.06%, 0, 1, 6, 4.26, 40733
1648643982, 49, 757, 1133, 1067, 3, 9.06%, 0, 1, 6, 4.83, 40797
1648643993, 49, 757, 1134, 1068, 3, 9.07%, 0, 1, 6, 4.67, 40851
1648644003, 49, 757, 1135, 1069, 3, 9.07%, 0, 1, 6, 4.25, 40895
1648644019, 49, 757, 1136, 1070, 3, 9.07%, 0, 1, 6, 4.20, 40961
1648644029, 50, 729, 1136, 1069, 11, 9.07%, 0, 1, 6, 4.48, 41005
1648644102, 50, 729, 1137, 1070, 11, 9.07%, 0, 1, 6, 3.84, 41305
1648644112, 50, 729, 1138, 1071, 11, 9.07%, 0, 1, 6, 3.47, 41342
1648644163, 50, 729, 1139, 1072, 11, 9.07%, 0, 1, 6, 3.22, 41518
1648644173, 50, 729, 1140, 1073, 11, 9.07%, 0, 1, 6, 2.68, 41544
1648644184, 50, 729, 1141, 1074, 11, 9.07%, 0, 1, 6, 3.18, 41574
1648644204, 50, 729, 1142, 1075, 11, 9.08%, 0, 1, 6, 4.36, 41652
1648644225, 51, 10, 1142, 1074, 2, 9.08%, 0, 1, 6, 9.95, 41761
1648644251, 51, 1031, 1142, 1073, 1, 9.08%, 0, 1, 6, 4.35, 41908
1648644308, 51, 1031, 1143, 1074, 1, 9.08%, 0, 1, 6, 3.19, 42104
1648644313, 51, 1031, 1144, 1075, 1, 9.08%, 0, 1, 6, 2.91, 42118
1648644324, 51, 1031, 1145, 1076, 1, 9.08%, 0, 1, 6, 2.85, 42148
1648644329, 51, 1031, 1146, 1077, 1, 9.08%, 0, 1, 6, 2.60, 42160
1648644334, 51, 1031, 1147, 1078, 1, 9.08%, 0, 1, 6, 2.49, 42173
1648644339, 51, 1031, 1148, 1079, 1, 9.08%, 0, 1, 6, 2.48, 42186
1648644345, 51, 1031, 1149, 1080, 1, 9.08%, 0, 1, 6, 2.71, 42200
1648644360, 51, 1031, 1150, 1081, 1, 9.08%, 0, 1, 6, 3.51, 42254
1648644381, 51, 1031, 1151, 1082, 1, 9.08%, 0, 1, 6, 2.96, 42313
1648644422, 51, 1031, 1152, 1083, 1, 9.08%, 0, 1, 6, 3.12, 42455
1648644428, 51, 1031, 1153, 1084, 1, 9.08%, 0, 1, 6, 3.55, 42473
1648644438, 51, 1031, 1154, 1085, 1, 9.08%, 0, 1, 6, 2.80, 42502
1648644454, 51, 1031, 1155, 1086, 1, 9.08%, 0, 1, 6, 2.75, 42543
1648644464, 52, 925, 1155, 1085, 10, 9.08%, 0, 1, 6, 3.15, 42575
1648644598, 52, 925, 1156, 1086, 10, 9.08%, 0, 1, 6, 3.71, 43093
1648644608, 52, 925, 1157, 1087, 10, 9.08%, 0, 1, 6, 3.29, 43127
1648644613, 52, 925, 1158, 1088, 10, 9.08%, 0, 1, 6, 3.13, 43142
1648644624, 53, 789, 1158, 1087, 9, 9.08%, 0, 1, 6, 3.35, 43177
1648644649, 53, 789, 1159, 1088, 9, 9.08%, 0, 1, 6, 2.99, 43252
1648644717, 53, 789, 1160, 1089, 9, 9.08%, 0, 1, 6, 2.24, 43425
1648644784, 53, 789, 1161, 1090, 9, 9.08%, 0, 1, 6, 1.78, 43568
1648644847, 54, 349, 1161, 1089, 2, 9.08%, 0, 1, 6, 2.68, 43704
1648644951, 54, 655, 1161, 1088, 2, 9.08%, 0, 1, 6, 2.49, 43990
1648645076, 54, 859, 1161, 1087, 2, 9.08%, 0, 1, 6, 2.99, 44301
1648645231, 55, 544, 1161, 1086, 1, 9.08%, 0, 1, 6, 3.56, 44871
1648645257, 55, 544, 1162, 1087, 1, 9.08%, 0, 1, 6, 3.49, 44962
1648645335, 55, 544, 1163, 1088, 1, 9.08%, 0, 1, 6, 3.46, 45226
1648645345, 55, 544, 1164, 1089, 1, 9.08%, 0, 1, 6, 2.72, 45253
1648645423, 56, 2, 1164, 1088, 2, 9.08%, 0, 1, 6, 4.54, 45483
1648645454, 56, 2, 1165, 1089, 2, 9.08%, 0, 1, 6, 4.00, 45627
1648645464, 56, 2, 1166, 1090, 2, 9.08%, 0, 1, 6, 4.49, 45675
1648645469, 56, 2, 1167, 1091, 2, 9.08%, 0, 1, 6, 3.78, 45693
1648645485, 56, 860, 1167, 1091, 6, 9.08%, 0, 1, 6, 4.16, 45759
1648645495, 56, 860, 1168, 1092, 6, 9.08%, 0, 1, 6, 5.16, 45813
1648645511, 56, 860, 1169, 1093, 6, 9.09%, 0, 1, 6, 5.42, 45897
1648645526, 56, 860, 1170, 1094, 6, 9.09%, 0, 1, 6, 5.37, 45980
1648645573, 56, 860, 1171, 1095, 6, 9.09%, 0, 1, 6, 3.27, 46148
1648645593, 56, 860, 1172, 1096, 6, 9.10%, 0, 1, 6, 3.52, 46221
1648645604, 56, 860, 1173, 1097, 6, 9.10%, 0, 1, 6, 3.81, 46258
1648645614, 56, 860, 1174, 1098, 6, 9.10%, 0, 1, 6, 4.28, 46302
1648645629, 56, 860, 1175, 1099, 6, 9.10%, 0, 1, 6, 3.60, 46364
1648645703, 56, 1034, 1175, 1098, 10, 9.10%, 0, 1, 6, 3.05, 46589
1648645806, 56, 1034, 1176, 1099, 10, 9.10%, 0, 1, 6, 1.61, 46770
1648645811, 56, 1034, 1177, 1100, 10, 9.10%, 0, 1, 6, 1.48, 46777
1648645843, 56, 1034, 1178, 1101, 10, 9.10%, 0, 1, 6, 1.38, 46819
1648645896, 56, 1034, 1179, 1102, 10, 9.10%, 0, 1, 6, 3.26, 46917
1648645918, 56, 1103, 1179, 1101, 10, 9.10%, 0, 1, 6, 2.92, 46971
1648645923, 56, 1103, 1180, 1102, 10, 9.10%, 0, 1, 6, 3.12, 46988
1648645938, 56, 1103, 1181, 1103, 10, 9.10%, 0, 1, 6, 3.35, 47039
1648645954, 56, 1103, 1182, 1104, 10, 9.11%, 0, 1, 6, 3.45, 47093
1648645964, 56, 1103, 1183, 1105, 10, 9.11%, 0, 1, 6, 3.47, 47129
1648645980, 56, 1103, 1184, 1106, 10, 9.11%, 0, 1, 6, 3.31, 47182
1648646005, 56, 1103, 1185, 1107, 10, 9.11%, 0, 1, 6, 3.07, 47268
1648646016, 56, 1103, 1186, 1108, 10, 9.11%, 0, 1, 6, 2.74, 47296
1648646052, 56, 1103, 1187, 1109, 10, 9.11%, 0, 1, 6, 2.54, 47394
1648646078, 56, 1103, 1188, 1110, 10, 9.12%, 0, 1, 6, 3.21, 47466
1648646099, 56, 1103, 1189, 1111, 10, 9.12%, 0, 1, 6, 2.69, 47528
1648646130, 57, 1042, 1190, 1111, 1, 9.12%, 0, 1, 7, 7.72, 47638
1648646135, 57, 1042, 1191, 1112, 1, 9.13%, 0, 1, 7, 12.76, 47711
1648646140, 57, 1042, 1192, 1113, 1, 9.14%, 0, 1, 7, 13.04, 47777
1648646145, 57, 1042, 1194, 1115, 1, 9.14%, 0, 1, 7, 13.66, 47846
1648646151, 57, 1042, 1195, 1116, 1, 9.16%, 0, 1, 7, 13.51, 47914
1648646156, 57, 1042, 1196, 1117, 1, 9.16%, 0, 1, 7, 14.12, 47989
1648646161, 57, 1042, 1198, 1119, 1, 9.17%, 0, 1, 7, 13.16, 48055
1648646166, 57, 1042, 1200, 1121, 1, 9.17%, 0, 1, 7, 13.85, 48126
1648646171, 57, 1042, 1201, 1122, 1, 9.18%, 0, 1, 7, 13.70, 48196
1648646176, 57, 1042, 1202, 1123, 1, 9.19%, 0, 1, 7, 13.79, 48265
1648646181, 57, 1042, 1203, 1124, 1, 9.19%, 0, 1, 7, 13.56, 48335
1648646187, 57, 1042, 1204, 1125, 1, 9.20%, 0, 1, 7, 13.36, 48403
1648646192, 57, 1042, 1206, 1127, 1, 9.21%, 0, 1, 7, 13.32, 48469
1648646197, 57, 1042, 1207, 1128, 1, 9.21%, 0, 1, 7, 13.73, 48541
1648646202, 57, 1042, 1208, 1129, 1, 9.21%, 0, 1, 7, 13.76, 48611
1648646207, 57, 1042, 1209, 1130, 1, 9.21%, 0, 1, 7, 13.76, 48680
1648646212, 57, 1042, 1210, 1131, 1, 9.22%, 0, 1, 7, 13.31, 48749
1648646217, 57, 1042, 1211, 1132, 1, 9.23%, 0, 1, 7, 11.56, 48807
1648646233, 57, 1042, 1212, 1133, 1, 9.24%, 0, 1, 7, 9.69, 48917
1648646248, 57, 1042, 1213, 1134, 1, 9.24%, 0, 1, 7, 7.54, 49022
1648646253, 57, 1042, 1214, 1135, 1, 9.24%, 0, 1, 7, 11.24, 49080
1648646264, 57, 1042, 1215, 1136, 1, 9.24%, 0, 1, 7, 5.50, 49137
1648646269, 57, 1042, 1217, 1138, 1, 9.25%, 0, 1, 7, 9.75, 49185
1648646280, 57, 1042, 1218, 1139, 1, 9.25%, 0, 1, 7, 6.64, 49253
1648646305, 57, 1042, 1219, 1140, 1, 9.25%, 0, 1, 7, 7.89, 49409
1648646316, 57, 1042, 1220, 1141, 1, 9.26%, 0, 1, 7, 10.12, 49511
1648646321, 57, 1042, 1221, 1142, 1, 9.27%, 0, 1, 7, 11.00, 49569
1648646336, 57, 1042, 1222, 1143, 1, 9.27%, 0, 1, 7, 8.86, 49677
1648646341, 57, 1042, 1223, 1144, 1, 9.27%, 0, 1, 7, 12.28, 49743
1648646346, 57, 1042, 1224, 1145, 1, 9.27%, 0, 1, 7, 8.54, 49777
1648646352, 57, 1042, 1225, 1146, 1, 9.28%, 0, 1, 7, 6.78, 49807
1648646363, 58, 947, 1225, 1145, 22, 9.28%, 0, 1, 7, 5.13, 49857
1648646378, 58, 947, 1226, 1146, 22, 9.28%, 0, 1, 7, 3.19, 49903
1648646531, 58, 947, 1227, 1147, 22, 9.28%, 0, 1, 7, 1.65, 50206
1648646551, 59, 705, 1227, 1146, 2, 9.28%, 0, 1, 7, 2.15, 50243
1648646556, 59, 705, 1228, 1147, 2, 9.28%, 0, 1, 7, 11.04, 50281
1648646593, 59, 705, 1229, 1148, 2, 9.29%, 0, 1, 7, 6.87, 50471
1648646598, 59, 705, 1230, 1149, 2, 9.29%, 0, 1, 7, 6.02, 50500
1648646614, 59, 705, 1231, 1150, 2, 9.29%, 0, 1, 7, 3.15, 50551
1648646660, 60, 112, 1231, 1149, 2, 9.29%, 0, 1, 7, 4.19, 50720
1648646738, 60, 915, 1231, 1148, 2, 9.29%, 0, 1, 7, 3.06, 50972
1648646748, 60, 915, 1232, 1149, 2, 9.29%, 0, 1, 7, 6.35, 51030
1648646763, 60, 915, 1233, 1150, 2, 9.29%, 0, 1, 7, 3.80, 51100
1648646820, 60, 915, 1234, 1151, 2, 9.30%, 0, 1, 7, 5.54, 51278
1648646825, 60, 915, 1235, 1152, 2, 9.30%, 0, 1, 7, 5.68, 51306
1648646851, 60, 953, 1235, 1151, 1, 9.30%, 0, 1, 7, 3.23, 51383
1648646877, 60, 953, 1236, 1152, 1, 9.30%, 0, 1, 7, 3.21, 51466
1648646882, 60, 953, 1237, 1153, 1, 9.30%, 0, 1, 7, 3.14, 51482
1648646985, 60, 953, 1238, 1154, 1, 9.30%, 0, 1, 7, 2.49, 51810
1648646990, 60, 953, 1239, 1155, 1, 9.30%, 0, 1, 7, 2.36, 51822
1648647001, 60, 953, 1240, 1156, 1, 9.30%, 0, 1, 7, 2.89, 51849
1648647052, 60, 1125, 1240, 1155, 13, 9.30%, 0, 1, 7, 5.88, 52023
1648647062, 60, 1125, 1241, 1156, 13, 9.30%, 0, 1, 7, 6.56, 52104
1648647068, 60, 1125, 1243, 1158, 13, 9.30%, 0, 1, 7, 4.59, 52124
1648647073, 60, 1125, 1245, 1160, 13, 9.30%, 0, 1, 7, 4.09, 52144
1648647088, 60, 1125, 1246, 1161, 13, 9.30%, 0, 1, 7, 4.44, 52216
1648647119, 60, 1125, 1247, 1162, 13, 9.30%, 0, 1, 7, 4.15, 52357
1648647124, 60, 1125, 1248, 1163, 13, 9.30%, 0, 1, 7, 3.77, 52376
1648647129, 60, 1125, 1250, 1165, 13, 9.30%, 0, 1, 7, 3.63, 52394
1648647134, 61, 771, 1250, 1164, 2, 9.30%, 0, 1, 7, 3.84, 52414
1648647140, 61, 771, 1251, 1165, 2, 9.30%, 0, 1, 7, 4.50, 52437
1648647161, 61, 771, 1252, 1166, 2, 9.31%, 0, 1, 7, 5.80, 52559
1648647176, 61, 771, 1253, 1167, 2, 9.31%, 0, 1, 7, 5.41, 52637
1648647192, 61, 771, 1254, 1168, 2, 9.31%, 0, 1, 7, 3.41, 52689
1648647234, 61, 771, 1255, 1169, 2, 9.31%, 0, 1, 7, 2.73, 52825
1648647255, 61, 771, 1256, 1170, 2, 9.31%, 0, 1, 7, 3.07, 52889
1648647271, 61, 983, 1256, 1169, 22, 9.32%, 0, 1, 7, 3.75, 52960
1648647385, 61, 983, 1257, 1170, 22, 9.32%, 0, 1, 7, 2.11, 53230
1648647473, 62, 2, 1257, 1169, 3, 9.32%, 0, 1, 7, 4.66, 53431
1648647531, 62, 2, 1258, 1170, 3, 9.32%, 0, 1, 7, 4.30, 53670
1648647536, 62, 955, 1258, 1170, 3, 9.32%, 0, 1, 7, 4.15, 53687
1648647541, 62, 955, 1259, 1171, 3, 9.32%, 0, 1, 7, 6.86, 53725
1648647582, 62, 955, 1260, 1172, 3, 9.32%, 0, 1, 7, 3.31, 53872
1648647634, 62, 1127, 1260, 1171, 17, 9.32%, 0, 1, 7, 4.62, 54035
1648647659, 62, 1127, 1261, 1172, 17, 9.32%, 0, 1, 7, 3.55, 54126
1648647706, 62, 1127, 1262, 1173, 17, 9.32%, 0, 1, 7, 3.01, 54288
1648647726, 62, 1127, 1263, 1174, 17, 9.33%, 0, 1, 7, 2.79, 54339
1648647820, 63, 123, 1263, 1173, 2, 9.33%, 0, 1, 7, 3.90, 54618
1648647851, 63, 123, 1264, 1174, 2, 9.33%, 0, 1, 7, 3.13, 54722
1648647902, 63, 1128, 1264, 1173, 2, 9.33%, 0, 1, 7, 3.30, 54891
1648647917, 63, 1128, 1265, 1174, 2, 9.33%, 0, 1, 7, 3.39, 54943
1648647999, 64, 986, 1265, 1173, 21, 9.33%, 0, 1, 7, 3.56, 55206
1648648141, 64, 986, 1266, 1174, 21, 9.33%, 0, 1, 7, 2.43, 55573
1648648183, 65, 2, 1266, 1173, 3, 9.33%, 0, 1, 7, 4.58, 55671
1648648239, 65, 2, 1267, 1174, 3, 9.33%, 0, 1, 7, 4.39, 55913
1648648244, 65, 154, 1267, 1174, 3, 9.33%, 0, 1, 7, 4.24, 55934
1648648317, 65, 1074, 1267, 1173, 3, 9.33%, 0, 1, 7, 3.78, 56175
1648648322, 65, 1074, 1268, 1174, 3, 9.33%, 0, 1, 7, 11.19, 56244
1648648327, 65, 1074, 1269, 1175, 3, 9.33%, 0, 1, 7, 12.94, 56313
1648648332, 65, 1074, 1270, 1176, 3, 9.34%, 0, 1, 7, 13.69, 56384
1648648337, 65, 1074, 1272, 1178, 3, 9.34%, 0, 1, 7, 13.69, 56453
1648648347, 65, 1074, 1274, 1180, 3, 9.35%, 0, 1, 7, 13.53, 56592
1648648352, 65, 1074, 1276, 1182, 3, 9.36%, 0, 1, 7, 13.69, 56661
1648648358, 65, 1074, 1277, 1183, 3, 9.36%, 0, 1, 7, 13.71, 56733
1648648368, 65, 1074, 1278, 1184, 3, 9.36%, 0, 1, 7, 13.37, 56864
1648648373, 65, 1074, 1279, 1185, 3, 9.37%, 0, 1, 7, 12.82, 56926
1648648378, 65, 1074, 1280, 1186, 3, 9.37%, 0, 1, 7, 13.22, 56995
1648648388, 65, 1074, 1281, 1187, 3, 9.38%, 0, 1, 7, 8.20, 57085
1648648403, 65, 1074, 1282, 1188, 3, 9.38%, 0, 1, 7, 10.16, 57195
1648648440, 65, 1074, 1283, 1189, 3, 9.39%, 0, 1, 7, 7.91, 57417
1648648445, 65, 1074, 1285, 1191, 3, 9.39%, 0, 1, 7, 9.72, 57471
1648648455, 65, 1074, 1286, 1192, 3, 9.40%, 0, 1, 7, 7.03, 57534
1648648476, 65, 1074, 1287, 1193, 3, 9.40%, 0, 1, 7, 9.95, 57690
1648648481, 65, 1074, 1288, 1194, 3, 9.40%, 0, 1, 7, 7.35, 57720
1648648491, 65, 1074, 1289, 1195, 3, 9.41%, 0, 1, 7, 6.00, 57778
1648648502, 65, 1074, 1290, 1196, 3, 9.41%, 0, 1, 7, 10.42, 57865
1648648507, 65, 1074, 1291, 1197, 3, 9.41%, 0, 1, 7, 10.64, 57919
1648648517, 65, 1074, 1292, 1198, 3, 9.41%, 0, 1, 7, 10.27, 58009
1648648532, 65, 1074, 1293, 1199, 3, 9.42%, 0, 1, 7, 10.96, 58136
1648648538, 65, 1074, 1294, 1200, 3, 9.42%, 0, 1, 7, 10.57, 58183
1648648553, 65, 1074, 1295, 1201, 3, 9.43%, 0, 1, 7, 11.08, 58321
1648648573, 66, 2, 1295, 1200, 3, 9.43%, 0, 1, 7, 4.45, 58424
1648648641, 66, 679, 1295, 1200, 3, 9.43%, 0, 1, 7, 4.55, 58704
1648648687, 66, 679, 1296, 1201, 3, 9.43%, 0, 1, 7, 3.15, 58878
1648648713, 66, 679, 1297, 1202, 3, 9.43%, 0, 1, 7, 3.23, 58964
1648648718, 66, 679, 1298, 1203, 3, 9.43%, 0, 1, 7, 3.28, 58981
1648648744, 66, 933, 1298, 1202, 2, 9.43%, 0, 1, 7, 4.12, 59069
1648648749, 66, 933, 1299, 1203, 2, 9.43%, 0, 1, 7, 4.22, 59091
1648648764, 66, 933, 1300, 1204, 2, 9.43%, 0, 1, 7, 4.21, 59156
1648648795, 66, 933, 1301, 1205, 2, 9.44%, 0, 1, 7, 4.16, 59284
1648648872, 66, 933, 1302, 1206, 2, 9.44%, 0, 1, 7, 3.81, 59545
1648648888, 66, 933, 1303, 1207, 2, 9.44%, 0, 1, 7, 3.63, 59602
1648648924, 66, 933, 1304, 1208, 2, 9.45%, 0, 1, 7, 3.62, 59722
1648648960, 67, 833, 1304, 1207, 1, 9.45%, 0, 1, 7, 3.74, 59829
1648648975, 67, 833, 1305, 1208, 1, 9.45%, 0, 1, 7, 4.33, 59895
1648649083, 67, 933, 1305, 1207, 3, 9.45%, 0, 1, 7, 3.38, 60300
1648649094, 67, 933, 1306, 1208, 3, 9.45%, 0, 1, 7, 4.26, 60344
1648649196, 67, 933, 1307, 1209, 3, 9.45%, 0, 1, 7, 3.40, 60719
1648649254, 67, 933, 1308, 1210, 3, 9.45%, 0, 1, 7, 3.09, 60888
1648649290, 67, 1129, 1308, 1210, 3, 9.45%, 0, 1, 7, 4.43, 61004
1648649398, 68, 953, 1308, 1209, 2, 9.45%, 0, 1, 7, 4.38, 61575
1648649450, 68, 953, 1309, 1210, 2, 9.45%, 0, 1, 7, 3.96, 61780
1648649574, 68, 972, 1309, 1210, 2, 9.46%, 0, 1, 7, 3.20, 62148
