# unix_time, cycles_done, cur_path, paths_total, pending_total, pending_favs, map_size, unique_crashes, unique_hangs, max_depth, execs_per_sec, total_execs
1648633393, 0, 0, 3, 3, 2, 0.55%, 0, 0, 2, 10.90, 49
1648633398, 0, 0, 9, 9, 2, 0.59%, 0, 0, 2, 11.65, 109
1648633403, 0, 0, 13, 13, 2, 0.59%, 0, 0, 2, 11.35, 167
1648633408, 0, 0, 15, 15, 2, 0.59%, 0, 0, 2, 10.29, 221
1648633413, 0, 0, 19, 19, 2, 0.60%, 0, 0, 2, 14.14, 291
1648633418, 0, 0, 23, 23, 2, 0.60%, 0, 0, 2, 14.65, 369
1648633423, 0, 0, 26, 26, 2, 0.60%, 0, 0, 2, 9.68, 405
1648633428, 0, 0, 30, 30, 2, 0.60%, 0, 0, 2, 9.83, 453
1648633433, 0, 0, 31, 31, 2, 0.61%, 0, 0, 2, 10.18, 505
1648633438, 0, 0, 33, 33, 2, 0.61%, 0, 0, 2, 11.87, 571
1648633444, 0, 0, 37, 37, 2, 0.63%, 0, 0, 2, 11.61, 628
1648633449, 0, 0, 40, 40, 2, 0.63%, 0, 0, 2, 12.85, 691
1648633454, 0, 0, 41, 41, 2, 0.64%, 0, 0, 2, 11.92, 751
1648633459, 0, 40, 42, 41, 0, 0.64%, 0, 0, 3, 14.12, 826
1648633464, 0, 40, 43, 42, 0, 0.64%, 0, 0, 3, 12.57, 884
1648633469, 0, 40, 46, 45, 0, 0.65%, 0, 0, 3, 11.23, 938
1648633474, 0, 40, 47, 46, 0, 0.65%, 0, 0, 3, 13.24, 1010
1648633479, 1, 0, 48, 46, 2, 0.66%, 0, 0, 3, 12.00, 1071
1648633485, 1, 0, 51, 49, 2, 0.67%, 0, 0, 3, 10.65, 1129
1648633490, 1, 0, 55, 53, 2, 0.68%, 0, 0, 3, 8.91, 1169
1648633495, 1, 0, 58, 56, 2, 0.68%, 0, 0, 3, 8.58, 1211
1648633500, 1, 0, 61, 59, 2, 0.70%, 0, 0, 3, 8.19, 1252
1648633505, 1, 0, 63, 61, 2, 0.70%, 0, 0, 3, 7.43, 1287
1648633510, 1, 0, 66, 64, 2, 0.71%, 0, 0, 3, 6.89, 1321
1648633515, 1, 0, 67, 65, 2, 0.71%, 0, 0, 3, 11.87, 1386
1648633520, 1, 0, 70, 68, 2, 0.75%, 0, 0, 3, 9.07, 1427
1648633526, 1, 0, 74, 72, 2, 0.76%, 0, 0, 3, 9.30, 1475
1648633531, 1, 0, 75, 73, 2, 0.76%, 0, 0, 3, 12.06, 1536
1648633536, 1, 0, 76, 74, 2, 0.78%, 0, 0, 3, 10.59, 1588
1648633541, 1, 0, 77, 75, 1, 0.78%, 0, 0, 3, 12.02, 1645
1648633546, 1, 0, 81, 79, 1, 0.79%, 0, 0, 3, 9.15, 1689
1648633551, 1, 0, 82, 80, 1, 0.80%, 0, 0, 3, 8.07, 1726
1648633556, 1, 0, 85, 83, 1, 0.81%, 0, 0, 3, 7.45, 1762
1648633562, 1, 0, 87, 85, 1, 0.81%, 0, 0, 3, 9.99, 1814
1648633567, 1, 0, 89, 87, 1, 0.81%, 0, 0, 3, 8.59, 1857
1648633572, 1, 0, 91, 89, 1, 0.81%, 0, 0, 3, 7.91, 1895
1648633577, 1, 0, 93, 91, 1, 0.81%, 0, 0, 3, 7.02, 1929
1648633587, 1, 0, 94, 92, 1, 0.82%, 0, 0, 3, 7.56, 2002
1648633592, 1, 0, 95, 93, 1, 0.82%, 0, 0, 3, 10.02, 2053
1648633602, 1, 0, 97, 95, 1, 0.82%, 0, 0, 3, 7.78, 2137
1648633608, 1, 0, 98, 96, 1, 0.82%, 0, 0, 3, 7.72, 2177
1648633613, 1, 0, 100, 98, 1, 0.83%, 0, 0, 3, 7.57, 2216
1648633618, 1, 0, 101, 99, 1, 0.84%, 0, 0, 3, 8.28, 2261
1648633623, 1, 0, 103, 101, 1, 0.85%, 0, 0, 3, 8.30, 2304
1648633628, 1, 0, 105, 103, 1, 0.85%, 0, 0, 3, 7.84, 2345
1648633634, 1, 0, 108, 106, 1, 0.85%, 0, 0, 3, 7.90, 2386
1648633639, 1, 0, 109, 107, 1, 0.85%, 0, 0, 3, 7.85, 2426
1648633644, 1, 0, 111, 109, 1, 0.86%, 0, 0, 3, 7.86, 2474
1648633649, 1, 0, 113, 111, 1, 0.86%, 0, 0, 3, 7.98, 2513
1648633654, 1, 0, 114, 112, 1, 0.87%, 0, 0, 3, 8.30, 2557
1648633659, 1, 0, 116, 114, 1, 0.87%, 0, 0, 3, 9.03, 2603
1648633670, 1, 0, 118, 116, 1, 0.88%, 0, 0, 3, 8.57, 2688
1648633675, 1, 0, 120, 118, 1, 0.88%, 0, 0, 3, 7.47, 2724
1648633680, 1, 0, 121, 119, 1, 0.88%, 0, 0, 3, 7.90, 2765
1648633685, 1, 0, 123, 121, 1, 0.89%, 0, 0, 3, 8.08, 2806
1648633690, 1, 0, 124, 122, 1, 0.90%, 0, 0, 3, 7.34, 2843
1648633695, 1, 0, 125, 123, 1, 0.90%, 0, 0, 3, 6.74, 2877
1648633716, 1, 0, 126, 124, 1, 0.90%, 0, 0, 3, 7.82, 3045
1648633721, 1, 0, 127, 125, 1, 0.91%, 0, 0, 3, 8.75, 3092
1648633737, 1, 0, 129, 127, 1, 0.91%, 0, 0, 3, 7.47, 3210
1648633747, 1, 0, 131, 129, 1, 0.91%, 0, 0, 3, 7.44, 3291
1648633763, 1, 0, 132, 130, 1, 0.91%, 0, 0, 3, 7.58, 3408
1648633773, 1, 1, 133, 131, 1, 0.91%, 0, 0, 3, 8.35, 3499
1648633778, 1, 1, 134, 132, 1, 0.92%, 0, 0, 3, 7.81, 3534
1648633783, 1, 1, 136, 134, 1, 0.92%, 0, 0, 3, 6.91, 3566
1648633788, 1, 1, 137, 135, 1, 0.93%, 0, 0, 3, 7.26, 3602
1648633793, 1, 1, 138, 136, 1, 0.94%, 0, 0, 3, 8.38, 3646
1648633804, 1, 1, 139, 137, 1, 0.94%, 0, 0, 3, 7.18, 3723
1648633809, 1, 1, 142, 140, 1, 0.95%, 0, 0, 3, 7.14, 3761
1648633814, 1, 1, 143, 141, 1, 0.95%, 0, 0, 3, 6.40, 3791
1648633819, 1, 71, 145, 142, 0, 0.95%, 0, 0, 3, 0.00, 3826
1648633850, 2, 10, 147, 143, 0, 0.95%, 0, 0, 3, 9.49, 4150
1648633855, 2, 10, 148, 144, 0, 0.95%, 0, 0, 3, 7.81, 4186
1648633860, 2, 10, 150, 146, 0, 0.96%, 0, 0, 3, 7.78, 4228
1648633865, 2, 10, 152, 148, 0, 0.97%, 0, 0, 3, 7.10, 4264
1648633881, 2, 10, 156, 152, 0, 0.97%, 0, 0, 3, 7.79, 4380
1648633896, 3, 6, 157, 152, 0, 0.97%, 0, 0, 3, 9.28, 4512
1648633901, 3, 6, 160, 155, 0, 0.98%, 0, 0, 3, 7.83, 4549
1648633906, 3, 6, 161, 156, 0, 0.98%, 0, 0, 3, 7.55, 4586
1648633927, 3, 6, 162, 157, 0, 0.98%, 0, 0, 3, 8.53, 4762
1648633932, 3, 56, 162, 156, 0, 0.98%, 0, 0, 3, 9.14, 4812
1648633937, 3, 56, 163, 157, 0, 0.98%, 0, 0, 3, 7.90, 4850
1648633947, 3, 56, 165, 159, 0, 0.98%, 0, 0, 3, 6.59, 4915
1648633952, 3, 56, 167, 161, 0, 0.98%, 0, 0, 3, 6.49, 4947
1648633958, 3, 56, 169, 163, 0, 0.98%, 0, 0, 3, 6.02, 4977
1648633963, 3, 56, 171, 165, 0, 1.00%, 0, 0, 3, 5.79, 5007
1648633974, 3, 56, 172, 166, 0, 1.00%, 0, 0, 3, 5.68, 5067
1648633989, 3, 56, 173, 167, 0, 1.00%, 0, 0, 3, 6.86, 5172
1648633994, 4, 77, 174, 167, 0, 1.00%, 0, 0, 3, 9.96, 5224
1648633999, 4, 77, 175, 168, 0, 1.00%, 0, 0, 3, 9.42, 5271
1648634020, 4, 77, 176, 169, 0, 1.00%, 0, 0, 3, 8.54, 5443
1648634030, 5, 63, 177, 169, 0, 1.00%, 0, 0, 3, 8.40, 5523
1648634036, 5, 63, 178, 170, 0, 1.00%, 0, 0, 3, 6.73, 5560
1648634041, 5, 63, 179, 171, 0, 1.00%, 0, 0, 3, 5.99, 5591
1648634051, 5, 63, 180, 172, 0, 1.01%, 0, 0, 3, 7.97, 5675
1648634061, 5, 63, 181, 173, 0, 1.01%, 0, 0, 3, 6.91, 5744
1648634077, 5, 67, 182, 173, 0, 1.01%, 0, 0, 3, 6.52, 5857
1648634092, 5, 67, 183, 174, 0, 1.01%, 0, 0, 3, 7.76, 5971
1648634102, 5, 67, 184, 175, 0, 1.01%, 0, 0, 3, 7.55, 6048
1648634123, 5, 73, 184, 174, 0, 1.01%, 0, 0, 3, 11.13, 6208
1648634128, 5, 73, 186, 176, 0, 1.01%, 0, 0, 3, 8.05, 6240
1648634153, 5, 75, 186, 175, 0, 1.01%, 0, 0, 3, 8.25, 6474
1648634174, 5, 75, 187, 176, 0, 1.01%, 0, 0, 3, 5.37, 6587
1648634195, 5, 75, 188, 177, 0, 1.02%, 0, 0, 3, 5.32, 6700
1648634205, 5, 75, 189, 178, 0, 1.02%, 0, 0, 3, 4.62, 6749
1648634215, 5, 75, 190, 179, 0, 1.02%, 0, 0, 3, 4.94, 6799
1648634220, 5, 113, 190, 178, 0, 1.02%, 0, 0, 3, 5.88, 6831
1648634272, 5, 122, 190, 177, 4294967295, 1.02%, 0, 0, 3, 6.85, 7118
1648634297, 5, 122, 191, 178, 4294967295, 1.02%, 0, 0, 3, 7.78, 7319
1648634302, 5, 122, 192, 179, 4294967295, 1.02%, 0, 0, 3, 7.36, 7355
1648634307, 5, 122, 193, 180, 4294967295, 1.02%, 0, 0, 3, 6.89, 7387
1648634313, 5, 122, 194, 181, 4294967295, 1.02%, 0, 0, 3, 6.61, 7419
1648634318, 5, 140, 194, 180, 0, 1.02%, 0, 0, 3, 6.98, 7456
1648634328, 5, 140, 196, 182, 0, 1.03%, 0, 0, 3, 5.45, 7516
1648634333, 5, 140, 197, 183, 0, 1.03%, 0, 0, 3, 5.04, 7541
1648634338, 5, 140, 198, 184, 0, 1.03%, 0, 0, 3, 5.29, 7568
1648634379, 6, 1, 198, 183, 7, 1.03%, 0, 0, 3, 7.54, 7804
1648634399, 6, 1, 200, 185, 7, 1.03%, 0, 0, 3, 7.66, 7973
1648634405, 6, 1, 201, 186, 7, 1.03%, 0, 0, 3, 7.30, 8009
1648634410, 6, 47, 202, 187, 1, 1.03%, 0, 0, 3, 8.78, 8053
1648634430, 6, 58, 202, 186, 0, 1.03%, 0, 0, 3, 12.53, 8315
1648634451, 6, 58, 203, 187, 0, 1.03%, 0, 0, 3, 6.62, 8474
1648634472, 7, 1, 204, 187, 5, 1.03%, 0, 0, 3, 8.84, 8644
1648634477, 7, 1, 205, 188, 5, 1.03%, 0, 0, 3, 9.02, 8692
1648634497, 7, 1, 205, 188, 1, 1.03%, 0, 0, 3, 9.70, 8884
1648634502, 7, 1, 206, 189, 1, 1.03%, 0, 0, 3, 9.63, 8935
1648634507, 7, 1, 207, 190, 1, 1.03%, 0, 0, 3, 8.99, 8975
1648634512, 7, 1, 208, 191, 1, 1.03%, 0, 0, 3, 8.90, 9018
1648634528, 7, 1, 211, 194, 1, 1.03%, 0, 0, 3, 7.05, 9136
1648634538, 7, 1, 211, 194, 3, 1.03%, 0, 0, 3, 8.83, 9222
1648634548, 7, 1, 212, 195, 3, 1.03%, 0, 0, 3, 9.41, 9321
1648634600, 7, 1, 214, 197, 3, 1.04%, 0, 0, 3, 8.14, 9771
1648634605, 7, 1, 215, 198, 3, 1.04%, 0, 0, 3, 7.49, 9807
1648634631, 7, 1, 216, 199, 3, 1.04%, 0, 0, 3, 8.19, 10008
1648634636, 7, 130, 216, 199, 5, 1.04%, 0, 0, 3, 7.21, 10044
1648634688, 9, 38, 217, 199, 4, 1.04%, 0, 0, 3, 7.46, 10346
1648634699, 9, 38, 218, 200, 4, 1.04%, 0, 0, 3, 8.14, 10434
1648634714, 9, 38, 219, 201, 4, 1.04%, 0, 0, 3, 8.90, 10575
1648634719, 10, 17, 219, 200, 3, 1.04%, 0, 0, 3, 8.76, 10617
1648634724, 10, 17, 220, 201, 3, 1.04%, 0, 0, 3, 7.62, 10651
1648634734, 10, 17, 221, 202, 3, 1.04%, 0, 0, 3, 5.75, 10712
1648634740, 10, 17, 222, 203, 3, 1.04%, 0, 0, 3, 6.11, 10744
1648634760, 10, 113, 222, 202, 3, 1.04%, 0, 0, 3, 7.57, 10891
1648634781, 10, 113, 223, 203, 3, 1.04%, 0, 0, 3, 5.27, 11011
1648634807, 11, 186, 224, 204, 0, 1.04%, 0, 0, 3, 5.18, 11158
1648634822, 12, 131, 224, 203, 0, 1.04%, 0, 0, 3, 19.93, 11481
1648634837, 12, 131, 225, 204, 0, 1.04%, 0, 0, 3, 10.20, 11654
1648634852, 13, 67, 225, 203, 0, 1.04%, 0, 0, 3, 6.46, 11773
1648634878, 13, 67, 226, 204, 0, 1.05%, 0, 0, 3, 5.84, 11949
1648634883, 13, 67, 228, 206, 0, 1.05%, 0, 0, 3, 5.69, 11978
1648634899, 13, 134, 228, 206, 0, 1.05%, 0, 0, 3, 6.33, 12082
1648634951, 14, 81, 228, 205, 4294967295, 1.05%, 0, 0, 3, 7.08, 12379
1648634961, 14, 81, 229, 206, 4294967295, 1.05%, 0, 0, 3, 5.71, 12442
1648634972, 14, 81, 230, 207, 4294967295, 1.05%, 0, 0, 3, 5.83, 12503
1648634997, 14, 113, 230, 206, 0, 1.05%, 0, 0, 3, 6.58, 12658
1648635044, 14, 122, 230, 206, 0, 1.05%, 0, 0, 3, 6.52, 12921
1648635049, 14, 122, 231, 207, 0, 1.05%, 0, 0, 3, 7.35, 12961
1648635080, 14, 226, 231, 207, 0, 1.05%, 0, 0, 3, 7.08, 13180
1648635095, 14, 226, 233, 209, 0, 1.05%, 0, 0, 4, 7.08, 13301
1648635116, 14, 226, 234, 210, 0, 1.08%, 0, 0, 4, 5.85, 13424
1648635131, 14, 226, 235, 211, 0, 1.08%, 0, 0, 4, 5.11, 13518
1648635142, 15, 151, 235, 209, 5, 1.08%, 0, 0, 4, 8.25, 13595
1648635167, 15, 151, 236, 210, 5, 1.08%, 0, 0, 4, 5.72, 13755
1648635188, 16, 68, 236, 209, 2, 1.08%, 0, 0, 4, 6.74, 13885
1648635208, 16, 68, 237, 210, 2, 1.08%, 0, 0, 4, 7.21, 14053
1648635229, 16, 83, 237, 209, 4, 1.08%, 0, 0, 4, 9.01, 14212
1648635244, 16, 83, 238, 210, 4, 1.08%, 0, 0, 4, 6.68, 14326
1648635249, 16, 83, 239, 211, 4, 1.08%, 0, 0, 4, 6.35, 14357
1648635254, 16, 83, 240, 212, 4, 1.08%, 0, 0, 4, 5.06, 14381
1648635270, 16, 83, 241, 213, 4, 1.08%, 0, 0, 4, 6.37, 14483
1648635285, 16, 98, 241, 212, 3, 1.08%, 0, 0, 4, 10.34, 14597
1648635306, 16, 98, 242, 213, 3, 1.08%, 0, 0, 4, 8.42, 14768
1648635311, 16, 98, 243, 214, 3, 1.08%, 0, 0, 4, 8.59, 14812
1648635321, 16, 113, 243, 213, 3, 1.08%, 0, 0, 4, 7.74, 14892
1648635352, 16, 113, 244, 214, 3, 1.08%, 0, 0, 4, 6.58, 15102
1648635357, 17, 65, 244, 214, 0, 1.08%, 0, 0, 4, 6.95, 15137
1648635408, 17, 90, 244, 213, 0, 1.08%, 0, 0, 4, 6.17, 15429
1648635460, 17, 132, 244, 212, 0, 1.08%, 0, 0, 4, 5.83, 15726
1648635491, 17, 132, 245, 213, 0, 1.08%, 0, 0, 4, 5.22, 15893
1648635517, 19, 104, 245, 212, 0, 1.08%, 0, 0, 4, 6.20, 16037
1648635568, 20, 54, 245, 211, 0, 1.08%, 0, 0, 4, 6.90, 16330
1648635574, 20, 54, 246, 212, 0, 1.08%, 0, 0, 4, 6.36, 16362
1648635615, 20, 134, 246, 211, 3, 1.08%, 0, 0, 4, 5.97, 16604
1648635645, 20, 134, 247, 212, 3, 1.08%, 0, 0, 4, 4.99, 16759
1648635666, 21, 76, 247, 212, 0, 1.08%, 0, 0, 4, 5.83, 16868
1648635707, 21, 76, 248, 213, 0, 1.08%, 0, 0, 4, 5.37, 17101
1648635717, 21, 131, 248, 212, 1, 1.08%, 0, 0, 4, 4.95, 17153
1648635722, 21, 131, 249, 213, 1, 1.08%, 0, 0, 4, 8.92, 17208
1648635763, 21, 225, 249, 213, 1, 1.08%, 0, 0, 4, 5.61, 17426
1648635814, 22, 184, 249, 212, 0, 1.08%, 0, 0, 4, 7.62, 17759
1648635840, 22, 184, 250, 213, 0, 1.08%, 0, 0, 4, 6.42, 17954
1648635856, 22, 184, 251, 214, 0, 1.08%, 0, 0, 4, 5.90, 18051
1648635866, 23, 222, 251, 213, 3, 1.08%, 0, 0, 4, 5.57, 18117
1648635932, 24, 190, 251, 212, 3, 1.08%, 0, 0, 4, 7.44, 18442
1648635973, 24, 190, 252, 213, 3, 1.08%, 0, 0, 4, 5.69, 18704
1648635983, 24, 195, 252, 212, 3, 1.08%, 0, 0, 4, 5.81, 18763
1648636045, 25, 13, 252, 211, 2, 1.08%, 0, 0, 4, 6.09, 19067
1648636060, 25, 13, 253, 212, 2, 1.08%, 0, 0, 4, 6.32, 19171
1648636086, 25, 235, 253, 211, 2, 1.08%, 0, 0, 4, 6.10, 19338
1648636174, 26, 228, 253, 210, 1, 1.08%, 0, 0, 4, 6.00, 19773
1648636219, 27, 84, 253, 209, 0, 1.08%, 0, 0, 4, 9.29, 20122
1648636240, 27, 84, 254, 210, 0, 1.08%, 0, 0, 4, 8.30, 20295
1648636245, 27, 84, 255, 211, 0, 1.08%, 0, 0, 4, 9.13, 20339
1648636250, 27, 113, 255, 210, 3, 1.08%, 0, 0, 4, 8.32, 20381
1648636287, 27, 115, 255, 210, 3, 1.08%, 0, 0, 4, 7.44, 20646
1648636322, 27, 125, 255, 209, 2, 1.08%, 0, 0, 4, 9.60, 20956
1648636348, 28, 113, 255, 208, 2, 1.08%, 0, 0, 4, 6.23, 21123
1648636353, 28, 113, 256, 209, 2, 1.08%, 0, 0, 4, 5.42, 21149
1648636394, 28, 137, 256, 209, 2, 1.08%, 0, 0, 4, 6.78, 21382
1648636405, 28, 137, 257, 210, 2, 1.08%, 0, 0, 4, 7.12, 21464
1648636410, 28, 137, 258, 211, 2, 1.08%, 0, 0, 4, 7.03, 21498
1648636425, 28, 137, 259, 212, 2, 1.08%, 0, 0, 4, 7.06, 21600
1648636440, 30, 108, 259, 211, 1, 1.08%, 0, 0, 4, 7.19, 21709
1648636481, 30, 108, 260, 212, 1, 1.08%, 0, 0, 4, 5.22, 21933
1648636491, 30, 167, 260, 211, 1, 1.08%, 0, 0, 4, 8.02, 22004
1648636511, 30, 167, 261, 212, 1, 1.08%, 0, 0, 4, 8.34, 22177
1648636522, 30, 167, 262, 213, 1, 1.08%, 0, 0, 4, 7.93, 22258
1648636527, 31, 194, 263, 213, 0, 1.08%, 0, 0, 4, 8.08, 22298
1648636594, 31, 224, 263, 212, 0, 1.08%, 0, 0, 4, 6.87, 22627
1648636630, 31, 226, 263, 211, 0, 1.08%, 0, 0, 4, 5.80, 22820
1648636681, 32, 185, 263, 211, 0, 1.08%, 0, 0, 4, 7.50, 23139
1648636722, 33, 242, 263, 210, 0, 1.08%, 0, 0, 4, 8.32, 23463
1648636748, 33, 242, 264, 211, 0, 1.08%, 0, 0, 4, 7.53, 23655
1648636774, 34, 230, 264, 210, 0, 1.08%, 0, 0, 4, 7.11, 23834
1648636820, 35, 197, 264, 209, 0, 1.08%, 0, 0, 4, 5.53, 24126
1648636887, 36, 18, 264, 208, 0, 1.08%, 0, 0, 4, 9.16, 24485
1648636912, 36, 42, 264, 207, 0, 1.08%, 0, 0, 4, 12.56, 24765
1648636933, 36, 230, 264, 206, 0, 1.08%, 0, 0, 4, 11.89, 25012
1648636968, 37, 88, 264, 206, 0, 1.08%, 0, 0, 4, 7.32, 25284
1648636979, 37, 88, 265, 207, 0, 1.08%, 0, 0, 4, 5.48, 25342
1648637004, 37, 88, 266, 208, 0, 1.08%, 0, 0, 4, 5.43, 25483
1648637019, 37, 88, 267, 209, 0, 1.08%, 0, 0, 4, 5.60, 25567
1648637025, 37, 120, 267, 208, 0, 1.08%, 0, 0, 4, 6.07, 25598
1648637030, 37, 120, 268, 209, 0, 1.08%, 0, 0, 4, 6.49, 25634
1648637045, 37, 120, 269, 210, 0, 1.08%, 0, 0, 4, 5.09, 25716
1648637081, 38, 117, 269, 209, 2, 1.08%, 0, 0, 4, 12.98, 25968
1648637096, 38, 141, 269, 208, 2, 1.08%, 0, 0, 4, 13.17, 26179
1648637142, 39, 115, 269, 207, 1, 1.08%, 0, 0, 4, 6.34, 26474
1648637178, 39, 141, 269, 207, 1, 1.08%, 0, 0, 4, 7.38, 26729
1648637230, 40, 153, 269, 207, 1, 1.08%, 0, 0, 4, 7.95, 27025
1648637245, 40, 153, 270, 208, 1, 1.08%, 0, 0, 4, 6.84, 27133
1648637250, 40, 153, 271, 209, 1, 1.08%, 0, 0, 4, 6.74, 27167
1648637271, 41, 118, 271, 208, 4, 1.08%, 0, 0, 4, 7.23, 27316
1648637322, 41, 169, 271, 207, 3, 1.08%, 0, 0, 4, 6.34, 27595
1648637379, 42, 196, 271, 206, 2, 1.08%, 0, 0, 4, 5.41, 27880
1648637445, 42, 248, 271, 205, 1, 1.08%, 0, 0, 4, 6.06, 28202
1648637450, 42, 248, 272, 206, 1, 1.09%, 0, 0, 4, 6.97, 28240
1648637460, 42, 248, 273, 207, 1, 1.09%, 0, 0, 4, 6.71, 28311
1648637486, 42, 248, 274, 208, 1, 1.09%, 0, 0, 4, 4.91, 28449
1648637506, 43, 181, 274, 207, 0, 1.09%, 0, 0, 4, 6.79, 28555
1648637521, 43, 181, 275, 208, 0, 1.09%, 0, 0, 4, 6.42, 28666
1648637542, 43, 181, 276, 209, 0, 1.09%, 0, 0, 4, 6.02, 28801
1648637552, 43, 215, 276, 208, 1, 1.09%, 0, 0, 4, 6.45, 28869
1648637615, 44, 186, 276, 207, 1, 1.09%, 0, 0, 4, 6.83, 29216
1648637625, 44, 186, 277, 208, 1, 1.09%, 0, 0, 4, 8.15, 29302
1648637630, 44, 186, 279, 210, 1, 1.09%, 0, 0, 4, 8.54, 29343
1648637646, 44, 186, 280, 211, 1, 1.09%, 0, 0, 4, 7.65, 29465
1648637656, 45, 242, 280, 211, 0, 1.09%, 0, 0, 4, 8.60, 29553
1648637703, 46, 192, 280, 211, 0, 1.09%, 0, 0, 4, 7.55, 29889
1648637754, 46, 197, 281, 211, 0, 1.09%, 0, 0, 4, 5.10, 30194
1648637764, 46, 197, 282, 212, 0, 1.10%, 0, 0, 4, 4.78, 30242
1648637820, 47, 123, 282, 212, 0, 1.10%, 0, 0, 4, 5.95, 30527
1648637871, 47, 272, 282, 211, 0, 1.10%, 0, 0, 4, 4.99, 30798
1648637958, 48, 121, 282, 210, 0, 1.10%, 0, 0, 4, 5.46, 31223
1648637994, 48, 121, 283, 211, 0, 1.11%, 0, 0, 4, 7.03, 31441
1648638015, 49, 19, 283, 210, 0, 1.11%, 0, 0, 4, 9.21, 31577
1648638020, 49, 19, 284, 211, 0, 1.11%, 0, 0, 4, 10.61, 31633
1648638040, 49, 44, 284, 210, 0, 1.11%, 0, 0, 4, 11.13, 31844
1648638061, 49, 121, 284, 209, 0, 1.11%, 0, 0, 4, 10.56, 32094
1648638107, 49, 229, 284, 209, 0, 1.11%, 0, 0, 4, 5.44, 32357
1648638159, 50, 122, 284, 208, 0, 1.11%, 0, 0, 4, 6.81, 32660
1648638174, 50, 122, 285, 209, 0, 1.11%, 0, 0, 4, 7.02, 32776
1648638179, 50, 122, 286, 210, 0, 1.11%, 0, 0, 4, 6.40, 32807
1648638200, 50, 279, 286, 210, 4, 1.11%, 0, 0, 4, 6.31, 32943
1648638308, 51, 170, 286, 209, 3, 1.11%, 0, 0, 4, 10.98, 33538
1648638319, 51, 170, 287, 210, 3, 1.11%, 0, 0, 4, 12.84, 33682
1648638334, 51, 171, 287, 209, 3, 1.11%, 0, 0, 4, 14.44, 33884
1648638375, 51, 274, 287, 208, 3, 1.11%, 0, 0, 4, 6.28, 34114
1648638447, 51, 275, 287, 207, 2, 1.11%, 0, 0, 4, 6.22, 34542
1648638482, 51, 275, 288, 208, 2, 1.11%, 0, 0, 5, 5.40, 34768
1648638523, 52, 141, 288, 207, 1, 1.11%, 0, 0, 5, 6.27, 35014
1648638570, 52, 187, 288, 207, 1, 1.11%, 0, 0, 5, 5.83, 35269
1648638632, 52, 209, 288, 206, 0, 1.11%, 0, 0, 5, 5.88, 35616
1648638694, 52, 273, 288, 205, 0, 1.11%, 0, 0, 5, 5.33, 35952
1648638714, 52, 273, 289, 206, 0, 1.11%, 0, 0, 5, 4.95, 36052
1648638822, 53, 215, 289, 205, 0, 1.11%, 0, 0, 5, 5.87, 36584
1648638842, 53, 215, 290, 206, 0, 1.11%, 0, 0, 5, 5.29, 36700
1648638873, 54, 158, 290, 206, 2, 1.11%, 0, 0, 5, 6.11, 36871
1648638924, 54, 247, 290, 205, 2, 1.11%, 0, 0, 5, 10.94, 37195
1648638930, 54, 247, 291, 206, 2, 1.11%, 0, 0, 5, 10.91, 37256
1648638976, 55, 120, 291, 205, 1, 1.11%, 0, 0, 5, 5.89, 37502
1648638996, 56, 188, 292, 206, 1, 1.11%, 0, 0, 5, 5.80, 37623
1648639038, 57, 180, 292, 205, 4, 1.11%, 0, 0, 5, 10.19, 37865
1648639073, 57, 195, 292, 204, 3, 1.11%, 0, 0, 5, 13.34, 38193
1648639119, 58, 130, 292, 204, 3, 1.11%, 0, 0, 5, 5.47, 38438
1648639171, 58, 236, 292, 204, 3, 1.11%, 0, 0, 5, 5.05, 38710
1648639238, 59, 130, 292, 203, 2, 1.11%, 0, 0, 5, 5.79, 39032
1648639284, 59, 198, 292, 203, 2, 1.11%, 0, 0, 5, 6.10, 39285
1648639310, 59, 198, 293, 204, 2, 1.11%, 0, 0, 5, 5.26, 39436
1648639341, 59, 243, 293, 203, 3, 1.11%, 0, 0, 5, 7.02, 39631
1648639366, 59, 285, 293, 202, 2, 1.11%, 0, 0, 5, 6.26, 39807
1648639423, 60, 137, 293, 201, 2, 1.11%, 0, 0, 5, 8.13, 40117
1648639433, 60, 137, 294, 202, 2, 1.11%, 0, 0, 5, 7.82, 40200
1648639459, 60, 141, 294, 202, 3, 1.11%, 0, 0, 5, 6.95, 40382
1648639505, 60, 195, 294, 202, 3, 1.11%, 0, 0, 5, 5.36, 40629
1648639546, 60, 195, 295, 203, 3, 1.11%, 0, 0, 5, 4.67, 40823
1648639561, 60, 237, 295, 203, 0, 1.11%, 0, 0, 5, 5.21, 40900
1648639608, 60, 237, 295, 202, 0, 1.11%, 0, 0, 5, 6.26, 41223
1648639659, 61, 234, 295, 202, 0, 1.11%, 0, 0, 5, 6.10, 41520
1648639741, 62, 208, 295, 201, 0, 1.11%, 0, 0, 5, 7.40, 41979
1648639767, 62, 208, 296, 202, 0, 1.11%, 0, 0, 5, 6.58, 42157
1648639772, 62, 208, 297, 203, 0, 1.11%, 0, 0, 5, 6.61, 42192
1648639792, 63, 141, 297, 202, 1, 1.11%, 0, 0, 5, 6.01, 42314
1648639839, 63, 160, 297, 202, 1, 1.11%, 0, 0, 5, 7.07, 42592
1648639880, 63, 224, 298, 202, 0, 1.11%, 0, 0, 5, 5.86, 42845
1648639958, 64, 166, 298, 202, 0, 1.11%, 0, 0, 5, 5.30, 43212
1648640013, 64, 210, 298, 201, 0, 1.11%, 0, 0, 5, 7.00, 43506
1648640034, 64, 210, 299, 202, 0, 1.11%, 0, 0, 5, 6.40, 43646
1648640065, 64, 227, 299, 201, 0, 1.11%, 0, 0, 5, 6.04, 43819
1648640126, 65, 223, 299, 200, 0, 1.11%, 0, 0, 5, 8.44, 44161
1648640173, 65, 257, 299, 199, 0, 1.11%, 0, 0, 5, 5.77, 44449
1648640235, 66, 122, 299, 198, 0, 1.11%, 0, 0, 5, 5.26, 44782
1648640245, 66, 122, 300, 199, 0, 1.11%, 0, 0, 5, 6.29, 44851
1648640276, 66, 248, 300, 199, 0, 1.11%, 0, 0, 5, 6.30, 45050
1648640343, 66, 277, 300, 199, 0, 1.11%, 0, 0, 5, 5.23, 45410
1648640405, 66, 277, 301, 200, 0, 1.11%, 0, 0, 5, 6.24, 45769
1648640431, 66, 277, 302, 201, 0, 1.11%, 0, 0, 5, 5.07, 45902
1648640447, 67, 229, 302, 200, 3, 1.11%, 0, 0, 5, 6.00, 45991
1648640508, 67, 238, 302, 200, 3, 1.11%, 0, 0, 5, 4.81, 46299
1648640555, 67, 239, 302, 199, 2, 1.11%, 0, 0, 5, 6.62, 46613
1648640601, 68, 230, 302, 198, 1, 1.11%, 0, 0, 5, 6.46, 46927
1648640657, 69, 180, 302, 198, 1, 1.11%, 0, 0, 5, 10.69, 47298
1648640699, 70, 0, 302, 198, 1, 1.11%, 0, 0, 5, 9.37, 47601
1648640724, 70, 1, 302, 198, 1, 1.11%, 0, 0, 5, 10.36, 47838
1648640755, 70, 118, 302, 198, 1, 1.11%, 0, 0, 5, 7.66, 48102
1648640796, 70, 229, 302, 198, 1, 1.11%, 0, 0, 5, 5.97, 48351
1648640842, 71, 206, 303, 199, 1, 1.11%, 0, 0, 5, 5.76, 48653
1648640905, 71, 270, 303, 198, 1, 1.11%, 0, 0, 5, 6.20, 48993
1648640957, 71, 270, 304, 199, 1, 1.11%, 0, 0, 5, 6.31, 49308
1648641003, 71, 281, 306, 200, 2, 1.11%, 0, 0, 5, 5.87, 49578
1648641075, 72, 235, 306, 199, 1, 1.11%, 0, 0, 5, 5.86, 50006
1648641162, 73, 201, 306, 199, 1, 1.11%, 0, 0, 5, 7.61, 50468
1648641182, 73, 201, 307, 200, 1, 1.11%, 0, 0, 5, 7.11, 50630
1648641208, 74, 117, 307, 199, 0, 1.11%, 0, 0, 5, 11.25, 50834
1648641229, 74, 290, 307, 199, 0, 1.11%, 0, 0, 5, 11.38, 51063
1648641301, 75, 50, 307, 198, 0, 1.11%, 0, 0, 5, 6.04, 51629
1648641342, 76, 41, 307, 197, 0, 1.11%, 0, 0, 5, 13.39, 51982
1648641357, 76, 241, 307, 196, 0, 1.11%, 0, 0, 5, 11.37, 52177
1648641408, 76, 253, 307, 195, 0, 1.11%, 0, 0, 5, 6.38, 52516
1648641460, 77, 46, 307, 194, 0, 1.11%, 0, 0, 5, 12.26, 52915
1648641475, 77, 56, 307, 193, 0, 1.11%, 0, 0, 5, 12.51, 53109
1648641511, 77, 202, 307, 193, 0, 1.11%, 0, 0, 5, 5.99, 53393
1648641547, 78, 59, 307, 192, 0, 1.11%, 0, 0, 5, 6.80, 53583
1648641588, 78, 282, 307, 191, 0, 1.11%, 0, 0, 5, 6.18, 53854
1648641646, 79, 61, 307, 190, 0, 1.11%, 0, 0, 5, 7.09, 54214
1648641681, 79, 129, 307, 189, 0, 1.11%, 0, 0, 5, 8.29, 54491
1648641712, 79, 129, 308, 190, 0, 1.11%, 0, 0, 5, 5.46, 54658
1648641733, 79, 264, 308, 189, 0, 1.11%, 0, 0, 5, 5.23, 54770
1648641789, 79, 299, 308, 188, 0, 1.11%, 0, 0, 5, 6.40, 55100
1648641836, 80, 179, 308, 187, 0, 1.11%, 0, 0, 5, 6.84, 55399
1648641877, 80, 264, 308, 186, 0, 1.11%, 0, 0, 5, 7.41, 55753
1648641934, 81, 251, 308, 186, 0, 1.11%, 0, 0, 5, 5.25, 56069
1648642015, 82, 204, 308, 185, 0, 1.11%, 0, 0, 5, 5.87, 56490
1648642062, 83, 68, 308, 184, 0, 1.11%, 0, 0, 5, 8.59, 56831
1648642078, 83, 68, 309, 185, 0, 1.11%, 0, 0, 5, 8.54, 56946
1648642098, 83, 296, 309, 185, 0, 1.11%, 0, 0, 5, 6.57, 57095
1648642150, 84, 258, 309, 184, 0, 1.11%, 0, 0, 5, 5.55, 57392
1648642206, 85, 83, 309, 183, 0, 1.11%, 0, 0, 5, 7.09, 57745
1648642247, 85, 234, 309, 183, 0, 1.11%, 0, 0, 5, 6.29, 58000
1648642320, 86, 98, 309, 183, 0, 1.11%, 0, 0, 5, 7.89, 58445
1648642355, 86, 302, 309, 183, 0, 1.11%, 0, 0, 5, 5.54, 58707
1648642422, 87, 38, 309, 182, 0, 1.11%, 0, 0, 5, 9.21, 59043
1648642448, 88, 248, 309, 182, 0, 1.11%, 0, 0, 5, 8.14, 59264
1648642509, 89, 4, 309, 182, 0, 1.11%, 0, 0, 5, 5.98, 59604
1648642540, 89, 304, 309, 181, 0, 1.11%, 0, 0, 5, 7.75, 59883
1648642561, 90, 45, 309, 180, 0, 1.11%, 0, 0, 5, 10.10, 60044
1648642566, 90, 45, 310, 181, 0, 1.11%, 0, 0, 5, 10.75, 60101
1648642581, 90, 134, 310, 180, 0, 1.11%, 0, 0, 5, 11.78, 60289
1648642617, 90, 134, 311, 181, 0, 1.15%, 0, 0, 5, 6.11, 60488
1648642633, 90, 229, 311, 181, 3, 1.15%, 0, 0, 5, 5.47, 60574
1648642684, 91, 38, 311, 181, 3, 1.15%, 0, 0, 5, 5.38, 60827
1648642715, 91, 130, 311, 181, 3, 1.15%, 0, 0, 5, 8.29, 61108
1648642762, 91, 193, 311, 181, 3, 1.15%, 0, 0, 5, 6.30, 61380
1648642777, 91, 193, 312, 182, 3, 1.15%, 0, 0, 5, 6.37, 61480
1648642813, 92, 0, 312, 181, 2, 1.15%, 0, 0, 5, 9.49, 61723
1648642864, 92, 0, 313, 182, 2, 1.15%, 0, 0, 5, 9.28, 62177
1648642869, 92, 1, 314, 183, 2, 1.15%, 0, 0, 5, 9.19, 62221
1648642901, 92, 213, 314, 183, 2, 1.15%, 0, 0, 5, 8.23, 62480
1648642937, 92, 289, 314, 182, 1, 1.15%, 0, 0, 5, 5.52, 62686
1648642983, 93, 214, 314, 181, 0, 1.15%, 0, 0, 5, 7.48, 63031
1648643046, 93, 311, 314, 180, 0, 1.15%, 0, 0, 5, 6.54, 63388
1648643077, 93, 311, 315, 181, 0, 1.15%, 0, 0, 5, 5.74, 63602
1648643082, 93, 311, 316, 182, 0, 1.15%, 0, 0, 5, 5.38, 63630
1648643139, 94, 196, 316, 181, 4, 1.15%, 0, 0, 5, 5.56, 63976
1648643154, 94, 303, 316, 181, 4, 1.15%, 0, 0, 5, 4.94, 64053
1648643236, 95, 232, 316, 180, 3, 1.15%, 0, 0, 5, 6.23, 64492
1648643329, 96, 141, 316, 179, 2, 1.15%, 0, 0, 5, 5.72, 65042
1648643380, 96, 232, 316, 179, 2, 1.15%, 0, 0, 5, 5.75, 65327
1648643400, 96, 232, 317, 180, 2, 1.15%, 0, 0, 5, 6.56, 65460
1648643416, 96, 232, 318, 181, 2, 1.15%, 0, 0, 5, 5.49, 65553
1648643483, 96, 245, 318, 181, 3, 1.15%, 0, 0, 5, 5.42, 65915
1648643544, 97, 216, 319, 181, 2, 1.15%, 0, 0, 5, 5.18, 66214
1648643575, 98, 188, 319, 180, 1, 1.15%, 0, 0, 5, 5.21, 66409
1648643627, 99, 1, 319, 180, 1, 1.15%, 0, 0, 5, 5.13, 66662
1648643657, 99, 203, 319, 180, 1, 1.15%, 0, 0, 5, 9.96, 66923
1648643683, 99, 203, 320, 181, 1, 1.15%, 0, 0, 5, 5.20, 67111
1648643709, 100, 180, 320, 180, 2, 1.15%, 0, 0, 5, 5.59, 67268
1648643751, 100, 228, 320, 180, 2, 1.15%, 0, 0, 5, 6.38, 67537
1648643802, 100, 249, 320, 180, 2, 1.15%, 0, 0, 5, 6.12, 67846
1648643874, 102, 161, 320, 179, 1, 1.15%, 0, 0, 5, 7.39, 68417
1648643925, 102, 203, 320, 178, 0, 1.15%, 0, 0, 5, 6.13, 68729
1648643976, 103, 154, 320, 178, 0, 1.15%, 0, 0, 5, 6.05, 69010
1648644023, 103, 248, 320, 177, 0, 1.15%, 0, 0, 5, 5.87, 69293
1648644096, 104, 218, 320, 177, 0, 1.15%, 0, 0, 5, 5.54, 69635
1648644158, 104, 222, 320, 176, 0, 1.15%, 0, 0, 5, 5.58, 69980
1648644214, 105, 80, 320, 176, 0, 1.15%, 0, 0, 5, 5.94, 70285
1648644245, 105, 80, 322, 178, 0, 1.15%, 0, 0, 5, 5.02, 70458
1648644266, 105, 201, 322, 177, 3, 1.15%, 0, 0, 5, 5.80, 70572
1648644307, 105, 243, 322, 177, 3, 1.15%, 0, 0, 5, 6.18, 70880
1648644373, 106, 188, 322, 177, 3, 1.15%, 0, 0, 5, 5.05, 71191
1648644425, 106, 236, 322, 177, 3, 1.15%, 0, 0, 5, 5.43, 71438
1648644470, 107, 161, 322, 177, 3, 1.15%, 0, 0, 5, 7.13, 71774
1648644507, 107, 161, 323, 178, 3, 1.15%, 0, 0, 5, 5.53, 71978
1648644512, 107, 161, 324, 179, 3, 1.15%, 0, 0, 5, 5.06, 72003
1648644522, 107, 271, 324, 179, 3, 1.15%, 0, 0, 5, 4.86, 72056
1648644589, 108, 233, 324, 178, 2, 1.15%, 0, 0, 5, 6.52, 72388
1648644683, 108, 238, 324, 177, 1, 1.15%, 0, 0, 5, 6.81, 72966
1648644729, 108, 292, 324, 177, 1, 1.15%, 0, 0, 5, 5.31, 73262
1648644760, 108, 292, 325, 178, 1, 1.15%, 0, 0, 5, 5.24, 73454
1648644785, 109, 255, 325, 177, 3, 1.15%, 0, 0, 5, 5.31, 73606
1648644831, 110, 243, 325, 176, 2, 1.15%, 0, 0, 5, 4.92, 73938
1648644898, 110, 315, 325, 176, 2, 1.15%, 0, 0, 5, 4.72, 74248
1648644981, 111, 233, 325, 175, 1, 1.15%, 0, 0, 5, 6.48, 74675
1648645068, 111, 291, 325, 175, 1, 1.15%, 0, 0, 5, 5.25, 75257
1648645099, 112, 90, 325, 174, 0, 1.15%, 0, 0, 5, 5.73, 75407
1648645145, 112, 261, 325, 174, 0, 1.15%, 0, 0, 5, 5.49, 75660
1648645181, 112, 261, 326, 175, 0, 1.15%, 0, 0, 5, 9.03, 76078
1648645196, 113, 118, 326, 174, 3, 1.15%, 0, 0, 5, 10.26, 76250
1648645217, 113, 118, 327, 175, 3, 1.15%, 0, 0, 5, 6.73, 76388
1648645238, 113, 205, 327, 175, 3, 1.15%, 0, 0, 5, 5.97, 76515
1648645289, 113, 271, 327, 174, 2, 1.15%, 0, 0, 5, 5.51, 76867
1648645413, 114, 228, 327, 174, 2, 1.15%, 0, 0, 5, 5.81, 77449
1648645464, 114, 317, 327, 174, 2, 1.15%, 0, 0, 5, 4.98, 77741
1648645530, 114, 317, 328, 175, 2, 1.15%, 0, 0, 6, 4.94, 78087
1648645551, 115, 188, 328, 174, 1, 1.15%, 0, 0, 6, 5.09, 78197
1648645602, 115, 322, 328, 174, 1, 1.15%, 0, 0, 6, 5.23, 78445
1648645695, 116, 256, 328, 173, 0, 1.15%, 0, 0, 6, 5.38, 78883
1648645715, 116, 256, 329, 174, 0, 1.15%, 0, 0, 6, 5.58, 79000
1648645761, 117, 209, 329, 173, 0, 1.15%, 0, 0, 6, 7.24, 79252
1648645792, 117, 209, 330, 174, 0, 1.15%, 0, 0, 6, 5.61, 79435
1648645808, 117, 225, 330, 174, 0, 1.15%, 0, 0, 6, 6.03, 79524
1648645859, 117, 263, 330, 174, 0, 1.15%, 0, 0, 6, 7.25, 79835
1648645905, 117, 263, 331, 175, 0, 1.15%, 0, 0, 6, 6.86, 80204
1648645915, 117, 263, 332, 176, 0, 1.15%, 0, 0, 6, 7.28, 80278
1648645936, 117, 274, 332, 175, 2, 1.15%, 0, 0, 6, 6.88, 80422
1648645987, 117, 274, 333, 176, 2, 1.15%, 0, 0, 6, 5.37, 80738
1648646013, 117, 325, 333, 176, 2, 1.15%, 0, 0, 6, 7.86, 80892
1648646038, 117, 325, 334, 177, 2, 1.15%, 0, 0, 6, 8.75, 81110
1648646043, 117, 325, 335, 178, 2, 1.15%, 0, 0, 6, 6.80, 81138
1648646048, 117, 325, 336, 179, 2, 1.15%, 0, 0, 6, 7.29, 81172
1648646089, 118, 274, 336, 178, 2, 1.15%, 0, 0, 6, 6.97, 81485
1648646162, 119, 289, 336, 178, 2, 1.15%, 0, 0, 6, 5.22, 81896
1648646223, 120, 246, 336, 178, 2, 1.15%, 0, 0, 6, 5.75, 82241
1648646270, 120, 249, 336, 177, 1, 1.15%, 0, 0, 6, 6.54, 82553
1648646347, 121, 226, 336, 177, 1, 1.15%, 0, 0, 6, 7.14, 83140
1648646383, 121, 226, 337, 178, 1, 1.15%, 0, 0, 6, 5.41, 83355
1648646399, 121, 310, 337, 178, 1, 1.15%, 0, 0, 6, 6.29, 83452
1648646450, 121, 310, 338, 179, 1, 1.15%, 0, 0, 6, 5.26, 83732
1648646460, 122, 286, 338, 178, 2, 1.15%, 0, 0, 6, 5.22, 83784
1648646548, 123, 130, 338, 177, 1, 1.15%, 0, 0, 6, 5.78, 84368
1648646569, 123, 130, 339, 178, 1, 1.15%, 0, 0, 6, 7.36, 84508
1648646589, 123, 321, 340, 179, 1, 1.15%, 0, 0, 6, 5.29, 84639
1648646656, 124, 224, 340, 178, 0, 1.15%, 0, 0, 6, 6.25, 84956
1648646687, 124, 292, 340, 178, 0, 1.15%, 0, 0, 6, 5.13, 85113
1648646744, 124, 327, 340, 178, 0, 1.15%, 0, 0, 6, 5.55, 85460
1648646821, 125, 166, 340, 177, 0, 1.15%, 0, 0, 6, 6.80, 85898
1648646867, 125, 278, 340, 177, 0, 1.15%, 0, 0, 6, 7.23, 86205
1648646929, 125, 278, 341, 178, 0, 1.15%, 0, 0, 6, 6.48, 86646
1648646944, 125, 289, 341, 177, 0, 1.15%, 0, 0, 6, 6.89, 86759
1648647005, 125, 297, 341, 177, 0, 1.15%, 0, 0, 6, 8.34, 87121
1648647031, 126, 248, 341, 176, 0, 1.15%, 0, 0, 6, 11.87, 87428
1648647077, 126, 329, 341, 176, 0, 1.15%, 0, 0, 6, 4.80, 87751
1648647093, 126, 329, 342, 177, 0, 1.15%, 0, 0, 6, 5.49, 87842
1648647139, 127, 177, 342, 176, 0, 1.15%, 0, 0, 6, 5.11, 88090
1648647200, 127, 292, 342, 175, 0, 1.15%, 0, 0, 6, 5.05, 88381
1648647226, 127, 292, 343, 176, 0, 1.15%, 0, 0, 6, 5.35, 88555
1648647257, 128, 93, 343, 176, 1, 1.15%, 0, 0, 6, 7.47, 88750
1648647303, 128, 337, 343, 175, 1, 1.15%, 0, 0, 6, 6.14, 89030
1648647437, 128, 337, 344, 176, 1, 1.15%, 0, 0, 6, 4.72, 89751
1648647468, 129, 316, 344, 175, 0, 1.15%, 0, 0, 6, 6.30, 89914
1648647544, 130, 268, 344, 174, 0, 1.15%, 0, 0, 6, 7.07, 90474
1648647601, 131, 6, 344, 173, 0, 1.15%, 0, 0, 6, 6.93, 90789
1648647632, 131, 55, 344, 173, 0, 1.15%, 0, 0, 6, 8.48, 91068
1648647678, 131, 300, 345, 173, 0, 1.15%, 0, 0, 6, 6.00, 91346
1648647719, 131, 300, 346, 174, 0, 1.15%, 0, 0, 6, 6.55, 91651
1648647734, 131, 300, 348, 176, 0, 1.15%, 0, 0, 6, 6.36, 91756
1648647765, 132, 195, 348, 175, 3, 1.15%, 0, 0, 6, 5.99, 91959
1648647816, 133, 141, 348, 175, 3, 1.15%, 0, 0, 6, 5.09, 92201
1648647868, 133, 219, 348, 175, 3, 1.15%, 0, 0, 6, 5.62, 92481
1648647925, 133, 228, 348, 174, 3, 1.15%, 0, 0, 6, 5.03, 92772
1648647981, 133, 255, 348, 174, 3, 1.15%, 0, 0, 6, 4.73, 93042
1648648038, 133, 284, 348, 174, 3, 1.15%, 0, 0, 6, 5.88, 93375
1648648099, 134, 228, 348, 173, 2, 1.15%, 0, 0, 6, 5.16, 93692
1648648156, 135, 216, 348, 173, 2, 1.15%, 0, 0, 6, 6.10, 93970
1648648207, 135, 295, 348, 173, 2, 1.15%, 0, 0, 6, 6.84, 94315
1648648252, 136, 271, 348, 172, 1, 1.15%, 0, 0, 6, 6.01, 94594
1648648303, 136, 271, 349, 173, 1, 1.15%, 0, 0, 6, 5.42, 94931
1648648354, 137, 269, 349, 173, 0, 1.15%, 0, 0, 6, 6.23, 95199
1648648437, 137, 324, 349, 172, 0, 1.15%, 0, 0, 6, 6.56, 95772
1648648524, 138, 189, 349, 171, 0, 1.15%, 0, 0, 6, 4.81, 96208
1648648585, 138, 324, 349, 170, 0, 1.15%, 0, 0, 6, 4.71, 96501
1648648672, 138, 335, 349, 170, 0, 1.15%, 0, 0, 6, 5.74, 96948
1648648708, 138, 335, 350, 171, 0, 1.15%, 0, 0, 7, 5.91, 97161
1648648770, 138, 335, 351, 172, 0, 1.15%, 0, 0, 7, 5.13, 97490
1648648775, 138, 335, 352, 173, 0, 1.15%, 0, 0, 7, 4.84, 97515
1648648780, 139, 246, 352, 172, 1, 1.15%, 0, 0, 7, 5.06, 97542
1648648837, 140, 0, 352, 172, 1, 1.15%, 0, 0, 7, 8.22, 97863
1648648862, 140, 128, 352, 172, 1, 1.15%, 0, 0, 7, 9.23, 98096
1648648919, 140, 308, 352, 171, 0, 1.15%, 0, 0, 7, 9.62, 98421
1648648939, 140, 308, 353, 172, 0, 1.15%, 0, 0, 7, 8.53, 98605
1648648955, 141, 289, 353, 171, 0, 1.15%, 0, 0, 7, 8.11, 98738
1648649006, 141, 289, 354, 172, 0, 1.15%, 0, 0, 7, 5.15, 99023
1648649016, 141, 342, 354, 172, 2, 1.15%, 0, 0, 7, 5.46, 99077
1648649088, 142, 279, 354, 171, 1, 1.15%, 0, 0, 7, 5.19, 99504
1648649149, 142, 353, 354, 171, 1, 1.15%, 0, 0, 7, 8.41, 99826
1648649195, 143, 270, 354, 170, 0, 1.15%, 0, 0, 7, 7.99, 100264
1648649277, 143, 272, 354, 170, 0, 1.15%, 0, 0, 7, 6.90, 100815
1648649370, 143, 304, 355, 171, 0, 1.15%, 0, 0, 7, 6.58, 101268
1648649395, 143, 304, 356, 172, 0, 1.15%, 0, 0, 7, 6.76, 101468
1648649431, 143, 311, 356, 172, 0, 1.15%, 0, 0, 7, 9.79, 101716
1648649451, 143, 311, 357, 173, 0, 1.15%, 0, 0, 7, 11.00, 101924
1648649503, 144, 268, 357, 173, 0, 1.15%, 0, 0, 7, 4.33, 102286
1648649569, 145, 232, 357, 173, 0, 1.15%, 0, 0, 7, 4.09, 102591
