# unix_time, cycles_done, cur_path, paths_total, pending_total, pending_favs, map_size, unique_crashes, unique_hangs, max_depth, execs_per_sec, total_execs
1648633428, 0, 0, 3, 3, 2, 0.55%, 0, 0, 2, 11.33, 49
1648633433, 0, 0, 8, 8, 2, 0.57%, 0, 0, 2, 13.25, 116
1648633438, 0, 0, 10, 10, 2, 0.57%, 0, 0, 2, 15.63, 202
1648633444, 0, 0, 14, 14, 2, 0.57%, 0, 0, 2, 13.26, 262
1648633449, 0, 0, 15, 15, 2, 0.57%, 0, 0, 2, 9.76, 309
1648633454, 0, 0, 16, 16, 2, 0.58%, 0, 0, 2, 8.43, 349
1648633459, 0, 0, 22, 22, 2, 0.60%, 0, 0, 2, 11.55, 413
1648633464, 0, 0, 25, 25, 2, 0.61%, 0, 0, 2, 12.43, 475
1648633469, 0, 0, 29, 29, 2, 0.61%, 0, 0, 2, 9.96, 520
1648633474, 0, 0, 32, 32, 2, 0.62%, 0, 0, 2, 9.44, 565
1648633479, 0, 0, 34, 34, 2, 0.62%, 0, 0, 2, 9.35, 611
1648633484, 0, 0, 37, 37, 2, 0.63%, 0, 0, 2, 11.39, 669
1648633490, 0, 0, 38, 38, 2, 0.63%, 0, 0, 2, 12.37, 736
1648633495, 0, 0, 40, 40, 2, 0.63%, 0, 0, 2, 12.43, 801
1648633500, 0, 0, 43, 43, 2, 0.64%, 0, 0, 2, 9.29, 843
1648633505, 0, 4, 45, 44, 0, 0.65%, 0, 0, 3, 10.35, 900
1648633510, 0, 4, 46, 45, 0, 0.65%, 0, 0, 3, 10.90, 957
1648633515, 0, 4, 47, 46, 0, 0.65%, 0, 0, 3, 11.26, 1010
1648633521, 0, 4, 49, 48, 0, 0.65%, 0, 0, 3, 11.39, 1064
1648633526, 0, 4, 53, 52, 0, 0.68%, 0, 0, 3, 12.00, 1126
1648633531, 0, 4, 56, 55, 0, 0.69%, 0, 0, 3, 9.90, 1169
1648633536, 0, 4, 57, 56, 0, 0.69%, 0, 0, 3, 10.61, 1223
1648633541, 1, 0, 60, 58, 2, 0.69%, 0, 0, 3, 10.34, 1278
1648633546, 1, 0, 62, 60, 2, 0.69%, 0, 0, 3, 9.32, 1322
1648633551, 1, 0, 66, 64, 2, 0.72%, 0, 0, 3, 8.55, 1364
1648633557, 1, 0, 68, 66, 2, 0.73%, 0, 0, 3, 7.42, 1400
1648633562, 1, 0, 69, 67, 2, 0.73%, 0, 0, 3, 12.07, 1468
1648633567, 1, 0, 71, 69, 2, 0.74%, 0, 0, 3, 10.53, 1524
1648633572, 1, 0, 73, 71, 2, 0.75%, 0, 0, 3, 10.94, 1575
1648633577, 1, 0, 74, 72, 2, 0.75%, 0, 0, 3, 9.79, 1623
1648633582, 1, 0, 76, 74, 2, 0.75%, 0, 0, 3, 11.52, 1683
1648633587, 1, 0, 76, 74, 1, 0.75%, 0, 0, 3, 10.69, 1731
1648633592, 1, 0, 78, 76, 1, 0.76%, 0, 0, 3, 9.98, 1778
1648633597, 1, 0, 81, 79, 1, 0.77%, 0, 0, 3, 9.34, 1826
1648633603, 1, 0, 84, 82, 1, 0.77%, 0, 0, 3, 7.96, 1864
1648633608, 1, 0, 86, 84, 1, 0.78%, 0, 0, 3, 7.76, 1902
1648633613, 1, 0, 87, 85, 1, 0.79%, 0, 0, 3, 9.50, 1955
1648633618, 1, 0, 89, 87, 1, 0.79%, 0, 0, 3, 8.96, 1998
1648633623, 1, 0, 90, 88, 1, 0.80%, 0, 0, 3, 9.49, 2048
1648633633, 1, 0, 91, 89, 1, 0.81%, 0, 0, 3, 11.22, 2154
1648633643, 1, 0, 93, 91, 1, 0.83%, 0, 0, 3, 9.29, 2249
1648633648, 1, 0, 94, 92, 1, 0.83%, 0, 0, 3, 10.00, 2300
1648633669, 1, 0, 95, 93, 1, 0.83%, 0, 0, 3, 9.20, 2495
1648633674, 1, 0, 96, 94, 1, 0.83%, 0, 0, 3, 8.75, 2537
1648633679, 1, 0, 98, 96, 1, 0.84%, 0, 0, 3, 9.07, 2583
1648633684, 1, 0, 99, 97, 1, 0.84%, 0, 0, 3, 8.71, 2625
1648633694, 1, 0, 100, 98, 1, 0.84%, 0, 0, 3, 8.42, 2708
1648633704, 1, 0, 103, 101, 1, 0.85%, 0, 0, 3, 7.89, 2796
1648633710, 1, 0, 104, 102, 1, 0.85%, 0, 0, 3, 7.56, 2834
1648633715, 1, 0, 105, 103, 1, 0.85%, 0, 0, 3, 7.54, 2872
1648633725, 1, 0, 106, 104, 1, 0.85%, 0, 0, 3, 8.58, 2957
1648633730, 1, 0, 107, 105, 1, 0.85%, 0, 0, 3, 9.08, 3003
1648633735, 1, 0, 108, 106, 1, 0.86%, 0, 0, 3, 7.69, 3039
1648633740, 1, 0, 110, 108, 1, 0.86%, 0, 0, 3, 7.80, 3081
1648633751, 1, 0, 111, 109, 1, 0.87%, 0, 0, 3, 8.71, 3165
1648633756, 1, 0, 112, 110, 1, 0.87%, 0, 0, 3, 7.81, 3203
1648633766, 1, 0, 114, 112, 1, 0.87%, 0, 0, 3, 6.97, 3272
1648633776, 1, 0, 115, 113, 1, 0.87%, 0, 0, 3, 6.96, 3347
1648633782, 1, 1, 116, 114, 1, 0.87%, 0, 0, 3, 7.72, 3388
1648633787, 1, 1, 119, 117, 1, 0.87%, 0, 0, 3, 6.75, 3420
1648633792, 1, 1, 120, 118, 1, 0.88%, 0, 0, 3, 7.14, 3458
1648633797, 1, 1, 121, 119, 1, 0.89%, 0, 0, 3, 6.80, 3492
1648633802, 1, 1, 122, 120, 1, 0.90%, 0, 0, 3, 7.38, 3531
1648633808, 1, 1, 123, 121, 1, 0.93%, 0, 0, 3, 6.91, 3565
1648633813, 1, 1, 124, 122, 1, 0.93%, 0, 0, 3, 6.75, 3599
1648633818, 1, 1, 125, 123, 1, 0.97%, 0, 0, 3, 6.92, 3633
1648633823, 1, 1, 128, 126, 1, 0.97%, 0, 0, 3, 6.44, 3665
1648633833, 1, 32, 128, 125, 0, 0.97%, 0, 0, 3, 8.51, 3748
1648633849, 1, 32, 130, 127, 0, 0.98%, 0, 0, 3, 8.09, 3867
1648633854, 1, 32, 131, 128, 0, 0.98%, 0, 0, 3, 7.53, 3903
1648633859, 1, 32, 132, 129, 0, 0.99%, 0, 0, 3, 7.57, 3941
1648633864, 1, 32, 133, 130, 0, 0.99%, 0, 0, 3, 7.21, 3978
1648633869, 1, 32, 134, 131, 0, 0.99%, 0, 0, 3, 8.63, 4024
1648633875, 2, 3, 134, 130, 0, 0.99%, 0, 0, 3, 8.65, 4072
1648633880, 2, 3, 135, 131, 0, 0.99%, 0, 0, 3, 7.84, 4112
1648633906, 2, 54, 137, 132, 0, 0.99%, 0, 0, 4, 5.57, 4318
1648633921, 2, 54, 138, 133, 0, 0.99%, 0, 0, 4, 5.74, 4412
1648633942, 2, 54, 139, 134, 0, 0.99%, 0, 0, 4, 5.76, 4537
1648633952, 3, 22, 139, 133, 0, 0.99%, 0, 0, 4, 6.07, 4598
1648633962, 3, 22, 140, 134, 0, 0.99%, 0, 0, 4, 9.06, 4701
1648633967, 3, 22, 141, 135, 0, 0.99%, 0, 0, 4, 7.71, 4736
1648633983, 3, 22, 142, 136, 0, 0.99%, 0, 0, 4, 9.51, 4868
1648633988, 4, 61, 144, 137, 0, 0.99%, 0, 0, 4, 13.27, 4944
1648633998, 4, 61, 147, 140, 0, 0.99%, 0, 0, 4, 10.03, 5045
1648634008, 4, 61, 148, 141, 0, 1.00%, 0, 0, 4, 8.48, 5137
1648634013, 4, 61, 150, 143, 0, 1.01%, 0, 0, 4, 10.16, 5192
1648634019, 4, 63, 150, 142, 0, 1.01%, 0, 0, 4, 9.80, 5242
1648634029, 4, 63, 151, 143, 0, 1.01%, 0, 0, 4, 7.23, 5316
1648634034, 4, 63, 153, 145, 0, 1.01%, 0, 0, 4, 6.54, 5346
1648634039, 4, 63, 154, 146, 0, 1.01%, 0, 0, 4, 6.03, 5377
1648634044, 4, 63, 155, 147, 0, 1.01%, 0, 0, 4, 6.63, 5410
1648634069, 4, 63, 156, 148, 0, 1.01%, 0, 0, 4, 6.42, 5580
1648634075, 4, 63, 157, 149, 0, 1.01%, 0, 0, 4, 6.09, 5611
1648634085, 4, 88, 157, 148, 0, 1.01%, 0, 0, 4, 8.67, 5683
1648634090, 4, 88, 158, 149, 0, 1.01%, 0, 0, 4, 8.91, 5732
1648634095, 4, 88, 159, 150, 0, 1.01%, 0, 0, 4, 8.37, 5772
1648634106, 4, 88, 160, 151, 0, 1.01%, 0, 0, 4, 8.45, 5857
1648634111, 4, 88, 161, 152, 0, 1.02%, 0, 0, 4, 8.95, 5904
1648634116, 4, 88, 163, 154, 0, 1.02%, 0, 0, 4, 8.56, 5947
1648634126, 4, 91, 163, 153, 0, 1.02%, 0, 0, 4, 9.77, 6042
1648634142, 4, 91, 164, 154, 0, 1.02%, 0, 0, 4, 7.48, 6157
1648634152, 4, 91, 165, 155, 0, 1.02%, 0, 0, 4, 10.53, 6254
1648634163, 4, 91, 166, 156, 0, 1.02%, 0, 0, 4, 7.27, 6333
1648634168, 4, 119, 166, 155, 0, 1.02%, 0, 0, 4, 6.58, 6366
1648634189, 4, 119, 167, 156, 0, 1.02%, 0, 0, 4, 5.67, 6484
1648634220, 4, 149, 167, 155, 0, 1.02%, 0, 0, 4, 5.60, 6657
1648634230, 4, 149, 168, 156, 0, 1.02%, 0, 0, 4, 13.30, 6818
1648634241, 4, 149, 169, 157, 0, 1.03%, 0, 0, 4, 12.51, 6943
1648634246, 4, 149, 171, 159, 0, 1.03%, 0, 0, 4, 12.04, 7006
1648634251, 5, 1, 172, 159, 5, 1.03%, 0, 0, 4, 11.51, 7068
1648634256, 5, 1, 173, 160, 5, 1.03%, 0, 0, 4, 9.09, 7110
1648634277, 5, 46, 173, 160, 4, 1.03%, 0, 0, 4, 9.55, 7296
1648634282, 5, 46, 174, 161, 4, 1.03%, 0, 0, 4, 7.50, 7330
1648634292, 5, 46, 175, 162, 4, 1.03%, 0, 0, 4, 6.91, 7398
1648634308, 5, 46, 176, 163, 4, 1.04%, 0, 0, 4, 7.55, 7512
1648634313, 5, 46, 177, 164, 4, 1.04%, 0, 0, 4, 7.12, 7546
1648634328, 6, 1, 179, 165, 3, 1.04%, 0, 0, 4, 11.16, 7682
1648634338, 6, 1, 180, 166, 3, 1.04%, 0, 0, 4, 9.50, 7781
1648634344, 6, 1, 182, 168, 3, 1.04%, 0, 0, 4, 8.22, 7822
1648634349, 6, 1, 183, 169, 3, 1.04%, 0, 0, 4, 9.05, 7866
1648634359, 6, 1, 183, 169, 2, 1.04%, 0, 0, 4, 10.08, 7969
1648634364, 6, 1, 184, 170, 2, 1.04%, 0, 0, 4, 8.88, 8014
1648634369, 6, 1, 185, 171, 2, 1.04%, 0, 0, 4, 7.78, 8050
1648634374, 6, 1, 186, 172, 2, 1.04%, 0, 0, 4, 8.44, 8095
1648634379, 6, 1, 188, 174, 2, 1.04%, 0, 0, 4, 7.74, 8131
1648634390, 6, 1, 189, 175, 2, 1.04%, 0, 0, 4, 9.87, 8227
1648634395, 6, 1, 190, 176, 2, 1.04%, 0, 0, 4, 9.31, 8275
1648634400, 6, 1, 191, 177, 2, 1.05%, 0, 0, 4, 8.24, 8314
1648634405, 6, 34, 191, 177, 0, 1.05%, 0, 0, 4, 8.15, 8356
1648634410, 6, 34, 193, 179, 0, 1.05%, 0, 0, 4, 7.15, 8392
1648634426, 6, 34, 195, 181, 0, 1.05%, 0, 0, 4, 6.87, 8497
1648634446, 7, 1, 196, 181, 4, 1.06%, 0, 0, 4, 8.26, 8647
1648634456, 7, 1, 197, 182, 4, 1.06%, 0, 0, 4, 8.61, 8737
1648634461, 7, 1, 198, 183, 4, 1.06%, 0, 0, 4, 9.51, 8787
1648634467, 7, 1, 199, 184, 4, 1.06%, 0, 0, 4, 8.11, 8824
1648634477, 7, 1, 199, 184, 1, 1.06%, 0, 0, 4, 10.01, 8923
1648634492, 7, 1, 201, 186, 1, 1.06%, 0, 0, 4, 7.46, 9043
1648634502, 7, 1, 202, 187, 1, 1.06%, 0, 0, 4, 7.81, 9127
1648634513, 7, 1, 205, 190, 1, 1.06%, 0, 0, 4, 8.02, 9205
1648634518, 7, 1, 205, 190, 3, 1.06%, 0, 0, 4, 8.21, 9249
1648634523, 7, 1, 206, 191, 3, 1.06%, 0, 0, 4, 8.41, 9291
1648634533, 7, 1, 207, 192, 3, 1.06%, 0, 0, 4, 7.75, 9367
1648634544, 7, 1, 209, 194, 3, 1.06%, 0, 0, 4, 7.92, 9446
1648634554, 7, 64, 209, 194, 3, 1.06%, 0, 0, 4, 7.80, 9524
1648634590, 7, 64, 210, 195, 3, 1.06%, 0, 0, 4, 5.80, 9754
1648634601, 8, 45, 210, 194, 0, 1.06%, 0, 0, 4, 7.67, 9827
1648634616, 8, 45, 211, 195, 0, 1.06%, 0, 0, 4, 8.18, 9950
1648634622, 8, 45, 212, 196, 0, 1.06%, 0, 0, 4, 7.70, 9988
1648634637, 9, 10, 213, 196, 0, 1.06%, 0, 0, 4, 7.26, 10104
1648634683, 9, 136, 213, 195, 0, 1.06%, 0, 0, 4, 8.75, 10402
1648634688, 10, 22, 213, 194, 0, 1.06%, 0, 0, 4, 11.27, 10462
1648634694, 10, 22, 214, 195, 0, 1.06%, 0, 0, 4, 9.66, 10506
1648634709, 10, 22, 215, 196, 0, 1.06%, 0, 0, 4, 9.98, 10662
1648634714, 10, 22, 216, 197, 0, 1.06%, 0, 0, 4, 8.65, 10704
1648634719, 10, 142, 216, 197, 0, 1.06%, 0, 0, 4, 17.32, 10798
1648634725, 10, 142, 217, 198, 0, 1.06%, 0, 0, 4, 13.87, 10871
1648634740, 10, 150, 218, 198, 0, 1.06%, 0, 0, 4, 13.97, 11071
1648634750, 10, 150, 220, 200, 0, 1.07%, 0, 0, 4, 11.32, 11207
1648634755, 10, 150, 221, 201, 0, 1.07%, 0, 0, 4, 10.48, 11259
1648634776, 10, 157, 221, 200, 2, 1.07%, 0, 0, 4, 10.22, 11475
1648634817, 10, 164, 221, 199, 1, 1.07%, 0, 0, 4, 9.33, 11787
1648634833, 10, 164, 222, 200, 1, 1.07%, 0, 0, 4, 8.85, 11934
1648634848, 10, 164, 223, 201, 1, 1.07%, 0, 0, 4, 9.55, 12075
1648634853, 11, 142, 223, 200, 0, 1.07%, 0, 0, 4, 12.69, 12137
1648634858, 11, 142, 224, 201, 0, 1.07%, 0, 0, 4, 16.68, 12225
1648634863, 11, 142, 226, 203, 0, 1.07%, 0, 0, 4, 14.02, 12287
1648634873, 12, 149, 226, 203, 0, 1.07%, 0, 0, 4, 13.15, 12430
1648634894, 13, 3, 227, 204, 0, 1.07%, 0, 0, 4, 12.56, 12696
1648634920, 13, 171, 228, 205, 0, 1.07%, 0, 0, 4, 8.90, 12946
1648634945, 13, 171, 229, 206, 0, 1.07%, 0, 0, 4, 10.43, 13220
1648634956, 14, 35, 230, 206, 0, 1.07%, 0, 0, 4, 13.00, 13328
1648634961, 14, 35, 231, 207, 0, 1.07%, 0, 0, 4, 12.95, 13393
1648634976, 14, 77, 231, 206, 0, 1.07%, 0, 0, 4, 14.30, 13608
1648634981, 14, 77, 232, 207, 0, 1.07%, 0, 0, 4, 11.28, 13660
1648634991, 14, 77, 233, 208, 0, 1.07%, 0, 0, 4, 10.39, 13759
1648634997, 14, 77, 234, 209, 0, 1.07%, 0, 0, 4, 10.11, 13812
1648635007, 15, 60, 235, 209, 0, 1.07%, 0, 0, 4, 9.15, 13913
1648635022, 15, 60, 236, 210, 0, 1.07%, 0, 0, 4, 6.17, 14007
1648635038, 15, 60, 237, 211, 0, 1.07%, 0, 0, 4, 5.98, 14100
1648635043, 15, 60, 238, 212, 0, 1.08%, 0, 0, 4, 5.80, 14129
1648635059, 15, 86, 238, 211, 7, 1.08%, 0, 0, 4, 7.61, 14231
1648635096, 15, 86, 239, 212, 7, 1.08%, 0, 0, 4, 7.44, 14487
1648635101, 15, 105, 239, 211, 6, 1.08%, 0, 0, 4, 7.89, 14524
1648635126, 15, 105, 240, 212, 6, 1.08%, 0, 0, 4, 6.84, 14700
1648635147, 15, 109, 240, 211, 4, 1.08%, 0, 0, 4, 6.72, 14835
1648635194, 16, 98, 240, 210, 3, 1.08%, 0, 0, 4, 6.57, 15123
1648635215, 16, 98, 241, 211, 3, 1.08%, 0, 0, 4, 5.75, 15248
1648635220, 16, 98, 242, 212, 3, 1.08%, 0, 0, 4, 5.98, 15279
1648635241, 17, 86, 242, 211, 2, 1.08%, 0, 0, 4, 7.31, 15408
1648635267, 17, 86, 243, 212, 2, 1.08%, 0, 0, 4, 6.84, 15600
1648635277, 18, 30, 244, 213, 0, 1.08%, 0, 0, 4, 8.77, 15685
1648635292, 18, 30, 245, 214, 0, 1.08%, 0, 0, 4, 8.17, 15826
1648635308, 18, 137, 246, 214, 0, 1.08%, 0, 0, 4, 7.28, 15954
1648635355, 18, 139, 246, 213, 0, 1.08%, 0, 0, 4, 8.68, 16287
1648635391, 19, 49, 247, 213, 0, 1.08%, 0, 0, 4, 7.50, 16581
1648635401, 19, 49, 248, 214, 0, 1.08%, 0, 0, 4, 11.19, 16698
1648635416, 19, 149, 248, 213, 0, 1.08%, 0, 0, 4, 11.33, 16875
1648635447, 19, 149, 249, 214, 0, 1.09%, 0, 0, 4, 6.62, 17079
1648635457, 19, 218, 249, 214, 2, 1.09%, 0, 0, 4, 6.69, 17145
1648635488, 19, 218, 251, 216, 2, 1.10%, 0, 0, 5, 5.70, 17358
1648635550, 20, 160, 251, 215, 1, 1.10%, 0, 0, 5, 8.99, 17758
1648635570, 20, 160, 252, 216, 1, 1.10%, 0, 0, 5, 8.31, 17933
1648635576, 20, 160, 253, 217, 1, 1.10%, 0, 0, 5, 6.78, 17963
1648635586, 20, 160, 254, 218, 1, 1.10%, 0, 0, 5, 7.30, 18033
1648635596, 20, 221, 254, 217, 1, 1.10%, 0, 0, 5, 7.88, 18114
1648635622, 20, 221, 255, 218, 1, 1.10%, 0, 0, 5, 7.86, 18349
1648635674, 20, 223, 255, 217, 0, 1.10%, 0, 0, 5, 8.70, 18726
1648635797, 21, 168, 255, 216, 0, 1.10%, 0, 0, 5, 21.03, 19979
1648635828, 21, 168, 256, 217, 0, 1.10%, 0, 0, 5, 12.30, 20472
1648635843, 21, 168, 257, 218, 0, 1.10%, 0, 0, 5, 12.95, 20690
1648635853, 22, 25, 257, 217, 1, 1.10%, 0, 0, 5, 9.24, 20793
1648635858, 22, 25, 258, 218, 1, 1.10%, 0, 0, 5, 7.52, 20827
1648635889, 22, 173, 258, 217, 0, 1.10%, 0, 0, 5, 11.54, 21072
1648635909, 23, 58, 258, 217, 0, 1.10%, 0, 0, 5, 13.17, 21346
1648635940, 23, 58, 259, 218, 0, 1.10%, 0, 0, 5, 8.74, 21590
1648635945, 23, 78, 259, 217, 0, 1.10%, 0, 0, 5, 11.28, 21652
1648635976, 24, 66, 259, 216, 0, 1.10%, 0, 0, 5, 7.81, 21917
1648636013, 24, 66, 260, 217, 0, 1.10%, 0, 0, 5, 6.07, 22136
1648636023, 24, 102, 260, 216, 0, 1.10%, 0, 0, 5, 7.50, 22205
1648636028, 24, 102, 261, 217, 0, 1.10%, 0, 0, 5, 7.50, 22245
1648636059, 24, 102, 262, 218, 0, 1.10%, 0, 0, 5, 7.72, 22469
1648636064, 24, 106, 262, 217, 0, 1.10%, 0, 0, 5, 7.76, 22510
1648636111, 24, 114, 262, 216, 0, 1.10%, 0, 0, 5, 6.32, 22804
1648636158, 24, 115, 262, 215, 0, 1.10%, 0, 0, 5, 6.38, 23091
1648636204, 25, 21, 263, 215, 0, 1.10%, 0, 0, 5, 6.39, 23371
1648636230, 25, 89, 263, 214, 0, 1.10%, 0, 0, 5, 14.70, 23696
1648636235, 25, 89, 264, 215, 0, 1.10%, 0, 0, 5, 15.10, 23771
1648636240, 25, 89, 265, 216, 0, 1.10%, 0, 0, 5, 11.86, 23826
1648636245, 25, 89, 266, 217, 0, 1.10%, 0, 0, 5, 12.56, 23892
1648636250, 26, 31, 267, 217, 0, 1.10%, 0, 0, 5, 10.76, 23948
1648636276, 26, 31, 268, 218, 0, 1.10%, 0, 0, 5, 5.79, 24097
1648636297, 26, 138, 268, 217, 0, 1.10%, 0, 0, 5, 6.24, 24221
1648636348, 26, 140, 268, 216, 0, 1.10%, 0, 0, 5, 8.61, 24543
1648636379, 26, 140, 269, 217, 0, 1.10%, 0, 0, 5, 7.14, 24801
1648636385, 27, 168, 269, 216, 0, 1.10%, 0, 0, 5, 14.80, 24879
1648636395, 27, 168, 271, 218, 0, 1.11%, 0, 0, 5, 12.22, 25002
1648636400, 27, 168, 272, 219, 0, 1.11%, 0, 0, 5, 11.46, 25061
1648636410, 27, 220, 272, 219, 3, 1.11%, 0, 0, 5, 14.58, 25192
1648636425, 27, 220, 273, 220, 3, 1.11%, 0, 0, 5, 12.50, 25437
1648636435, 27, 220, 274, 221, 3, 1.11%, 0, 0, 5, 12.13, 25560
1648636456, 27, 251, 274, 220, 2, 1.11%, 0, 0, 5, 9.67, 25786
1648636513, 27, 254, 274, 219, 1, 1.11%, 0, 0, 5, 9.35, 26208
1648636559, 27, 254, 275, 220, 1, 1.11%, 0, 0, 6, 6.65, 26583
1648636590, 28, 224, 275, 219, 0, 1.11%, 0, 0, 6, 8.31, 26796
1648636595, 28, 224, 276, 220, 0, 1.11%, 0, 0, 6, 9.11, 26844
1648636621, 28, 224, 277, 221, 0, 1.11%, 0, 0, 6, 7.53, 27065
1648636646, 28, 224, 278, 222, 0, 1.11%, 0, 0, 6, 7.02, 27262
1648636662, 29, 193, 278, 221, 0, 1.11%, 0, 0, 6, 10.62, 27387
1648636677, 29, 193, 279, 222, 0, 1.11%, 0, 0, 6, 15.77, 27650
1648636688, 29, 270, 279, 221, 0, 1.11%, 0, 0, 6, 13.67, 27778
1648636739, 30, 242, 280, 221, 4294967295, 1.11%, 0, 0, 6, 7.68, 28322
1648636775, 31, 176, 280, 220, 3, 1.11%, 0, 0, 6, 6.59, 28536
1648636858, 32, 74, 280, 219, 2, 1.11%, 0, 0, 6, 18.08, 29183
1648636863, 32, 74, 281, 220, 2, 1.11%, 0, 0, 6, 15.49, 29261
1648636868, 32, 74, 282, 221, 2, 1.11%, 0, 0, 6, 14.58, 29335
1648636878, 32, 188, 282, 220, 2, 1.11%, 0, 0, 6, 14.96, 29487
1648636883, 32, 188, 283, 221, 2, 1.11%, 0, 0, 6, 12.40, 29550
1648636894, 32, 188, 284, 222, 2, 1.11%, 0, 0, 6, 9.17, 29642
1648636904, 32, 188, 286, 224, 2, 1.11%, 0, 0, 6, 10.21, 29746
1648636914, 33, 144, 286, 223, 1, 1.11%, 0, 0, 6, 9.91, 29845
1648636930, 33, 144, 287, 224, 1, 1.11%, 0, 0, 6, 13.22, 30085
1648636935, 33, 144, 288, 225, 1, 1.11%, 0, 0, 6, 12.02, 30148
1648636940, 34, 109, 288, 224, 6, 1.11%, 0, 0, 6, 11.07, 30204
1648636950, 34, 109, 289, 225, 6, 1.11%, 0, 0, 6, 6.57, 30267
1648636987, 34, 120, 289, 225, 1, 1.11%, 0, 0, 6, 6.75, 30481
1648637023, 34, 120, 290, 226, 1, 1.11%, 0, 0, 6, 6.53, 30741
1648637028, 35, 116, 290, 225, 0, 1.11%, 0, 0, 6, 6.72, 30776
1648637074, 35, 116, 290, 224, 0, 1.11%, 0, 0, 6, 6.23, 31048
1648637095, 36, 74, 290, 224, 0, 1.11%, 0, 0, 6, 17.55, 31171
1648637111, 36, 111, 290, 224, 0, 1.11%, 0, 0, 6, 15.76, 31447
1648637163, 37, 42, 290, 223, 0, 1.11%, 0, 0, 6, 6.23, 31753
1648637204, 37, 151, 290, 222, 0, 1.11%, 0, 0, 6, 5.97, 32002
1648637262, 38, 141, 291, 222, 0, 1.11%, 0, 0, 6, 10.26, 32358
1648637282, 38, 141, 292, 223, 0, 1.11%, 0, 0, 6, 11.90, 32579
1648637287, 39, 216, 292, 222, 0, 1.11%, 0, 0, 6, 9.74, 32627
1648637359, 39, 273, 292, 221, 0, 1.11%, 0, 0, 6, 7.52, 33194
1648637364, 39, 273, 293, 222, 0, 1.11%, 0, 0, 6, 8.19, 33237
1648637385, 39, 273, 294, 223, 0, 1.11%, 0, 0, 6, 7.65, 33405
1648637390, 39, 273, 295, 224, 0, 1.11%, 0, 0, 6, 7.03, 33437
1648637395, 39, 273, 296, 225, 0, 1.11%, 0, 0, 6, 8.14, 33479
1648637436, 40, 252, 297, 225, 1, 1.11%, 0, 0, 6, 8.14, 33805
1648637498, 41, 222, 298, 225, 0, 1.11%, 0, 0, 6, 4.72, 34249
1648637596, 41, 225, 298, 224, 0, 1.11%, 0, 0, 6, 6.06, 34832
1648637699, 42, 194, 298, 223, 0, 1.11%, 0, 0, 6, 6.04, 35412
1648637714, 42, 194, 299, 224, 0, 1.11%, 0, 0, 6, 5.51, 35496
1648637756, 42, 270, 299, 223, 0, 1.11%, 0, 0, 6, 10.74, 35751
1648637786, 42, 270, 300, 224, 0, 1.12%, 0, 0, 6, 10.75, 36138
1648637807, 43, 237, 300, 224, 1, 1.12%, 0, 0, 6, 10.71, 36341
1648637812, 43, 237, 302, 226, 1, 1.13%, 0, 0, 6, 9.68, 36392
1648637833, 43, 237, 303, 227, 1, 1.13%, 0, 0, 6, 9.03, 36580
1648637843, 44, 50, 303, 226, 2, 1.13%, 0, 0, 6, 12.03, 36696
1648637858, 44, 50, 305, 228, 2, 1.13%, 0, 0, 6, 9.35, 36845
1648637869, 44, 249, 305, 227, 1, 1.13%, 0, 0, 6, 7.92, 36936
1648637951, 45, 123, 305, 226, 0, 1.13%, 0, 0, 6, 6.66, 37411
1648637961, 45, 123, 306, 227, 0, 1.13%, 0, 0, 6, 5.90, 37471
1648637987, 45, 214, 306, 226, 3, 1.13%, 0, 0, 6, 8.90, 37633
1648638023, 46, 189, 306, 225, 2, 1.13%, 0, 0, 6, 7.36, 37941
1648638049, 46, 189, 307, 226, 2, 1.13%, 0, 0, 6, 7.49, 38158
1648638075, 46, 215, 307, 225, 1, 1.13%, 0, 0, 6, 9.07, 38356
1648638111, 46, 292, 308, 225, 0, 1.13%, 0, 0, 7, 7.89, 38658
1648638147, 46, 292, 309, 226, 0, 1.13%, 0, 0, 7, 7.05, 38933
1648638152, 46, 292, 310, 227, 0, 1.13%, 0, 0, 7, 6.19, 38964
1648638168, 46, 292, 311, 228, 0, 1.13%, 0, 0, 7, 7.43, 39082
1648638199, 47, 144, 311, 227, 1, 1.13%, 0, 0, 7, 7.82, 39306
1648638251, 47, 148, 311, 227, 1, 1.13%, 0, 0, 7, 8.64, 39601
1648638281, 47, 148, 312, 228, 1, 1.13%, 0, 0, 7, 8.12, 39854
1648638291, 47, 293, 312, 227, 0, 1.13%, 0, 0, 7, 5.36, 39920
1648638337, 48, 270, 312, 226, 0, 1.13%, 0, 0, 7, 9.91, 40192
1648638389, 49, 201, 312, 226, 0, 1.13%, 0, 0, 7, 9.00, 40751
1648638445, 50, 147, 313, 226, 0, 1.13%, 0, 0, 7, 3.33, 41083
1648638507, 51, 66, 313, 225, 0, 1.13%, 0, 0, 7, 6.60, 41450
1648638548, 51, 125, 313, 225, 0, 1.13%, 0, 0, 7, 6.57, 41704
1648638595, 52, 81, 313, 224, 0, 1.13%, 0, 0, 7, 6.15, 41967
1648638641, 52, 297, 313, 223, 0, 1.13%, 0, 0, 7, 5.78, 42239
1648638713, 53, 232, 313, 222, 0, 1.13%, 0, 0, 7, 6.34, 42679
1648638764, 54, 126, 313, 221, 0, 1.13%, 0, 0, 7, 6.94, 43037
1648638780, 54, 240, 313, 220, 0, 1.13%, 0, 0, 7, 5.77, 43127
1648638785, 54, 240, 314, 221, 0, 1.13%, 0, 0, 7, 4.93, 43153
1648638842, 54, 256, 315, 221, 0, 1.13%, 0, 0, 7, 9.10, 43483
1648638883, 54, 256, 316, 222, 0, 1.13%, 0, 0, 7, 6.75, 43822
1648638918, 55, 167, 316, 221, 3, 1.13%, 0, 0, 7, 11.40, 44075
1648638985, 56, 55, 316, 220, 3, 1.13%, 0, 0, 7, 10.99, 44959
1648638990, 56, 55, 318, 222, 3, 1.13%, 0, 0, 7, 9.99, 45010
1648639011, 56, 274, 318, 221, 2, 1.13%, 0, 0, 7, 8.89, 45197
1648639057, 56, 274, 319, 222, 2, 1.13%, 0, 0, 7, 5.36, 45446
1648639094, 56, 279, 319, 221, 1, 1.13%, 0, 0, 7, 5.66, 45644
1648639166, 57, 75, 319, 220, 0, 1.13%, 0, 0, 7, 9.42, 46095
1648639191, 57, 166, 319, 219, 0, 1.13%, 0, 0, 7, 14.08, 46384
1648639196, 57, 166, 320, 220, 0, 1.13%, 0, 0, 7, 15.84, 46473
1648639217, 57, 289, 320, 219, 0, 1.13%, 0, 0, 7, 10.99, 46720
1648639258, 58, 108, 320, 218, 0, 1.13%, 0, 0, 7, 7.40, 47052
1648639304, 58, 317, 320, 217, 0, 1.13%, 0, 0, 7, 6.51, 47330
1648639346, 59, 44, 320, 216, 0, 1.13%, 0, 0, 7, 7.10, 47628
1648639361, 59, 44, 321, 217, 0, 1.13%, 0, 0, 7, 7.23, 47736
1648639382, 59, 159, 321, 216, 0, 1.13%, 0, 0, 7, 8.64, 47880
1648639418, 60, 148, 321, 215, 0, 1.13%, 0, 0, 7, 0.00, 48189
1648639465, 60, 316, 321, 215, 0, 1.13%, 0, 0, 7, 6.41, 48460
1648639552, 61, 209, 321, 214, 0, 1.13%, 0, 0, 7, 6.26, 49039
1648639609, 62, 83, 321, 213, 0, 1.13%, 0, 0, 7, 5.43, 49340
1648639650, 62, 107, 321, 212, 0, 1.13%, 0, 0, 7, 9.87, 49673
1648639655, 62, 107, 322, 213, 0, 1.13%, 0, 0, 7, 8.49, 49712
1648639687, 63, 275, 322, 212, 0, 1.13%, 0, 0, 7, 17.01, 49999
1648639702, 63, 275, 323, 213, 0, 1.13%, 0, 0, 7, 14.67, 50282
1648639727, 63, 317, 323, 212, 0, 1.13%, 0, 0, 7, 9.11, 50562
1648639815, 64, 293, 323, 212, 0, 1.13%, 0, 0, 7, 5.49, 51122
1648639861, 65, 41, 323, 212, 0, 1.13%, 0, 0, 7, 6.52, 51380
1648639903, 65, 234, 323, 211, 0, 1.13%, 0, 0, 7, 6.78, 51639
1648639959, 66, 105, 323, 210, 0, 1.13%, 0, 0, 7, 7.43, 51989
1648639970, 66, 105, 324, 211, 0, 1.13%, 0, 0, 7, 6.77, 52057
1648640000, 66, 190, 324, 211, 2, 1.13%, 0, 0, 7, 6.90, 52256
1648640052, 66, 190, 325, 212, 2, 1.13%, 0, 0, 7, 5.75, 52555
1648640057, 67, 99, 325, 211, 1, 1.13%, 0, 0, 7, 7.22, 52590
1648640093, 67, 260, 325, 210, 0, 1.13%, 0, 0, 7, 7.28, 52874
1648640098, 67, 260, 327, 212, 0, 1.13%, 0, 0, 7, 7.55, 52911
1648640139, 68, 204, 327, 211, 0, 1.13%, 0, 0, 7, 9.63, 53223
1648640175, 69, 146, 327, 210, 0, 1.13%, 0, 0, 7, 7.72, 53558
1648640227, 69, 255, 327, 209, 0, 1.13%, 0, 0, 7, 7.80, 53898
1648640258, 69, 255, 328, 210, 0, 1.13%, 0, 0, 7, 7.55, 54163
1648640299, 70, 6, 328, 209, 0, 1.13%, 0, 0, 7, 8.78, 54504
1648640314, 70, 6, 329, 210, 0, 1.13%, 0, 0, 7, 9.54, 54648
1648640319, 70, 6, 330, 211, 0, 1.13%, 0, 0, 7, 9.98, 54701
1648640325, 70, 268, 330, 210, 0, 1.13%, 0, 0, 7, 9.65, 54750
1648640397, 71, 8, 330, 209, 0, 1.13%, 0, 0, 7, 10.85, 55374
1648640417, 71, 166, 330, 208, 0, 1.13%, 0, 0, 7, 10.68, 55594
1648640433, 71, 166, 331, 209, 0, 1.13%, 0, 0, 7, 10.54, 55751
1648640448, 71, 242, 332, 210, 1, 1.13%, 0, 0, 7, 7.23, 55880
1648640505, 71, 288, 332, 210, 1, 1.13%, 0, 0, 7, 10.63, 56229
1648640536, 72, 211, 333, 210, 0, 1.13%, 0, 0, 7, 8.29, 56502
1648640588, 72, 211, 334, 211, 0, 1.14%, 0, 0, 7, 6.32, 56844
1648640603, 73, 73, 334, 210, 3, 1.14%, 0, 0, 7, 6.59, 56942
1648640650, 73, 290, 334, 209, 2, 1.14%, 0, 0, 7, 6.68, 57239
1648640731, 74, 20, 336, 210, 0, 1.14%, 0, 0, 7, 7.11, 57820
1648640757, 74, 148, 336, 209, 0, 1.14%, 0, 0, 7, 9.61, 58079
1648640777, 74, 148, 337, 210, 0, 1.15%, 0, 0, 7, 7.41, 58220
1648640798, 75, 21, 337, 210, 0, 1.15%, 0, 0, 7, 5.69, 58344
1648640829, 75, 322, 337, 210, 0, 1.15%, 0, 0, 7, 9.26, 58615
1648640834, 75, 322, 339, 212, 0, 1.15%, 0, 0, 7, 8.23, 58655
1648640895, 75, 322, 340, 213, 0, 1.15%, 0, 0, 7, 10.97, 59199
1648640900, 76, 219, 340, 212, 0, 1.15%, 0, 0, 7, 5.21, 59226
1648641009, 76, 297, 340, 211, 0, 1.15%, 0, 0, 7, 6.12, 59817
1648641082, 78, 90, 340, 211, 0, 1.15%, 0, 0, 7, 8.81, 60273
1648641112, 78, 163, 340, 210, 0, 1.15%, 0, 0, 7, 7.95, 60526
1648641153, 79, 132, 340, 209, 0, 1.15%, 0, 0, 7, 7.14, 60821
1648641205, 79, 272, 340, 208, 0, 1.15%, 0, 0, 7, 5.70, 61126
1648641307, 79, 338, 340, 207, 0, 1.15%, 0, 0, 7, 8.91, 61727
1648641354, 80, 301, 341, 207, 0, 1.15%, 0, 0, 7, 18.85, 62218
1648641364, 80, 301, 342, 208, 0, 1.15%, 0, 0, 7, 13.61, 62392
1648641369, 80, 301, 343, 209, 0, 1.15%, 0, 0, 7, 11.44, 62447
1648641395, 81, 196, 343, 208, 3, 1.15%, 0, 0, 7, 9.65, 62745
1648641441, 81, 196, 344, 209, 3, 1.15%, 0, 0, 7, 5.35, 63026
1648641456, 81, 278, 344, 208, 1, 1.15%, 0, 0, 7, 6.44, 63110
1648641507, 81, 278, 345, 209, 1, 1.15%, 0, 0, 7, 7.27, 63541
1648641528, 83, 24, 345, 208, 0, 1.15%, 0, 0, 7, 9.88, 63714
1648641554, 83, 273, 345, 207, 0, 1.15%, 0, 0, 7, 5.51, 63954
1648641599, 84, 200, 345, 207, 0, 1.15%, 0, 0, 7, 5.78, 64207
1648641651, 85, 81, 345, 206, 0, 1.15%, 0, 0, 7, 6.78, 64552
1648641656, 85, 81, 346, 207, 0, 1.15%, 0, 0, 7, 6.30, 64584
1648641697, 86, 26, 346, 207, 0, 1.15%, 0, 0, 7, 6.45, 64827
1648641738, 86, 133, 346, 206, 0, 1.15%, 0, 0, 7, 7.97, 65092
1648641753, 86, 133, 347, 207, 0, 1.15%, 0, 0, 7, 7.82, 65215
1648641768, 86, 133, 348, 208, 0, 1.15%, 0, 0, 7, 8.00, 65331
1648641774, 86, 327, 348, 207, 0, 1.15%, 0, 0, 7, 7.68, 65371
1648641815, 86, 327, 349, 208, 0, 1.15%, 0, 0, 7, 5.35, 65645
1648641835, 86, 327, 350, 209, 0, 1.15%, 0, 0, 7, 6.58, 65791
1648641841, 86, 327, 352, 211, 0, 1.15%, 0, 0, 7, 5.23, 65817
1648641846, 87, 279, 353, 211, 1, 1.15%, 0, 0, 7, 5.68, 65848
1648641918, 87, 300, 353, 211, 1, 1.15%, 0, 0, 7, 6.56, 66296
1648641949, 87, 300, 354, 212, 1, 1.15%, 0, 0, 7, 5.82, 66513
1648642001, 87, 308, 354, 211, 1, 1.15%, 0, 0, 7, 3.63, 66876
1648642047, 88, 31, 354, 210, 0, 1.15%, 0, 0, 7, 5.98, 67132
1648642089, 88, 166, 354, 210, 0, 1.15%, 0, 0, 7, 9.65, 67425
1648642109, 88, 166, 355, 211, 0, 1.15%, 0, 0, 7, 9.40, 67601
1648642114, 88, 166, 356, 212, 0, 1.15%, 0, 0, 7, 8.68, 67645
1648642119, 88, 342, 356, 212, 0, 1.15%, 0, 0, 7, 5.50, 67671
1648642166, 89, 241, 356, 211, 0, 1.15%, 0, 0, 7, 8.99, 67943
1648642191, 90, 32, 356, 210, 0, 1.15%, 0, 0, 7, 9.50, 68212
1648642217, 90, 223, 356, 210, 0, 1.15%, 0, 0, 7, 9.48, 68437
1648642335, 91, 161, 356, 210, 0, 1.15%, 0, 0, 7, 9.67, 69574
1648642366, 91, 161, 357, 211, 0, 1.15%, 0, 0, 7, 7.21, 69829
1648642381, 91, 294, 357, 210, 0, 1.15%, 0, 0, 7, 6.64, 69937
1648642458, 92, 45, 357, 209, 0, 1.15%, 0, 0, 7, 7.65, 70372
1648642489, 92, 49, 357, 209, 0, 1.15%, 0, 0, 7, 11.06, 70647
1648642514, 92, 51, 357, 209, 0, 1.15%, 0, 0, 7, 10.64, 70888
1648642540, 92, 196, 357, 208, 0, 1.15%, 0, 0, 7, 9.18, 71163
1648642586, 92, 293, 357, 208, 0, 1.15%, 0, 0, 7, 5.69, 71431
1648642637, 92, 319, 357, 208, 0, 1.15%, 0, 0, 7, 6.72, 71716
1648642704, 92, 319, 358, 209, 0, 1.15%, 0, 0, 7, 5.88, 72207
1648642709, 92, 319, 359, 210, 0, 1.15%, 0, 0, 7, 5.55, 72235
1648642720, 93, 53, 359, 209, 1, 1.15%, 0, 0, 7, 6.46, 72300
1648642756, 93, 308, 359, 208, 1, 1.15%, 0, 0, 7, 6.34, 72547
1648642813, 93, 308, 360, 209, 1, 1.15%, 0, 0, 8, 5.51, 72863
1648642838, 94, 205, 360, 209, 1, 1.15%, 0, 0, 8, 10.53, 73036
1648642869, 95, 94, 360, 208, 0, 1.15%, 0, 0, 8, 9.76, 73337
1648642910, 95, 334, 360, 207, 0, 1.15%, 0, 0, 8, 5.68, 73634
1648642992, 96, 213, 360, 206, 0, 1.15%, 0, 0, 8, 9.50, 74098
1648643013, 96, 310, 360, 205, 0, 1.15%, 0, 0, 8, 8.32, 74269
1648643085, 97, 196, 360, 204, 0, 1.15%, 0, 0, 8, 7.46, 74842
1648643131, 97, 220, 360, 204, 0, 1.15%, 0, 0, 8, 10.89, 75156
1648643151, 97, 220, 361, 205, 0, 1.15%, 0, 0, 8, 11.33, 75459
1648643177, 97, 286, 361, 205, 1, 1.15%, 0, 0, 8, 7.60, 75730
1648643290, 97, 350, 361, 204, 1, 1.15%, 0, 0, 8, 5.09, 76310
1648643377, 98, 272, 362, 204, 0, 1.15%, 0, 0, 8, 5.48, 76737
1648643423, 99, 97, 362, 204, 0, 1.15%, 0, 0, 8, 10.10, 77007
1648643443, 99, 344, 362, 203, 0, 1.15%, 0, 0, 8, 11.21, 77285
1648643521, 100, 208, 362, 202, 0, 1.15%, 0, 0, 8, 8.36, 77743
1648643557, 101, 54, 362, 201, 0, 1.15%, 0, 0, 8, 7.76, 78076
1648643593, 101, 342, 362, 201, 0, 1.15%, 0, 0, 8, 3.69, 78330
1648643639, 102, 298, 363, 202, 0, 1.15%, 0, 0, 8, 7.17, 78590
1648643660, 102, 298, 364, 203, 0, 1.15%, 0, 0, 8, 6.99, 78758
1648643696, 103, 260, 364, 202, 0, 1.15%, 0, 0, 8, 8.35, 79030
1648643757, 104, 154, 364, 202, 0, 1.15%, 0, 0, 8, 9.20, 79394
1648643793, 104, 309, 364, 201, 0, 1.15%, 0, 0, 8, 6.72, 79712
1648643880, 105, 37, 364, 200, 0, 1.15%, 0, 0, 8, 8.21, 80163
1648643911, 105, 210, 364, 199, 0, 1.15%, 0, 0, 8, 11.03, 80430
1648643947, 105, 348, 364, 198, 0, 1.15%, 0, 0, 8, 8.82, 80866
1648643977, 105, 348, 365, 199, 0, 1.15%, 0, 0, 8, 7.39, 81073
1648643998, 105, 348, 366, 200, 0, 1.15%, 0, 0, 8, 5.47, 81190
1648644013, 105, 348, 367, 201, 0, 1.15%, 0, 0, 8, 6.08, 81280
1648644018, 105, 357, 367, 200, 2, 1.15%, 0, 0, 8, 5.21, 81305
1648644106, 106, 190, 367, 199, 1, 1.15%, 0, 0, 8, 9.09, 81794
1648644142, 106, 349, 367, 199, 1, 1.15%, 0, 0, 8, 5.83, 82046
1648644224, 107, 272, 367, 198, 0, 1.15%, 0, 0, 8, 5.48, 82471
1648644270, 108, 56, 367, 198, 0, 1.15%, 0, 0, 8, 5.71, 82724
1648644312, 108, 297, 367, 197, 0, 1.15%, 0, 0, 8, 5.79, 82983
1648644395, 108, 317, 367, 197, 0, 1.15%, 0, 0, 8, 8.12, 83443
1648644462, 108, 352, 367, 197, 0, 1.15%, 0, 0, 8, 7.76, 83996
1648644524, 108, 352, 368, 198, 0, 1.15%, 0, 0, 8, 5.57, 84411
1648644565, 109, 325, 368, 197, 0, 1.15%, 0, 0, 8, 6.22, 84665
1648644663, 110, 167, 368, 196, 0, 1.15%, 0, 0, 8, 5.99, 85225
1648644704, 110, 358, 368, 196, 0, 1.15%, 0, 0, 8, 5.94, 85554
1648644786, 111, 188, 369, 196, 0, 1.15%, 0, 0, 8, 10.59, 85992
1648644812, 112, 41, 369, 196, 0, 1.15%, 0, 0, 8, 10.40, 86262
1648644853, 112, 293, 369, 196, 0, 1.15%, 0, 0, 8, 5.48, 86527
1648644899, 113, 141, 369, 196, 0, 1.15%, 0, 0, 8, 6.51, 86783
1648644915, 113, 141, 370, 197, 0, 1.15%, 0, 0, 8, 10.18, 86962
1648644925, 114, 98, 370, 197, 2, 1.15%, 0, 0, 8, 11.46, 87084
1648644961, 114, 343, 372, 199, 2, 1.15%, 0, 0, 8, 7.31, 87357
1648645018, 115, 248, 372, 198, 1, 1.15%, 0, 0, 8, 7.17, 87673
1648645060, 115, 248, 373, 199, 1, 1.15%, 0, 0, 8, 9.01, 88071
1648645065, 116, 158, 373, 198, 0, 1.15%, 0, 0, 8, 9.23, 88121
1648645106, 117, 108, 373, 197, 0, 1.15%, 0, 0, 8, 6.90, 88433
1648645132, 117, 367, 373, 197, 0, 1.15%, 0, 0, 8, 5.50, 88586
1648645178, 118, 225, 373, 196, 0, 1.15%, 0, 0, 8, 5.87, 88841
1648645277, 118, 371, 373, 196, 0, 1.15%, 0, 0, 8, 3.23, 89396
1648645323, 119, 323, 373, 195, 0, 1.15%, 0, 0, 8, 6.03, 89650
1648645369, 121, 267, 373, 194, 0, 1.15%, 0, 0, 8, 7.69, 89986
1648645421, 123, 148, 373, 193, 0, 1.15%, 0, 0, 8, 9.86, 90329
1648645447, 123, 275, 373, 193, 0, 1.15%, 0, 0, 8, 22.36, 90689
1648645483, 123, 294, 373, 193, 0, 1.15%, 0, 0, 8, 10.33, 91154
1648645561, 124, 34, 373, 193, 0, 1.15%, 0, 0, 8, 9.03, 91621
1648645591, 124, 63, 373, 193, 0, 1.15%, 0, 0, 8, 9.18, 91867
1648645622, 124, 316, 373, 193, 0, 1.15%, 0, 0, 8, 7.05, 92104
1648645684, 124, 364, 373, 193, 0, 1.15%, 0, 0, 8, 5.49, 92526
1648645843, 125, 109, 373, 192, 0, 1.15%, 0, 0, 8, 6.04, 93408
1648645864, 125, 296, 373, 192, 0, 1.15%, 0, 0, 8, 12.41, 93575
1648645936, 125, 323, 373, 191, 0, 1.15%, 0, 0, 8, 10.36, 94414
1648645972, 126, 207, 373, 191, 0, 1.15%, 0, 0, 8, 8.55, 94747
1648646028, 127, 140, 373, 190, 0, 1.15%, 0, 0, 8, 6.21, 95092
1648646070, 127, 300, 373, 190, 0, 1.15%, 0, 0, 8, 7.11, 95369
1648646116, 127, 300, 374, 191, 0, 1.15%, 0, 0, 8, 8.24, 95735
1648646147, 128, 188, 374, 191, 0, 1.15%, 0, 0, 8, 10.01, 95991
1648646173, 128, 366, 374, 191, 0, 1.15%, 0, 0, 8, 7.68, 96203
1648646296, 129, 356, 374, 190, 0, 1.15%, 0, 0, 8, 8.18, 96885
1648646357, 130, 64, 374, 189, 0, 1.15%, 0, 0, 8, 8.75, 97441
1648646394, 130, 348, 374, 189, 0, 1.15%, 0, 0, 8, 6.40, 97698
1648646480, 131, 68, 374, 189, 0, 1.15%, 0, 0, 8, 10.31, 98171
1648646506, 131, 71, 374, 188, 0, 1.15%, 0, 0, 8, 11.09, 98434
1648646537, 131, 255, 374, 187, 0, 1.15%, 0, 0, 8, 10.53, 98696
1648646583, 132, 202, 374, 187, 0, 1.15%, 0, 0, 8, 10.04, 99285
1648646629, 132, 298, 374, 186, 0, 1.15%, 0, 0, 8, 3.82, 99577
1648646708, 132, 300, 374, 186, 0, 1.15%, 0, 0, 8, 5.16, 99993
1648646733, 132, 300, 375, 187, 0, 1.15%, 0, 0, 8, 7.86, 100204
1648646785, 132, 300, 376, 188, 0, 1.15%, 0, 0, 8, 7.25, 100585
1648646790, 133, 270, 376, 188, 0, 1.15%, 0, 0, 8, 12.86, 100657
1648646841, 133, 328, 376, 188, 0, 1.15%, 0, 0, 8, 8.63, 101191
1648646856, 133, 328, 377, 189, 0, 1.15%, 0, 0, 8, 6.26, 101300
1648646893, 133, 366, 377, 188, 0, 1.15%, 0, 0, 8, 5.52, 101521
1648647021, 134, 165, 378, 189, 0, 1.15%, 0, 0, 8, 5.19, 102183
1648647046, 134, 301, 378, 188, 0, 1.15%, 0, 0, 8, 6.76, 102371
1648647180, 135, 148, 378, 188, 0, 1.15%, 0, 0, 8, 3.77, 103210
1648647227, 135, 328, 378, 188, 0, 1.15%, 0, 0, 8, 6.38, 103484
1648647279, 137, 43, 378, 188, 0, 1.15%, 0, 0, 8, 9.19, 103845
1648647304, 137, 253, 378, 187, 0, 1.15%, 0, 0, 8, 9.41, 104102
1648647356, 138, 162, 378, 186, 0, 1.15%, 0, 0, 8, 7.40, 104501
1648647402, 138, 313, 378, 185, 0, 1.15%, 0, 0, 8, 6.88, 104844
1648647480, 138, 329, 378, 184, 0, 1.15%, 0, 0, 8, 7.13, 105284
1648647521, 139, 270, 378, 183, 0, 1.15%, 0, 0, 8, 9.91, 105632
1648647536, 139, 270, 379, 184, 0, 1.15%, 0, 0, 8, 11.74, 105827
1648647577, 139, 365, 379, 184, 0, 1.15%, 0, 0, 8, 8.28, 106204
1648647705, 140, 3, 379, 183, 0, 1.15%, 0, 0, 8, 8.54, 106891
1648647715, 140, 3, 380, 184, 0, 1.15%, 0, 0, 8, 9.40, 106988
1648647736, 140, 308, 380, 184, 5, 1.15%, 0, 0, 8, 6.43, 107145
1648647808, 141, 73, 380, 184, 5, 1.15%, 0, 0, 8, 7.32, 107574
1648647829, 141, 277, 380, 184, 5, 1.15%, 0, 0, 8, 8.54, 107732
1648647885, 142, 43, 380, 183, 4, 1.15%, 0, 0, 8, 8.95, 108148
1648647916, 142, 299, 380, 183, 4, 1.15%, 0, 0, 8, 7.38, 108423
1648648004, 142, 357, 380, 182, 3, 1.15%, 0, 0, 8, 5.50, 108987
1648648051, 143, 73, 380, 182, 3, 1.15%, 0, 0, 8, 8.39, 109255
1648648082, 143, 336, 380, 182, 3, 1.15%, 0, 0, 8, 8.23, 109495
1648648159, 144, 333, 380, 181, 2, 1.15%, 0, 0, 8, 6.30, 109932
1648648241, 144, 336, 380, 180, 2, 1.15%, 0, 0, 8, 6.72, 110523
1648648318, 145, 190, 380, 180, 2, 1.15%, 0, 0, 8, 5.70, 110945
1648648360, 145, 372, 380, 180, 2, 1.15%, 0, 0, 8, 8.80, 111223
1648648401, 145, 372, 381, 181, 2, 1.15%, 0, 0, 8, 9.53, 111638
1648648411, 145, 372, 382, 182, 2, 1.15%, 0, 0, 8, 8.91, 111724
1648648421, 146, 370, 382, 181, 1, 1.15%, 0, 0, 8, 5.31, 111802
1648648529, 147, 298, 382, 180, 0, 1.15%, 0, 0, 8, 13.24, 112435
1648648565, 148, 220, 382, 180, 0, 1.15%, 0, 0, 8, 8.11, 112825
1648648601, 148, 226, 382, 180, 0, 1.15%, 0, 0, 8, 10.84, 113070
1648648631, 149, 109, 382, 179, 0, 1.15%, 0, 0, 8, 8.31, 113370
1648648678, 149, 366, 382, 179, 0, 1.15%, 0, 0, 8, 5.55, 113635
1648648776, 149, 366, 383, 180, 0, 1.15%, 0, 0, 9, 5.41, 114174
1648648796, 150, 308, 383, 180, 5, 1.15%, 0, 0, 9, 6.06, 114293
1648648878, 150, 315, 383, 180, 5, 1.15%, 0, 0, 9, 5.31, 114740
1648648955, 151, 120, 383, 179, 4, 1.15%, 0, 0, 9, 6.37, 115164
1648648996, 152, 6, 383, 179, 4, 1.15%, 0, 0, 9, 7.69, 115423
1648649027, 152, 170, 383, 179, 4, 1.15%, 0, 0, 9, 14.42, 115745
1648649073, 152, 190, 383, 178, 3, 1.15%, 0, 0, 9, 9.56, 116260
1648649120, 152, 214, 383, 178, 3, 1.15%, 0, 0, 9, 6.75, 116533
1648649171, 152, 336, 383, 178, 3, 1.15%, 0, 0, 9, 5.99, 116861
1648649254, 152, 359, 383, 178, 3, 1.15%, 0, 0, 9, 4.13, 117306
1648649301, 153, 215, 383, 177, 2, 1.15%, 0, 0, 9, 6.30, 117563
1648649357, 154, 0, 383, 177, 2, 1.15%, 0, 0, 9, 7.99, 117913
1648649388, 154, 190, 383, 177, 2, 1.15%, 0, 0, 9, 7.43, 118154
1648649435, 155, 120, 383, 177, 2, 1.15%, 0, 0, 9, 6.37, 118425
1648649451, 155, 120, 384, 178, 2, 1.15%, 0, 0, 9, 5.86, 118520
1648649476, 155, 370, 384, 178, 3, 1.15%, 0, 0, 9, 5.21, 118668
1648649569, 156, 308, 384, 178, 3, 1.15%, 0, 0, 9, 5.28, 119167
