# unix_time, cycles_done, cur_path, paths_total, pending_total, pending_favs, map_size, unique_crashes, unique_hangs, max_depth, execs_per_sec, total_execs
1648633407, 0, 0, 3, 3, 2, 0.55%, 0, 0, 2, 11.31, 49
1648633412, 0, 0, 7, 7, 2, 0.57%, 0, 0, 2, 11.65, 109
1648633417, 0, 0, 11, 11, 2, 0.57%, 0, 0, 2, 10.90, 163
1648633422, 0, 0, 15, 15, 2, 0.58%, 0, 0, 2, 10.60, 220
1648633427, 0, 0, 19, 19, 2, 0.59%, 0, 0, 2, 10.64, 267
1648633432, 0, 0, 22, 22, 2, 0.59%, 0, 0, 2, 13.13, 333
1648633438, 0, 0, 24, 24, 2, 0.59%, 0, 0, 2, 12.88, 406
1648633443, 0, 0, 27, 27, 2, 0.59%, 0, 0, 2, 15.15, 480
1648633448, 0, 0, 30, 30, 2, 0.59%, 0, 0, 2, 12.04, 527
1648633453, 0, 0, 33, 33, 2, 0.60%, 0, 0, 2, 9.94, 574
1648633458, 0, 0, 35, 35, 2, 0.60%, 0, 0, 2, 8.34, 615
1648633463, 0, 0, 37, 37, 2, 0.61%, 0, 0, 2, 12.76, 682
1648633469, 0, 2, 40, 39, 0, 0.61%, 0, 0, 3, 5.85, 728
1648633474, 0, 2, 42, 41, 0, 0.62%, 0, 0, 3, 8.39, 779
1648633479, 0, 2, 45, 44, 0, 0.63%, 0, 0, 3, 8.27, 821
1648633484, 0, 2, 46, 45, 0, 0.64%, 0, 0, 3, 9.53, 872
1648633489, 0, 2, 48, 47, 0, 0.64%, 0, 0, 3, 9.50, 924
1648633495, 0, 2, 49, 48, 0, 0.64%, 0, 0, 3, 9.76, 974
1648633500, 0, 2, 52, 51, 0, 0.65%, 0, 0, 3, 12.20, 1037
1648633505, 1, 0, 52, 50, 2, 0.65%, 0, 0, 3, 11.31, 1092
1648633510, 1, 0, 53, 51, 2, 0.66%, 0, 0, 3, 11.77, 1157
1648633515, 1, 0, 56, 54, 2, 0.68%, 0, 0, 3, 8.38, 1193
1648633520, 1, 0, 59, 57, 2, 0.69%, 0, 0, 3, 7.63, 1229
1648633525, 1, 0, 61, 59, 2, 0.72%, 0, 0, 3, 7.40, 1265
1648633530, 1, 0, 65, 63, 2, 0.73%, 0, 0, 3, 8.93, 1312
1648633536, 1, 0, 68, 66, 2, 0.74%, 0, 0, 3, 7.38, 1346
1648633541, 1, 0, 71, 69, 2, 0.74%, 0, 0, 3, 7.69, 1385
1648633546, 1, 0, 73, 71, 2, 0.74%, 0, 0, 3, 7.87, 1426
1648633551, 1, 0, 75, 73, 2, 0.74%, 0, 0, 3, 9.93, 1473
1648633556, 1, 0, 78, 76, 2, 0.75%, 0, 0, 3, 8.67, 1515
1648633561, 1, 0, 82, 80, 2, 0.76%, 0, 0, 3, 8.56, 1561
1648633566, 1, 0, 84, 82, 2, 0.77%, 0, 0, 3, 8.35, 1603
1648633571, 1, 0, 85, 83, 2, 0.78%, 0, 0, 3, 8.26, 1645
1648633576, 1, 0, 86, 84, 1, 0.78%, 0, 0, 3, 9.29, 1691
1648633581, 1, 0, 88, 86, 1, 0.78%, 0, 0, 3, 9.78, 1741
1648633592, 1, 0, 90, 88, 1, 0.78%, 0, 0, 3, 8.16, 1823
1648633597, 1, 0, 91, 89, 1, 0.78%, 0, 0, 3, 8.04, 1862
1648633602, 1, 0, 93, 91, 1, 0.78%, 0, 0, 3, 8.47, 1909
1648633607, 1, 0, 95, 93, 1, 0.79%, 0, 0, 3, 9.42, 1960
1648633612, 1, 0, 97, 95, 1, 0.80%, 0, 0, 3, 8.06, 1997
1648633617, 1, 0, 98, 96, 1, 0.80%, 0, 0, 3, 12.13, 2060
1648633623, 1, 0, 100, 98, 1, 0.81%, 0, 0, 3, 9.37, 2106
1648633628, 1, 0, 101, 99, 1, 0.81%, 0, 0, 3, 7.79, 2142
1648633633, 1, 0, 103, 101, 1, 0.82%, 0, 0, 3, 7.18, 2178
1648633638, 1, 0, 104, 102, 1, 0.84%, 0, 0, 3, 7.27, 2214
1648633643, 1, 0, 105, 103, 1, 0.85%, 0, 0, 3, 7.19, 2250
1648633648, 1, 0, 106, 104, 1, 0.85%, 0, 0, 3, 7.16, 2286
1648633653, 1, 0, 107, 105, 1, 0.85%, 0, 0, 3, 7.77, 2326
1648633674, 1, 0, 108, 106, 1, 0.85%, 0, 0, 3, 7.87, 2507
1648633684, 1, 0, 110, 108, 1, 0.85%, 0, 0, 3, 8.47, 2585
1648633689, 1, 0, 111, 109, 1, 0.85%, 0, 0, 3, 8.64, 2628
1648633694, 1, 0, 112, 110, 1, 0.85%, 0, 0, 3, 7.60, 2663
1648633699, 1, 0, 113, 111, 1, 0.85%, 0, 0, 3, 7.65, 2700
1648633704, 1, 0, 114, 112, 1, 0.85%, 0, 0, 3, 8.24, 2740
1648633709, 1, 0, 116, 114, 1, 0.85%, 0, 0, 3, 8.00, 2782
1648633714, 1, 0, 117, 115, 1, 0.85%, 0, 0, 3, 7.12, 2816
1648633719, 1, 0, 118, 116, 1, 0.85%, 0, 0, 3, 7.83, 2859
1648633735, 1, 0, 120, 118, 1, 0.85%, 0, 0, 3, 8.10, 2986
1648633740, 1, 0, 121, 119, 1, 0.85%, 0, 0, 3, 7.55, 3024
1648633750, 1, 0, 122, 120, 1, 0.85%, 0, 0, 3, 8.59, 3104
1648633756, 1, 0, 123, 121, 1, 0.86%, 0, 0, 3, 7.23, 3138
1648633776, 1, 0, 125, 123, 1, 0.86%, 0, 0, 3, 8.28, 3311
1648633781, 1, 0, 126, 124, 1, 0.86%, 0, 0, 3, 7.35, 3347
1648633786, 1, 1, 126, 124, 1, 0.86%, 0, 0, 3, 7.21, 3382
1648633792, 1, 1, 128, 126, 1, 0.86%, 0, 0, 3, 8.10, 3426
1648633797, 1, 1, 130, 128, 1, 0.86%, 0, 0, 3, 7.11, 3460
1648633802, 1, 1, 132, 130, 1, 0.86%, 0, 0, 3, 6.64, 3492
1648633822, 1, 1, 133, 131, 1, 0.87%, 0, 0, 3, 8.83, 3654
1648633828, 1, 1, 134, 132, 1, 0.87%, 0, 0, 3, 8.04, 3694
1648633833, 1, 1, 135, 133, 1, 0.88%, 0, 0, 3, 8.26, 3738
1648633838, 1, 17, 136, 133, 0, 0.88%, 0, 0, 3, 14.06, 3791
1648633853, 1, 38, 137, 133, 0, 0.88%, 0, 0, 4, 13.48, 4009
1648633858, 1, 38, 138, 134, 0, 0.88%, 0, 0, 4, 11.45, 4063
1648633874, 1, 38, 139, 135, 0, 0.88%, 0, 0, 4, 8.79, 4193
1648633884, 1, 38, 140, 136, 0, 0.89%, 0, 0, 4, 8.30, 4276
1648633889, 2, 7, 140, 135, 0, 0.89%, 0, 0, 4, 7.72, 4315
1648633894, 2, 7, 141, 136, 0, 0.89%, 0, 0, 4, 6.60, 4345
1648633899, 2, 7, 142, 137, 0, 0.89%, 0, 0, 4, 6.32, 4377
1648633914, 2, 7, 143, 138, 0, 0.89%, 0, 0, 4, 7.13, 4480
1648633930, 2, 23, 143, 137, 0, 0.89%, 0, 0, 4, 12.73, 4632
1648633935, 2, 23, 144, 138, 0, 0.89%, 0, 0, 4, 11.54, 4690
1648633940, 2, 23, 145, 139, 0, 0.90%, 0, 0, 4, 10.41, 4746
1648633945, 2, 23, 146, 140, 0, 0.90%, 0, 0, 4, 11.29, 4803
1648633950, 2, 130, 146, 139, 0, 0.90%, 0, 0, 4, 11.37, 4861
1648633966, 2, 130, 147, 140, 0, 0.90%, 0, 0, 4, 5.89, 4956
1648633971, 2, 130, 148, 141, 0, 0.90%, 0, 0, 4, 5.68, 4983
1648633993, 2, 130, 149, 142, 0, 0.90%, 0, 0, 4, 5.50, 5101
1648634008, 2, 130, 150, 143, 0, 0.90%, 0, 0, 4, 6.05, 5188
1648634018, 3, 93, 150, 142, 0, 0.90%, 0, 0, 4, 8.69, 5264
1648634023, 3, 93, 151, 143, 0, 0.90%, 0, 0, 4, 9.32, 5313
1648634044, 3, 93, 152, 144, 0, 0.90%, 0, 0, 4, 9.12, 5488
1648634049, 3, 93, 154, 146, 0, 0.90%, 0, 0, 4, 7.78, 5523
1648634054, 3, 96, 154, 145, 0, 0.90%, 0, 0, 4, 8.11, 5563
1648634100, 3, 110, 155, 145, 4294967295, 0.90%, 0, 0, 4, 9.09, 5895
1648634111, 3, 110, 156, 146, 4294967295, 0.90%, 0, 0, 4, 8.02, 5974
1648634136, 4, 1, 156, 145, 1, 0.90%, 0, 0, 4, 8.76, 6170
1648634142, 4, 1, 157, 146, 1, 0.91%, 0, 0, 4, 7.93, 6211
1648634147, 4, 1, 158, 147, 1, 0.92%, 0, 0, 4, 9.10, 6258
1648634162, 4, 49, 158, 147, 1, 0.92%, 0, 0, 4, 7.99, 6389
1648634172, 4, 49, 159, 148, 1, 0.92%, 0, 0, 4, 7.49, 6467
1648634198, 5, 1, 160, 148, 10, 0.92%, 0, 0, 4, 7.86, 6658
1648634208, 5, 1, 162, 150, 10, 0.92%, 0, 0, 4, 8.80, 6756
1648634213, 5, 1, 164, 152, 10, 0.92%, 0, 0, 4, 10.00, 6806
1648634224, 5, 1, 166, 154, 10, 0.94%, 0, 0, 4, 9.24, 6905
1648634229, 5, 1, 168, 156, 10, 0.94%, 0, 0, 4, 8.27, 6944
1648634234, 5, 1, 169, 157, 2, 0.94%, 0, 0, 4, 9.54, 6993
1648634244, 5, 1, 170, 158, 2, 0.95%, 0, 0, 4, 8.38, 7089
1648634249, 5, 1, 171, 159, 2, 0.95%, 0, 0, 4, 7.60, 7124
1648634254, 5, 1, 173, 161, 2, 0.95%, 0, 0, 4, 7.75, 7163
1648634265, 5, 1, 175, 163, 2, 0.95%, 0, 0, 4, 7.70, 7241
1648634270, 5, 1, 176, 164, 2, 0.96%, 0, 0, 4, 8.46, 7283
1648634275, 5, 1, 178, 166, 2, 0.97%, 0, 0, 4, 7.80, 7322
1648634285, 5, 1, 180, 168, 2, 0.97%, 0, 0, 4, 6.91, 7389
1648634290, 5, 1, 180, 168, 5, 0.97%, 0, 0, 4, 9.47, 7440
1648634296, 5, 1, 181, 169, 5, 0.97%, 0, 0, 4, 9.55, 7490
1648634306, 5, 1, 182, 170, 5, 0.97%, 0, 0, 4, 9.20, 7576
1648634311, 5, 1, 183, 171, 5, 0.97%, 0, 0, 4, 9.77, 7627
1648634316, 5, 1, 184, 172, 5, 0.97%, 0, 0, 4, 9.31, 7671
1648634321, 5, 1, 185, 173, 2, 0.98%, 0, 0, 4, 10.82, 7728
1648634331, 5, 1, 186, 174, 2, 0.98%, 0, 0, 4, 9.03, 7822
1648634341, 5, 1, 187, 175, 2, 0.98%, 0, 0, 4, 8.26, 7912
1648634352, 5, 68, 187, 175, 0, 0.98%, 0, 0, 4, 7.87, 7997
1648634362, 5, 68, 188, 176, 0, 0.98%, 0, 0, 4, 6.12, 8061
1648634368, 5, 68, 189, 177, 0, 0.98%, 0, 0, 4, 5.94, 8091
1648634388, 5, 68, 190, 178, 0, 0.98%, 0, 0, 4, 5.91, 8210
1648634403, 6, 1, 190, 177, 1, 0.98%, 0, 0, 4, 5.85, 8301
1648634414, 6, 1, 192, 179, 1, 0.98%, 0, 0, 4, 7.25, 8382
1648634429, 6, 1, 193, 180, 1, 0.98%, 0, 0, 4, 8.27, 8506
1648634434, 6, 1, 195, 182, 1, 0.98%, 0, 0, 4, 7.94, 8544
1648634445, 6, 129, 195, 182, 4, 0.98%, 0, 0, 4, 7.26, 8619
1648634455, 6, 129, 196, 183, 4, 0.98%, 0, 0, 4, 6.12, 8679
1648634481, 6, 129, 197, 184, 4, 0.98%, 0, 0, 4, 6.17, 8830
1648634501, 7, 98, 198, 184, 3, 0.98%, 0, 0, 4, 5.84, 8953
1648634538, 8, 85, 198, 183, 2, 0.98%, 0, 0, 4, 7.99, 9247
1648634543, 8, 85, 199, 184, 2, 0.98%, 0, 0, 4, 7.01, 9281
1648634559, 8, 85, 200, 185, 2, 0.98%, 0, 0, 4, 6.28, 9379
1648634569, 8, 85, 201, 186, 2, 0.98%, 0, 0, 4, 6.31, 9444
1648634589, 9, 9, 201, 185, 0, 0.98%, 0, 0, 4, 7.05, 9576
1648634605, 9, 9, 202, 186, 0, 0.98%, 0, 0, 4, 6.15, 9671
1648634626, 9, 9, 203, 187, 0, 0.99%, 0, 0, 4, 6.36, 9806
1648634631, 9, 65, 203, 186, 2, 0.99%, 0, 0, 4, 6.82, 9841
1648634677, 9, 92, 203, 185, 1, 0.99%, 0, 0, 4, 6.77, 10145
1648634724, 9, 146, 203, 184, 0, 0.99%, 0, 0, 4, 6.03, 10421
1648634776, 10, 93, 203, 183, 0, 0.99%, 0, 0, 4, 5.45, 10705
1648634791, 10, 93, 204, 184, 0, 1.00%, 0, 0, 4, 9.29, 10844
1648634806, 10, 96, 204, 184, 0, 1.00%, 0, 0, 4, 8.98, 10983
1648634848, 10, 110, 204, 184, 0, 1.00%, 0, 0, 4, 7.90, 11260
1648634879, 10, 110, 205, 185, 0, 1.00%, 0, 0, 4, 7.35, 11478
1648634884, 10, 166, 205, 185, 0, 1.00%, 0, 0, 4, 6.89, 11510
1648634931, 10, 183, 205, 184, 4294967295, 1.00%, 0, 0, 4, 7.22, 11853
1648634946, 10, 183, 206, 185, 4294967295, 1.00%, 0, 0, 4, 7.10, 11976
1648634957, 10, 183, 207, 186, 4294967295, 1.00%, 0, 0, 4, 7.27, 12053
1648634977, 11, 35, 207, 185, 3, 1.00%, 0, 0, 4, 7.77, 12208
1648635013, 11, 158, 207, 184, 2, 1.00%, 0, 0, 4, 6.85, 12475
1648635080, 12, 55, 207, 183, 1, 1.00%, 0, 0, 4, 7.23, 12910
1648635116, 12, 88, 207, 182, 0, 1.00%, 0, 0, 4, 11.35, 13253
1648635121, 12, 88, 208, 183, 0, 1.00%, 0, 0, 4, 10.63, 13305
1648635126, 12, 88, 210, 185, 0, 1.01%, 0, 0, 4, 11.01, 13365
1648635142, 13, 35, 210, 184, 5, 1.01%, 0, 0, 4, 9.36, 13510
1648635183, 13, 107, 210, 184, 5, 1.01%, 0, 0, 4, 6.31, 13769
1648635194, 13, 107, 211, 185, 5, 1.01%, 0, 0, 4, 8.87, 13866
1648635225, 13, 187, 211, 184, 4, 1.01%, 0, 0, 4, 10.99, 14106
1648635230, 13, 187, 212, 185, 4, 1.01%, 0, 0, 4, 11.96, 14169
1648635240, 13, 187, 214, 187, 4, 1.01%, 0, 0, 4, 8.77, 14263
1648635256, 14, 96, 214, 186, 2, 1.01%, 0, 0, 4, 9.92, 14419
1648635302, 14, 132, 215, 187, 2, 1.02%, 0, 0, 4, 7.65, 14694
1648635307, 14, 132, 216, 188, 2, 1.03%, 0, 0, 4, 8.30, 14738
1648635318, 14, 132, 217, 189, 2, 1.03%, 0, 0, 4, 7.10, 14810
1648635323, 14, 132, 218, 190, 2, 1.03%, 0, 0, 4, 6.90, 14844
1648635338, 14, 132, 219, 191, 2, 1.03%, 0, 0, 4, 7.27, 14953
1648635343, 15, 189, 219, 190, 0, 1.03%, 0, 0, 4, 7.31, 14990
1648635384, 16, 11, 219, 189, 0, 1.03%, 0, 0, 4, 9.18, 15339
1648635389, 16, 11, 220, 190, 0, 1.03%, 0, 0, 4, 9.06, 15384
1648635394, 16, 11, 221, 191, 0, 1.03%, 0, 0, 4, 8.93, 15427
1648635410, 16, 11, 222, 192, 0, 1.03%, 0, 0, 4, 9.85, 15581
1648635415, 16, 66, 222, 191, 2, 1.03%, 0, 0, 4, 8.30, 15620
1648635456, 16, 147, 222, 190, 1, 1.03%, 0, 0, 4, 6.17, 15881
1648635467, 16, 147, 223, 191, 1, 1.04%, 0, 0, 4, 5.40, 15937
1648635513, 17, 150, 223, 190, 0, 1.04%, 0, 0, 4, 7.36, 16194
1648635544, 18, 96, 223, 189, 0, 1.04%, 0, 0, 4, 8.72, 16483
1648635581, 18, 96, 224, 190, 0, 1.04%, 0, 0, 4, 6.62, 16720
1648635586, 18, 154, 224, 190, 0, 1.04%, 0, 0, 4, 7.91, 16763
1648635591, 18, 154, 225, 191, 0, 1.04%, 0, 0, 4, 8.26, 16808
1648635607, 18, 154, 226, 192, 0, 1.04%, 0, 0, 4, 8.49, 16941
1648635622, 18, 166, 226, 191, 0, 1.04%, 0, 0, 4, 8.84, 17077
1648635637, 18, 166, 227, 192, 0, 1.04%, 0, 0, 4, 6.51, 17172
1648635663, 18, 183, 228, 193, 1, 1.04%, 0, 0, 4, 6.65, 17343
1648635704, 19, 156, 228, 193, 1, 1.04%, 0, 0, 4, 6.76, 17636
1648635725, 19, 156, 229, 194, 1, 1.04%, 0, 0, 4, 6.44, 17769
1648635761, 20, 58, 229, 193, 0, 1.04%, 0, 0, 4, 9.23, 18019
1648635771, 20, 58, 230, 194, 0, 1.04%, 0, 0, 4, 7.69, 18100
1648635797, 20, 94, 230, 193, 0, 1.04%, 0, 0, 4, 7.84, 18300
1648635807, 20, 94, 231, 194, 0, 1.04%, 0, 0, 4, 8.92, 18395
1648635823, 20, 94, 232, 195, 0, 1.04%, 0, 0, 4, 8.42, 18528
1648635828, 20, 94, 233, 196, 0, 1.04%, 0, 0, 4, 7.80, 18567
1648635833, 21, 55, 233, 195, 4, 1.04%, 0, 0, 4, 8.92, 18615
1648635859, 21, 55, 234, 196, 4, 1.04%, 0, 0, 4, 6.30, 18780
1648635874, 21, 185, 234, 196, 4, 1.04%, 0, 0, 4, 6.33, 18875
1648635905, 21, 185, 235, 197, 4, 1.04%, 0, 0, 4, 5.52, 19056
1648635910, 21, 185, 236, 198, 4, 1.04%, 0, 0, 4, 5.56, 19085
1648635936, 21, 211, 236, 197, 2, 1.04%, 0, 0, 4, 5.67, 19229
1648635962, 21, 211, 237, 198, 2, 1.04%, 0, 0, 5, 11.71, 19553
1648635977, 21, 211, 238, 199, 2, 1.04%, 0, 0, 5, 12.14, 19742
1648635982, 21, 211, 241, 202, 2, 1.04%, 0, 0, 5, 9.69, 19786
1648635987, 21, 211, 243, 204, 2, 1.04%, 0, 0, 5, 8.70, 19827
1648635992, 22, 124, 243, 203, 2, 1.04%, 0, 0, 5, 9.88, 19881
1648636003, 22, 124, 244, 204, 2, 1.04%, 0, 0, 5, 8.17, 19964
1648636034, 22, 133, 244, 203, 1, 1.04%, 0, 0, 5, 8.41, 20205
1648636075, 23, 46, 244, 202, 0, 1.04%, 0, 0, 5, 16.88, 20528
1648636085, 24, 6, 244, 201, 0, 1.04%, 0, 0, 5, 19.25, 20742
1648636111, 24, 14, 244, 200, 0, 1.04%, 0, 0, 5, 9.10, 20991
1648636157, 24, 71, 244, 199, 0, 1.04%, 0, 0, 5, 6.71, 21268
1648636178, 24, 71, 245, 200, 0, 1.04%, 0, 0, 5, 6.42, 21404
1648636204, 24, 211, 245, 199, 0, 1.04%, 0, 0, 5, 12.55, 21607
1648636214, 24, 211, 246, 200, 0, 1.04%, 0, 0, 5, 12.95, 21754
1648636225, 24, 211, 247, 201, 0, 1.04%, 0, 0, 5, 10.12, 21852
1648636245, 24, 211, 248, 202, 0, 1.09%, 0, 0, 5, 9.35, 22053
1648636251, 24, 211, 249, 203, 0, 1.09%, 0, 0, 5, 9.16, 22101
1648636261, 25, 149, 249, 203, 2, 1.09%, 0, 0, 5, 15.86, 22240
1648636297, 26, 151, 249, 202, 1, 1.09%, 0, 0, 5, 6.43, 22470
1648636338, 27, 96, 250, 202, 0, 1.09%, 0, 0, 5, 7.46, 22770
1648636354, 27, 96, 251, 203, 0, 1.09%, 0, 0, 5, 6.43, 22869
1648636380, 27, 204, 251, 203, 2, 1.09%, 0, 0, 5, 6.60, 23036
1648636421, 28, 166, 251, 202, 1, 1.09%, 0, 0, 5, 7.84, 23334
1648636463, 28, 205, 251, 202, 1, 1.09%, 0, 0, 5, 8.14, 23613
1648636468, 28, 205, 252, 203, 1, 1.09%, 0, 0, 5, 9.29, 23663
1648636509, 29, 157, 252, 202, 1, 1.09%, 0, 0, 5, 10.84, 23956
1648636520, 29, 157, 253, 203, 1, 1.09%, 0, 0, 5, 10.81, 24075
1648636540, 30, 39, 253, 202, 0, 1.09%, 0, 0, 5, 10.94, 24293
1648636561, 30, 39, 254, 203, 0, 1.09%, 0, 0, 5, 10.04, 24486
1648636566, 30, 39, 255, 204, 0, 1.09%, 0, 0, 5, 8.85, 24527
1648636571, 30, 67, 255, 203, 0, 1.09%, 0, 0, 5, 8.43, 24568
1648636607, 30, 113, 255, 202, 0, 1.09%, 0, 0, 5, 10.83, 24876
1648636618, 30, 113, 256, 203, 0, 1.09%, 0, 0, 5, 8.30, 24959
1648636643, 31, 74, 256, 202, 0, 1.09%, 0, 0, 5, 16.87, 25212
1648636664, 31, 186, 256, 201, 0, 1.09%, 0, 0, 5, 9.89, 25444
1648636716, 32, 57, 256, 200, 0, 1.09%, 0, 0, 5, 6.54, 25773
1648636762, 32, 166, 256, 199, 0, 1.09%, 0, 0, 5, 6.26, 26055
1648636809, 32, 216, 257, 200, 0, 1.09%, 0, 0, 5, 4.87, 26322
1648636866, 33, 123, 257, 199, 0, 1.09%, 0, 0, 5, 6.47, 26651
1648636912, 34, 30, 257, 198, 0, 1.09%, 0, 0, 5, 6.35, 26926
1648636959, 34, 93, 257, 197, 0, 1.09%, 0, 0, 5, 7.58, 27208
1648636964, 34, 93, 258, 198, 0, 1.10%, 0, 0, 5, 7.61, 27249
1648636969, 34, 93, 259, 199, 0, 1.10%, 0, 0, 5, 7.46, 27288
1648636989, 34, 213, 260, 200, 2, 1.10%, 0, 0, 5, 10.63, 27469
1648636995, 34, 213, 261, 201, 2, 1.10%, 0, 0, 5, 10.45, 27523
1648637000, 34, 213, 262, 202, 2, 1.10%, 0, 0, 5, 9.71, 27573
1648637036, 34, 213, 263, 203, 2, 1.10%, 0, 0, 5, 8.82, 27923
1648637056, 34, 222, 264, 203, 1, 1.10%, 0, 0, 5, 8.33, 28092
1648637130, 34, 222, 265, 204, 1, 1.11%, 0, 0, 5, 5.28, 28483
1648637181, 35, 151, 265, 203, 0, 1.11%, 0, 0, 5, 7.12, 28774
1648637207, 35, 151, 266, 204, 0, 1.11%, 0, 0, 5, 8.78, 28984
1648637212, 35, 223, 266, 204, 0, 1.11%, 0, 0, 5, 8.62, 29028
1648637217, 35, 223, 267, 205, 0, 1.12%, 0, 0, 5, 10.97, 29088
1648637222, 35, 223, 268, 206, 0, 1.12%, 0, 0, 5, 9.27, 29133
1648637233, 35, 223, 269, 207, 0, 1.12%, 0, 0, 5, 8.30, 29215
1648637243, 35, 223, 270, 208, 0, 1.12%, 0, 0, 5, 7.94, 29301
1648637248, 35, 223, 271, 209, 0, 1.12%, 0, 0, 5, 7.45, 29337
1648637258, 35, 224, 271, 208, 0, 1.12%, 0, 0, 5, 8.29, 29420
1648637304, 35, 224, 272, 209, 0, 1.12%, 0, 0, 5, 6.53, 29781
1648637330, 35, 226, 272, 208, 0, 1.12%, 0, 0, 5, 9.33, 29976
1648637340, 35, 226, 273, 209, 0, 1.13%, 0, 0, 5, 10.69, 30101
1648637346, 35, 226, 274, 210, 0, 1.13%, 0, 0, 5, 9.58, 30147
1648637356, 35, 226, 275, 211, 0, 1.13%, 0, 0, 5, 9.90, 30248
1648637366, 36, 206, 275, 210, 0, 1.13%, 0, 0, 5, 9.73, 30345
1648637412, 36, 272, 275, 209, 0, 1.13%, 0, 0, 5, 18.29, 30779
1648637458, 37, 227, 275, 208, 4294967295, 1.13%, 0, 0, 5, 9.13, 31260
1648637505, 38, 134, 275, 207, 4294967295, 1.13%, 0, 0, 5, 8.61, 31607
1648637541, 38, 235, 275, 206, 4294967294, 1.13%, 0, 0, 5, 6.49, 31847
1648637546, 38, 235, 276, 207, 4294967294, 1.13%, 0, 0, 5, 5.86, 31875
1648637551, 38, 235, 277, 208, 4294967294, 1.13%, 0, 0, 5, 5.48, 31902
1648637603, 39, 73, 277, 207, 7, 1.13%, 0, 0, 5, 5.84, 32181
1648637644, 39, 271, 277, 206, 6, 1.13%, 0, 0, 5, 8.47, 32493
1648637716, 39, 271, 278, 207, 6, 1.13%, 0, 0, 6, 7.45, 33039
1648637721, 40, 248, 278, 206, 6, 1.13%, 0, 0, 6, 10.78, 33098
1648637746, 40, 248, 279, 207, 6, 1.13%, 0, 0, 6, 9.00, 33368
1648637752, 40, 248, 280, 208, 6, 1.13%, 0, 0, 6, 8.86, 33413
1648637762, 40, 248, 281, 209, 6, 1.14%, 0, 0, 6, 9.94, 33513
1648637777, 41, 222, 281, 208, 2, 1.14%, 0, 0, 6, 10.17, 33658
1648637798, 41, 222, 282, 209, 2, 1.14%, 0, 0, 6, 9.12, 33895
1648637803, 41, 222, 283, 210, 2, 1.14%, 0, 0, 6, 8.60, 33938
1648637829, 42, 44, 283, 210, 0, 1.14%, 0, 0, 6, 6.05, 34096
1648637844, 42, 44, 284, 211, 0, 1.14%, 0, 0, 6, 6.36, 34200
1648637870, 42, 85, 284, 210, 0, 1.14%, 0, 0, 6, 6.75, 34370
1648637906, 42, 97, 284, 210, 0, 1.14%, 0, 0, 6, 11.32, 34677
1648637932, 42, 148, 284, 209, 0, 1.14%, 0, 0, 6, 10.30, 34947
1648637937, 42, 148, 285, 210, 0, 1.14%, 0, 0, 6, 9.23, 34991
1648637947, 42, 148, 286, 211, 0, 1.14%, 0, 0, 6, 7.83, 35071
1648637967, 42, 155, 286, 210, 0, 1.14%, 0, 0, 6, 8.66, 35237
1648638009, 43, 115, 286, 209, 0, 1.14%, 0, 0, 6, 10.07, 35535
1648638045, 43, 153, 286, 208, 0, 1.14%, 0, 0, 6, 8.58, 35815
1648638055, 43, 153, 287, 209, 0, 1.14%, 0, 0, 6, 7.00, 35891
1648638065, 43, 153, 288, 210, 0, 1.14%, 0, 0, 6, 7.01, 35966
1648638086, 44, 102, 288, 209, 2, 1.14%, 0, 0, 6, 7.70, 36112
1648638133, 45, 35, 288, 208, 1, 1.14%, 0, 0, 6, 6.58, 36401
1648638174, 45, 156, 288, 208, 1, 1.14%, 0, 0, 6, 7.48, 36656
1648638210, 46, 164, 288, 208, 1, 1.14%, 0, 0, 6, 11.01, 36958
1648638226, 46, 164, 289, 209, 1, 1.14%, 0, 0, 6, 10.82, 37122
1648638241, 46, 251, 289, 208, 3, 1.14%, 0, 0, 6, 8.44, 37262
1648638313, 47, 184, 289, 207, 3, 1.14%, 0, 0, 6, 11.36, 37856
1648638329, 47, 184, 290, 208, 3, 1.14%, 0, 0, 6, 10.04, 38027
1648638344, 47, 253, 290, 207, 3, 1.14%, 0, 0, 6, 9.48, 38172
1648638349, 47, 253, 291, 208, 3, 1.14%, 0, 0, 6, 9.59, 38221
1648638365, 47, 253, 292, 209, 3, 1.14%, 0, 0, 6, 9.47, 38369
1648638400, 47, 253, 294, 211, 3, 1.14%, 0, 0, 6, 6.67, 38635
1648638426, 48, 251, 294, 210, 3, 1.14%, 0, 0, 6, 7.21, 38815
1648638498, 49, 208, 294, 210, 3, 1.14%, 0, 0, 6, 8.45, 39399
1648638523, 50, 203, 294, 209, 2, 1.14%, 0, 0, 6, 9.60, 39623
1648638564, 50, 249, 294, 208, 1, 1.14%, 0, 0, 6, 12.44, 39949
1648638575, 50, 249, 296, 210, 1, 1.14%, 0, 0, 6, 16.49, 40151
1648638595, 50, 249, 297, 211, 1, 1.14%, 0, 0, 6, 11.53, 40389
1648638611, 51, 232, 297, 210, 1, 1.14%, 0, 0, 6, 8.92, 40557
1648638636, 51, 232, 298, 211, 1, 1.14%, 0, 0, 6, 7.47, 40740
1648638641, 52, 151, 298, 210, 0, 1.14%, 0, 0, 6, 7.34, 40777
1648638688, 53, 137, 298, 210, 0, 1.14%, 0, 0, 6, 8.87, 41053
1648638693, 53, 137, 299, 211, 0, 1.14%, 0, 0, 6, 12.34, 41129
1648638708, 53, 137, 300, 212, 0, 1.14%, 0, 0, 6, 10.62, 41293
1648638718, 53, 253, 300, 211, 0, 1.14%, 0, 0, 6, 10.47, 41397
1648638774, 54, 243, 300, 211, 0, 1.14%, 0, 0, 6, 7.35, 41894
1648638806, 54, 284, 300, 210, 0, 1.14%, 0, 0, 6, 5.84, 42100
1648638889, 55, 271, 300, 209, 0, 1.14%, 0, 0, 6, 15.91, 42631
1648638909, 56, 199, 300, 209, 0, 1.14%, 0, 0, 6, 24.11, 43161
1648638945, 56, 199, 301, 210, 0, 1.14%, 0, 0, 6, 5.56, 43369
1648638971, 56, 207, 301, 209, 0, 1.14%, 0, 0, 6, 6.83, 43517
1648639001, 56, 207, 302, 210, 0, 1.14%, 0, 0, 6, 8.01, 43810
1648639007, 56, 207, 303, 211, 0, 1.14%, 0, 0, 6, 8.54, 43856
1648639012, 56, 285, 303, 210, 0, 1.14%, 0, 0, 6, 7.57, 43893
1648639125, 56, 285, 304, 211, 0, 1.14%, 0, 0, 6, 5.68, 44661
1648639136, 56, 285, 305, 212, 0, 1.14%, 0, 0, 6, 5.52, 44721
1648639141, 56, 285, 306, 213, 0, 1.14%, 0, 0, 6, 4.98, 44747
1648639146, 57, 178, 306, 212, 1, 1.14%, 0, 0, 6, 5.74, 44778
1648639208, 57, 275, 306, 211, 0, 1.14%, 0, 0, 6, 5.57, 45128
1648639213, 57, 275, 307, 212, 0, 1.14%, 0, 0, 6, 5.38, 45155
1648639219, 57, 275, 308, 213, 0, 1.14%, 0, 0, 6, 5.32, 45183
1648639292, 58, 208, 308, 212, 5, 1.14%, 0, 0, 6, 8.28, 45587
1648639312, 58, 208, 309, 213, 5, 1.14%, 0, 0, 6, 7.33, 45760
1648639333, 58, 288, 309, 213, 5, 1.14%, 0, 0, 6, 7.33, 45914
1648639390, 58, 289, 309, 212, 4, 1.14%, 0, 0, 6, 8.68, 46280
1648639431, 59, 264, 310, 212, 3, 1.16%, 0, 0, 6, 6.67, 46614
1648639545, 60, 43, 310, 211, 0, 1.16%, 0, 0, 6, 6.06, 47227
1648639586, 60, 256, 310, 210, 0, 1.16%, 0, 0, 6, 6.47, 47503
1648639659, 61, 2, 310, 209, 0, 1.16%, 0, 0, 6, 8.04, 47931
1648639685, 61, 47, 310, 209, 0, 1.16%, 0, 0, 6, 7.88, 48152
1648639726, 61, 275, 310, 208, 0, 1.16%, 0, 0, 6, 6.32, 48417
1648639804, 62, 255, 310, 208, 0, 1.16%, 0, 0, 6, 7.58, 48844
1648639845, 62, 308, 310, 207, 0, 1.16%, 0, 0, 6, 6.93, 49188
1648639922, 63, 276, 310, 206, 0, 1.16%, 0, 0, 6, 7.58, 49747
1648640005, 64, 50, 310, 205, 0, 1.16%, 0, 0, 6, 10.06, 50214
1648640026, 64, 284, 310, 204, 0, 1.16%, 0, 0, 6, 10.16, 50450
1648640092, 64, 284, 311, 205, 0, 1.16%, 0, 0, 6, 6.75, 50865
1648640123, 65, 263, 311, 205, 9, 1.16%, 0, 0, 6, 4.79, 51046
1648640236, 66, 0, 311, 204, 8, 1.16%, 0, 0, 6, 8.00, 51634
1648640261, 66, 286, 311, 204, 8, 1.16%, 0, 0, 6, 8.74, 51867
1648640323, 67, 262, 312, 204, 7, 1.16%, 0, 0, 6, 0.00, 52298
1648640379, 68, 252, 312, 203, 6, 1.16%, 0, 0, 6, 13.06, 52623
1648640400, 69, 0, 312, 202, 5, 1.16%, 0, 0, 6, 11.78, 52900
1648640436, 69, 266, 312, 202, 5, 1.16%, 0, 0, 6, 7.15, 53186
1648640467, 69, 266, 313, 203, 5, 1.16%, 0, 0, 6, 7.37, 53411
1648640523, 69, 296, 313, 202, 10, 1.16%, 0, 0, 6, 5.47, 53759
1648640621, 69, 301, 313, 201, 9, 1.16%, 0, 0, 6, 6.05, 54333
1648640652, 69, 301, 314, 202, 9, 1.16%, 0, 0, 6, 6.31, 54543
1648640698, 69, 301, 315, 203, 9, 1.16%, 0, 0, 6, 6.31, 54819
1648640714, 70, 138, 315, 202, 9, 1.16%, 0, 0, 6, 7.29, 54916
1648640734, 70, 278, 316, 202, 8, 1.16%, 0, 0, 7, 8.50, 55122
1648640787, 70, 303, 317, 202, 7, 1.16%, 0, 0, 7, 5.19, 55415
1648640844, 70, 303, 318, 203, 7, 1.16%, 0, 0, 7, 6.12, 55738
1648640869, 70, 303, 319, 204, 7, 1.16%, 0, 0, 7, 5.76, 55885
1648640910, 71, 287, 319, 203, 1, 1.16%, 0, 0, 7, 7.13, 56120
1648640931, 71, 287, 320, 204, 1, 1.17%, 0, 0, 7, 8.79, 56302
1648640987, 72, 1, 320, 203, 3, 1.17%, 0, 0, 7, 8.59, 56715
1648641013, 72, 285, 320, 203, 3, 1.17%, 0, 0, 7, 8.59, 56946
1648641086, 72, 285, 321, 204, 3, 1.17%, 0, 0, 7, 5.32, 57424
1648641147, 73, 138, 321, 204, 1, 1.17%, 0, 0, 7, 6.61, 57817
1648641152, 73, 138, 322, 205, 1, 1.17%, 0, 0, 7, 7.18, 57855
1648641183, 73, 319, 322, 205, 1, 1.17%, 0, 0, 7, 11.39, 58143
1648641240, 74, 257, 322, 204, 0, 1.17%, 0, 0, 7, 8.09, 58659
1648641292, 75, 138, 322, 203, 4294967295, 1.17%, 0, 0, 7, 7.27, 59031
1648641298, 75, 173, 322, 203, 4294967295, 1.17%, 0, 0, 7, 7.49, 59070
1648641349, 75, 312, 322, 202, 4294967294, 1.17%, 0, 0, 7, 5.33, 59393
1648641430, 76, 285, 322, 201, 4294967293, 1.17%, 0, 0, 7, 6.78, 59842
1648641574, 77, 280, 322, 201, 4294967293, 1.17%, 0, 0, 7, 5.34, 60696
1648641620, 78, 220, 322, 200, 4294967292, 1.17%, 0, 0, 7, 5.42, 60947
1648641677, 78, 230, 322, 199, 4294967291, 1.17%, 0, 0, 7, 6.45, 61300
1648641739, 79, 154, 323, 199, 4294967290, 1.17%, 0, 0, 7, 9.62, 61671
1648641760, 79, 317, 324, 200, 4294967290, 1.17%, 0, 0, 7, 7.03, 61841
1648641887, 80, 285, 324, 199, 4294967290, 1.17%, 0, 0, 7, 5.16, 62493
1648641944, 80, 285, 325, 200, 4294967290, 1.17%, 0, 0, 7, 5.40, 62838
1648642037, 81, 64, 325, 200, 2, 1.17%, 0, 0, 7, 7.44, 63385
1648642073, 82, 1, 325, 199, 1, 1.17%, 0, 0, 7, 9.30, 63682
1648642109, 82, 272, 325, 199, 1, 1.17%, 0, 0, 7, 12.35, 63979
1648642139, 82, 272, 326, 200, 1, 1.17%, 0, 0, 7, 10.07, 64310
1648642144, 82, 272, 327, 201, 1, 1.17%, 0, 0, 7, 9.01, 64354
1648642150, 82, 272, 328, 202, 1, 1.17%, 0, 0, 7, 9.24, 64403
1648642165, 82, 318, 328, 202, 9, 1.17%, 0, 0, 7, 7.12, 64532
1648642252, 83, 154, 328, 201, 8, 1.17%, 0, 0, 7, 11.03, 64993
1648642282, 84, 80, 328, 201, 8, 1.17%, 0, 0, 7, 8.34, 65265
1648642319, 84, 279, 328, 200, 7, 1.17%, 0, 0, 7, 3.42, 65543
1648642365, 85, 273, 328, 199, 6, 1.17%, 0, 0, 7, 6.09, 65798
1648642380, 85, 273, 329, 200, 6, 1.17%, 0, 0, 7, 7.28, 65913
1648642411, 85, 273, 330, 201, 6, 1.17%, 0, 0, 7, 5.91, 66128
1648642437, 85, 273, 331, 202, 6, 1.17%, 0, 0, 7, 6.54, 66292
1648642457, 86, 191, 331, 201, 0, 1.17%, 0, 0, 7, 6.22, 66411
1648642514, 87, 188, 331, 200, 0, 1.17%, 0, 0, 7, 6.00, 66752
1648642570, 88, 82, 331, 199, 0, 1.17%, 0, 0, 7, 8.26, 67074
1648642575, 88, 82, 332, 200, 0, 1.17%, 0, 0, 7, 8.19, 67114
1648642601, 88, 295, 332, 199, 0, 1.17%, 0, 0, 7, 8.86, 67330
1648642730, 89, 253, 332, 198, 0, 1.17%, 0, 0, 7, 8.92, 68237
1648642761, 89, 253, 333, 199, 0, 1.17%, 0, 0, 7, 7.59, 68523
1648642781, 89, 281, 333, 199, 0, 1.17%, 0, 0, 7, 6.77, 68669
1648642848, 90, 124, 333, 198, 0, 1.17%, 0, 0, 7, 7.74, 69113
1648642884, 90, 290, 333, 198, 0, 1.17%, 0, 0, 7, 7.05, 69377
1648642961, 91, 52, 333, 197, 0, 1.17%, 0, 0, 7, 8.00, 69932
1648642997, 91, 250, 333, 196, 0, 1.17%, 0, 0, 7, 7.59, 70230
1648643043, 91, 319, 333, 195, 4294967295, 1.17%, 0, 0, 7, 8.26, 70531
1648643058, 91, 319, 334, 196, 4294967295, 1.17%, 0, 0, 7, 12.76, 70772
1648643084, 91, 319, 335, 197, 4294967295, 1.17%, 0, 0, 7, 7.21, 70960
1648643094, 91, 319, 336, 198, 4294967295, 1.17%, 0, 0, 7, 6.50, 71028
1648643104, 91, 319, 337, 199, 4294967295, 1.17%, 0, 0, 7, 6.35, 71092
1648643114, 92, 215, 337, 199, 2, 1.17%, 0, 0, 7, 18.03, 71233
1648643140, 92, 215, 338, 200, 2, 1.17%, 0, 0, 7, 8.33, 71448
1648643145, 92, 239, 338, 199, 1, 1.17%, 0, 0, 7, 7.52, 71484
1648643217, 93, 87, 338, 198, 0, 1.17%, 0, 0, 7, 7.86, 72057
1648643259, 93, 327, 338, 197, 0, 1.17%, 0, 0, 7, 11.34, 72386
1648643284, 93, 327, 339, 198, 0, 1.17%, 0, 0, 7, 9.12, 72661
1648643314, 94, 175, 339, 197, 1, 1.17%, 0, 0, 7, 7.79, 72950
1648643356, 94, 318, 339, 196, 0, 1.17%, 0, 0, 7, 5.61, 73216
1648643443, 95, 266, 339, 196, 0, 1.17%, 0, 0, 7, 7.15, 73659
1648643474, 95, 266, 340, 197, 0, 1.17%, 0, 0, 7, 9.27, 73979
1648643484, 95, 266, 341, 198, 0, 1.17%, 0, 0, 7, 8.09, 74070
1648643505, 96, 128, 341, 198, 0, 1.17%, 0, 0, 7, 9.01, 74257
1648643541, 97, 69, 341, 197, 0, 1.17%, 0, 0, 7, 7.65, 74555
1648643587, 97, 101, 341, 196, 0, 1.17%, 0, 0, 7, 8.05, 74851
1648643627, 97, 105, 341, 195, 0, 1.17%, 0, 0, 7, 6.76, 75108
1648643674, 97, 277, 341, 194, 0, 1.17%, 0, 0, 7, 6.71, 75389
1648643689, 97, 277, 343, 196, 0, 1.17%, 0, 0, 7, 12.44, 75627
1648643720, 98, 248, 343, 195, 0, 1.17%, 0, 0, 7, 10.15, 75978
1648643772, 99, 129, 343, 195, 0, 1.17%, 0, 0, 7, 7.65, 76268
1648643787, 99, 129, 344, 196, 0, 1.17%, 0, 0, 7, 7.50, 76378
1648643808, 99, 268, 344, 196, 2, 1.17%, 0, 0, 7, 7.14, 76522
1648643900, 100, 138, 344, 195, 1, 1.17%, 0, 0, 7, 7.63, 77115
1648643916, 100, 272, 344, 195, 1, 1.17%, 0, 0, 7, 18.15, 77295
1648643962, 100, 285, 344, 195, 1, 1.17%, 0, 0, 7, 7.86, 77797
1648644019, 100, 285, 345, 196, 1, 1.17%, 0, 0, 7, 5.13, 78169
1648644054, 100, 285, 346, 197, 1, 1.17%, 0, 0, 7, 5.74, 78392
1648644106, 101, 215, 346, 197, 1, 1.17%, 0, 0, 7, 6.62, 78683
1648644142, 101, 215, 347, 198, 1, 1.17%, 0, 0, 7, 6.83, 78941
1648644157, 101, 293, 347, 198, 6, 1.17%, 0, 0, 7, 9.58, 79065
1648644177, 101, 293, 348, 199, 6, 1.17%, 0, 0, 7, 9.79, 79277
1648644203, 101, 293, 349, 200, 6, 1.17%, 0, 0, 7, 7.53, 79480
1648644218, 101, 293, 350, 201, 6, 1.17%, 0, 0, 7, 8.30, 79609
1648644223, 102, 261, 350, 200, 3, 1.17%, 0, 0, 7, 5.41, 79634
1648644295, 103, 241, 350, 199, 2, 1.17%, 0, 0, 7, 6.26, 80024
1648644372, 103, 272, 350, 198, 1, 1.17%, 0, 0, 7, 14.58, 80627
1648644418, 104, 230, 350, 198, 1, 1.17%, 0, 0, 7, 8.68, 81160
1648644480, 104, 338, 350, 198, 1, 1.17%, 0, 0, 7, 5.87, 81510
1648644552, 104, 338, 351, 199, 1, 1.17%, 0, 0, 7, 5.25, 81977
1648644557, 104, 338, 352, 200, 1, 1.17%, 0, 0, 7, 5.16, 82003
1648644573, 105, 165, 352, 199, 0, 1.17%, 0, 0, 7, 7.70, 82108
1648644614, 105, 240, 352, 198, 0, 1.17%, 0, 0, 7, 6.82, 82456
1648644681, 106, 60, 352, 197, 0, 1.17%, 0, 0, 7, 8.51, 82868
1648644722, 106, 272, 352, 196, 0, 1.17%, 0, 0, 7, 19.01, 83230
1648644768, 107, 46, 352, 196, 0, 1.17%, 0, 0, 7, 11.29, 83734
1648644789, 107, 283, 352, 196, 0, 1.17%, 0, 0, 7, 10.82, 83968
1648644866, 108, 233, 352, 195, 0, 1.17%, 0, 0, 7, 7.24, 84415
1648644913, 109, 200, 352, 194, 0, 1.17%, 0, 0, 7, 5.72, 84717
1648644954, 109, 269, 352, 193, 0, 1.17%, 0, 0, 7, 8.75, 85053
1648644985, 109, 269, 353, 194, 0, 1.17%, 0, 0, 7, 7.82, 85340
1648645020, 110, 264, 353, 193, 1, 1.17%, 0, 0, 7, 10.62, 85636
1648645112, 110, 264, 354, 194, 1, 1.17%, 0, 0, 7, 5.96, 86373
1648645133, 110, 350, 354, 194, 1, 1.17%, 0, 0, 7, 5.82, 86507
1648645200, 111, 339, 354, 193, 0, 1.17%, 0, 0, 7, 5.74, 86853
1648645287, 112, 338, 354, 192, 0, 1.17%, 0, 0, 7, 3.48, 87426
1648645344, 113, 329, 354, 192, 0, 1.17%, 0, 0, 7, 4.95, 87729
1648645374, 113, 329, 355, 193, 0, 1.17%, 0, 0, 7, 4.97, 87881
1648645425, 113, 329, 356, 194, 0, 1.17%, 0, 0, 7, 4.85, 88157
1648645431, 113, 330, 356, 193, 9, 1.17%, 0, 0, 7, 6.35, 88191
1648645518, 114, 252, 356, 192, 8, 1.17%, 0, 0, 7, 10.12, 88777
1648645549, 114, 304, 356, 192, 8, 1.17%, 0, 0, 7, 8.79, 89087
1648645676, 115, 142, 356, 191, 7, 1.17%, 0, 0, 7, 5.61, 89741
1648645723, 115, 278, 356, 190, 7, 1.17%, 0, 0, 7, 3.14, 90029
1648645795, 115, 278, 357, 191, 7, 1.17%, 0, 0, 7, 5.70, 90482
1648645800, 115, 336, 357, 191, 1, 1.17%, 0, 0, 7, 6.63, 90516
1648645826, 115, 336, 358, 192, 1, 1.17%, 0, 0, 7, 6.44, 90712
1648645862, 116, 170, 358, 191, 1, 1.17%, 0, 0, 7, 6.48, 90952
1648645919, 116, 317, 358, 190, 0, 1.17%, 0, 0, 7, 5.47, 91286
1648646047, 117, 103, 358, 190, 0, 1.17%, 0, 0, 7, 6.08, 91950
1648646093, 117, 296, 358, 189, 0, 1.17%, 0, 0, 7, 7.49, 92235
1648646104, 117, 296, 359, 190, 0, 1.17%, 0, 0, 7, 11.65, 92358
1648646129, 117, 296, 360, 191, 0, 1.17%, 0, 0, 7, 8.19, 92586
1648646161, 117, 357, 360, 191, 1, 1.17%, 0, 0, 7, 6.89, 92833
1648646243, 118, 69, 360, 190, 0, 1.17%, 0, 0, 7, 6.76, 93284
1648646279, 118, 256, 360, 190, 0, 1.17%, 0, 0, 7, 6.85, 93532
1648646324, 119, 105, 360, 190, 0, 1.17%, 0, 0, 7, 6.89, 93840
1648646360, 120, 2, 360, 190, 0, 1.17%, 0, 0, 7, 9.74, 94114
1648646386, 120, 4, 360, 190, 0, 1.17%, 0, 0, 7, 10.49, 94371
1648646417, 120, 245, 360, 189, 0, 1.17%, 0, 0, 7, 8.03, 94637
1648646447, 120, 245, 361, 190, 0, 1.17%, 0, 0, 7, 8.19, 94860
1648646498, 120, 351, 361, 189, 0, 1.17%, 0, 0, 7, 5.64, 95210
1648646565, 121, 195, 361, 188, 0, 1.17%, 0, 0, 7, 5.67, 95556
1648646622, 121, 273, 361, 187, 0, 1.17%, 0, 0, 7, 7.40, 95892
1648646653, 121, 273, 362, 188, 0, 1.21%, 0, 0, 7, 8.61, 96263
1648646679, 121, 346, 362, 188, 1, 1.21%, 0, 0, 7, 7.72, 96485
1648646756, 122, 209, 362, 187, 0, 1.21%, 0, 0, 7, 5.82, 96915
1648646818, 122, 305, 363, 187, 0, 1.21%, 0, 0, 7, 0.00, 97238
1648646875, 123, 118, 363, 186, 0, 1.21%, 0, 0, 7, 10.05, 97535
1648646911, 123, 284, 363, 185, 0, 1.21%, 0, 0, 7, 5.47, 97781
1648646957, 123, 308, 363, 185, 0, 1.21%, 0, 0, 7, 5.42, 98032
1648647046, 124, 266, 363, 185, 0, 1.21%, 0, 0, 7, 8.65, 98623
1648647103, 124, 318, 363, 185, 0, 1.21%, 0, 0, 7, 8.19, 99197
1648647215, 125, 146, 363, 185, 0, 1.21%, 0, 0, 7, 6.66, 99777
1648647251, 126, 9, 363, 185, 0, 1.21%, 0, 0, 7, 7.18, 100037
1648647292, 126, 331, 363, 185, 0, 1.21%, 0, 0, 7, 7.08, 100318
1648647349, 127, 10, 363, 184, 0, 1.21%, 0, 0, 7, 8.28, 100680
1648647375, 127, 333, 363, 183, 0, 1.21%, 0, 0, 7, 10.34, 100924
1648647442, 128, 15, 363, 182, 0, 1.21%, 0, 0, 7, 8.58, 101501
1648647457, 128, 15, 364, 183, 0, 1.21%, 0, 0, 7, 8.27, 101618
1648647472, 128, 176, 364, 182, 0, 1.21%, 0, 0, 7, 8.84, 101751
1648647524, 128, 262, 364, 181, 0, 1.21%, 0, 0, 7, 5.78, 102088
1648647575, 128, 284, 364, 181, 0, 1.21%, 0, 0, 7, 6.07, 102366
1648647672, 129, 335, 364, 181, 0, 1.21%, 0, 0, 7, 7.61, 102943
1648647703, 129, 335, 365, 182, 0, 1.21%, 0, 0, 7, 6.41, 103176
1648647739, 129, 340, 365, 181, 2, 1.21%, 0, 0, 7, 6.63, 103405
1648647831, 130, 254, 365, 180, 1, 1.21%, 0, 0, 7, 6.72, 103984
1648647914, 131, 175, 365, 179, 1, 1.21%, 0, 0, 7, 7.48, 104539
1648647966, 131, 348, 365, 179, 1, 1.21%, 0, 0, 7, 6.13, 104835
1648648058, 132, 262, 365, 178, 0, 1.21%, 0, 0, 7, 5.47, 105399
1648648104, 132, 313, 366, 179, 0, 1.21%, 0, 0, 7, 29.85, 105654
1648648155, 133, 285, 366, 178, 0, 1.21%, 0, 0, 7, 6.28, 105938
1648648248, 133, 285, 367, 179, 0, 1.21%, 0, 0, 7, 6.08, 106542
1648648289, 134, 269, 367, 179, 0, 1.21%, 0, 0, 7, 5.49, 106798
1648648336, 134, 321, 367, 179, 0, 1.21%, 0, 0, 7, 5.66, 107051
1648648367, 134, 342, 367, 178, 0, 1.21%, 0, 0, 7, 7.74, 107282
1648648408, 134, 342, 368, 179, 0, 1.21%, 0, 0, 8, 7.07, 107598
1648648413, 134, 342, 369, 180, 0, 1.21%, 0, 0, 8, 6.17, 107625
1648648434, 134, 342, 370, 181, 0, 1.21%, 0, 0, 8, 7.54, 107786
1648648444, 135, 307, 370, 180, 0, 1.21%, 0, 0, 8, 7.63, 107866
1648648511, 136, 198, 370, 179, 0, 1.21%, 0, 0, 8, 6.49, 108296
1648648558, 136, 309, 370, 178, 0, 1.21%, 0, 0, 8, 6.55, 108616
1648648636, 137, 300, 370, 177, 0, 1.21%, 0, 0, 8, 5.23, 109029
1648648646, 137, 300, 372, 179, 0, 1.21%, 0, 0, 8, 16.47, 109241
1648648666, 137, 301, 372, 178, 0, 1.21%, 0, 0, 8, 10.72, 109496
1648648763, 138, 14, 372, 178, 0, 1.21%, 0, 0, 8, 6.44, 110089
1648648804, 138, 14, 373, 179, 0, 1.21%, 0, 0, 8, 5.84, 110327
1648648809, 138, 72, 373, 179, 0, 1.21%, 0, 0, 8, 7.25, 110366
1648648835, 138, 72, 374, 180, 0, 1.21%, 0, 0, 8, 6.64, 110548
1648648851, 138, 233, 374, 179, 0, 1.21%, 0, 0, 8, 6.27, 110645
1648648908, 138, 249, 374, 179, 0, 1.21%, 0, 0, 8, 9.55, 110972
1648648928, 138, 249, 375, 180, 0, 1.21%, 0, 0, 8, 8.71, 111215
1648648964, 138, 350, 375, 180, 1, 1.21%, 0, 0, 8, 6.40, 111547
1648649026, 138, 356, 375, 180, 1, 1.21%, 0, 0, 8, 4.70, 111856
1648649144, 139, 302, 375, 179, 0, 1.21%, 0, 0, 8, 5.78, 112446
1648649231, 140, 213, 375, 178, 0, 1.21%, 0, 0, 8, 5.47, 113026
1648649277, 141, 21, 375, 178, 0, 1.21%, 0, 0, 8, 10.16, 113305
1648649303, 141, 302, 375, 177, 0, 1.21%, 0, 0, 8, 8.78, 113558
1648649333, 141, 302, 376, 178, 0, 1.21%, 0, 0, 8, 6.09, 113760
1648649395, 142, 154, 376, 178, 1, 1.21%, 0, 0, 8, 7.69, 114131
1648649411, 142, 348, 376, 178, 1, 1.21%, 0, 0, 8, 8.66, 114267
1648649513, 142, 352, 376, 178, 1, 1.21%, 0, 0, 8, 4.69, 114823
1648649615, 143, 251, 376, 177, 0, 1.21%, 0, 0, 8, 6.17, 115401
