# unix_time, cycles_done, cur_path, paths_total, pending_total, pending_favs, map_size, unique_crashes, unique_hangs, max_depth, execs_per_sec, total_execs
1648633570, 0, 0, 7, 7, 7, 6.96%, 0, 0, 1, 19.84, 249
1648633576, 0, 0, 10, 10, 7, 7.03%, 0, 0, 2, 17.91, 344
1648633581, 0, 0, 16, 16, 7, 7.05%, 0, 0, 2, 21.64, 455
1648633586, 0, 0, 20, 20, 7, 7.06%, 0, 0, 2, 17.18, 542
1648633591, 0, 0, 24, 24, 7, 7.06%, 0, 0, 2, 17.80, 629
1648633596, 0, 0, 34, 34, 7, 7.18%, 0, 0, 2, 17.47, 716
1648633601, 0, 0, 41, 41, 7, 7.20%, 0, 0, 2, 15.23, 789
1648633606, 0, 0, 49, 49, 7, 7.21%, 0, 0, 2, 14.81, 867
1648633612, 0, 0, 53, 53, 7, 7.22%, 0, 0, 2, 13.70, 939
1648633617, 0, 0, 59, 59, 7, 7.22%, 0, 0, 2, 14.80, 1013
1648633622, 0, 0, 65, 65, 7, 7.22%, 0, 0, 2, 16.17, 1106
1648633627, 0, 0, 72, 72, 7, 7.22%, 0, 0, 2, 16.30, 1185
1648633632, 0, 0, 77, 77, 7, 7.22%, 0, 0, 2, 14.51, 1258
1648633637, 0, 0, 82, 82, 7, 7.24%, 0, 0, 2, 16.04, 1346
1648633642, 0, 0, 89, 89, 7, 7.26%, 0, 0, 2, 15.04, 1424
1648633647, 0, 0, 93, 93, 7, 7.26%, 2, 0, 2, 14.56, 1493
1648633652, 0, 0, 99, 99, 7, 7.26%, 4, 0, 2, 13.91, 1563
1648633658, 0, 0, 104, 103, 6, 7.26%, 4, 0, 2, 13.83, 1637
1648633663, 0, 0, 110, 109, 6, 7.27%, 4, 0, 2, 12.22, 1718
1648633668, 0, 0, 113, 112, 6, 7.27%, 4, 0, 2, 12.28, 1785
1648633673, 0, 0, 118, 117, 6, 7.28%, 4, 0, 2, 14.26, 1860
1648633678, 0, 0, 122, 121, 6, 7.29%, 4, 0, 2, 16.58, 1951
1648633683, 0, 0, 127, 126, 6, 7.29%, 4, 0, 2, 15.72, 2028
1648633688, 0, 0, 133, 132, 6, 7.31%, 4, 0, 2, 16.07, 2112
1648633694, 0, 0, 138, 137, 6, 7.31%, 4, 0, 2, 14.34, 2181
1648633699, 0, 0, 141, 140, 5, 7.31%, 4, 0, 2, 0.00, 2258
1648633704, 0, 0, 145, 144, 5, 7.31%, 4, 0, 2, 12.49, 2326
1648633709, 0, 0, 146, 145, 5, 7.32%, 4, 0, 2, 12.47, 2390
1648633714, 0, 0, 149, 148, 5, 7.32%, 4, 0, 2, 11.88, 2454
1648633719, 0, 0, 153, 152, 5, 7.32%, 4, 0, 2, 11.97, 2517
1648633724, 0, 0, 156, 155, 5, 7.32%, 4, 0, 2, 12.80, 2578
1648633729, 0, 0, 160, 159, 5, 7.32%, 4, 0, 2, 12.88, 2647
1648633734, 0, 0, 162, 161, 5, 7.32%, 4, 0, 2, 12.45, 2710
1648633739, 0, 57, 169, 168, 5, 7.32%, 4, 0, 3, 17.79, 2800
1648633744, 0, 57, 175, 174, 5, 7.32%, 4, 0, 3, 18.14, 2893
1648633750, 0, 57, 180, 179, 5, 7.33%, 4, 0, 3, 7.69, 2967
1648633760, 0, 57, 183, 182, 5, 7.33%, 4, 0, 3, 9.40, 3065
1648633765, 0, 57, 184, 183, 5, 7.33%, 4, 0, 3, 9.64, 3114
1648633770, 0, 182, 185, 183, 0, 7.33%, 4, 0, 4, 12.58, 3179
1648633775, 0, 182, 190, 188, 0, 7.33%, 4, 0, 4, 13.80, 3254
1648633780, 0, 182, 194, 192, 0, 7.34%, 4, 0, 4, 13.54, 3323
1648633786, 0, 182, 198, 196, 0, 7.34%, 4, 0, 4, 14.72, 3404
1648633791, 0, 182, 202, 200, 0, 7.35%, 4, 0, 4, 13.91, 3474
1648633796, 1, 63, 204, 201, 0, 7.35%, 4, 0, 4, 14.23, 3550
1648633801, 1, 63, 205, 202, 0, 7.35%, 4, 0, 4, 13.40, 3618
1648633806, 1, 63, 206, 203, 0, 7.35%, 4, 0, 4, 12.31, 3684
1648633811, 1, 63, 207, 204, 0, 7.35%, 4, 0, 4, 12.42, 3747
1648633817, 2, 9, 208, 204, 0, 7.35%, 4, 0, 4, 14.17, 3821
1648633822, 2, 9, 212, 208, 0, 7.35%, 4, 0, 4, 13.17, 3889
1648633827, 2, 9, 214, 210, 0, 7.35%, 4, 0, 4, 14.12, 3962
1648633832, 2, 9, 218, 214, 0, 7.35%, 4, 0, 4, 13.90, 4032
1648633837, 2, 9, 221, 217, 0, 7.35%, 4, 0, 4, 13.27, 4102
1648633842, 2, 9, 225, 221, 0, 7.35%, 4, 0, 4, 13.63, 4176
1648633847, 3, 1, 228, 223, 8, 7.35%, 4, 0, 4, 14.81, 4250
1648633853, 3, 1, 230, 225, 8, 7.35%, 4, 0, 4, 13.95, 4319
1648633858, 3, 1, 231, 226, 8, 7.35%, 4, 0, 4, 14.47, 4393
1648633863, 3, 1, 234, 229, 8, 7.35%, 4, 0, 4, 12.07, 4452
1648633868, 3, 1, 239, 234, 8, 7.36%, 4, 0, 4, 12.99, 4517
1648633873, 3, 1, 242, 237, 8, 7.36%, 4, 0, 4, 13.49, 4586
1648633878, 3, 1, 244, 238, 5, 7.36%, 4, 0, 4, 14.62, 4659
1648633883, 3, 1, 247, 241, 5, 7.36%, 4, 0, 4, 13.80, 4730
1648633888, 3, 1, 250, 244, 5, 7.36%, 4, 0, 4, 13.19, 4792
1648633893, 3, 1, 251, 245, 5, 7.36%, 4, 0, 4, 15.36, 4874
1648633899, 3, 137, 252, 246, 3, 7.36%, 4, 0, 4, 13.78, 4946
1648633909, 3, 137, 254, 248, 3, 7.36%, 4, 0, 4, 10.07, 5051
1648633919, 3, 137, 255, 249, 3, 7.36%, 4, 0, 4, 10.16, 5153
1648633924, 3, 137, 256, 250, 3, 7.36%, 4, 0, 4, 10.43, 5208
1648633929, 5, 173, 256, 249, 0, 7.36%, 4, 0, 4, 10.49, 5262
1648633939, 5, 173, 257, 250, 0, 7.36%, 4, 0, 4, 8.47, 5346
1648633960, 6, 12, 257, 249, 0, 7.36%, 4, 0, 4, 9.45, 5523
1648633965, 6, 12, 258, 250, 0, 7.36%, 4, 0, 4, 12.65, 5593
1648633975, 6, 12, 259, 251, 0, 7.36%, 4, 0, 4, 13.28, 5730
1648633980, 6, 12, 261, 253, 0, 7.37%, 4, 0, 4, 12.67, 5791
1648633985, 7, 2, 264, 255, 8, 7.38%, 4, 0, 4, 4.69, 5857
1648633990, 7, 2, 266, 257, 8, 7.38%, 4, 0, 4, 10.46, 5918
1648634000, 7, 2, 268, 259, 8, 7.39%, 4, 0, 4, 12.70, 6049
1648634006, 7, 2, 270, 261, 8, 7.39%, 4, 0, 4, 11.61, 6107
1648634011, 7, 2, 273, 264, 8, 7.39%, 4, 0, 4, 10.56, 6161
1648634016, 7, 2, 276, 267, 8, 7.39%, 5, 0, 4, 10.45, 6217
1648634021, 7, 2, 279, 269, 7, 7.39%, 5, 0, 4, 12.45, 6281
1648634026, 7, 2, 283, 273, 7, 7.41%, 5, 0, 4, 10.74, 6335
1648634031, 7, 2, 284, 274, 7, 7.41%, 5, 0, 4, 11.56, 6395
1648634036, 7, 2, 286, 276, 7, 7.41%, 5, 0, 4, 11.86, 6455
1648634041, 7, 2, 288, 278, 7, 7.47%, 5, 0, 4, 13.71, 6535
1648634047, 7, 2, 290, 280, 7, 7.47%, 5, 0, 4, 12.19, 6592
1648634052, 7, 2, 293, 283, 3, 7.47%, 5, 0, 4, 13.21, 6659
1648634057, 7, 2, 296, 286, 3, 7.47%, 5, 0, 4, 11.64, 6719
1648634062, 7, 2, 299, 289, 3, 7.47%, 5, 0, 4, 11.74, 6780
1648634067, 7, 2, 300, 290, 3, 7.47%, 5, 0, 4, 10.86, 6832
1648634072, 7, 2, 302, 292, 3, 7.47%, 5, 0, 4, 11.20, 6890
1648634077, 7, 2, 303, 293, 3, 7.47%, 5, 0, 4, 12.90, 6956
1648634082, 7, 2, 306, 296, 3, 7.47%, 5, 0, 4, 11.43, 7013
1648634087, 7, 2, 308, 298, 3, 7.47%, 5, 0, 4, 10.97, 7066
1648634092, 7, 2, 310, 300, 3, 7.48%, 5, 0, 4, 10.84, 7124
1648634098, 7, 162, 310, 300, 3, 7.48%, 5, 0, 4, 26.58, 7272
1648634103, 7, 279, 310, 299, 3, 7.48%, 5, 0, 4, 28.94, 7428
1648634118, 8, 184, 314, 302, 2, 7.48%, 5, 0, 5, 15.59, 7769
1648634123, 8, 184, 315, 303, 2, 7.48%, 5, 0, 5, 14.41, 7838
1648634128, 8, 184, 317, 305, 2, 7.48%, 5, 0, 5, 15.92, 7921
1648634139, 8, 204, 319, 306, 0, 7.48%, 5, 0, 5, 14.13, 8076
1648634144, 8, 204, 320, 307, 0, 7.48%, 5, 0, 5, 11.65, 8131
1648634164, 9, 17, 321, 307, 0, 7.48%, 5, 0, 5, 13.76, 8378
1648634170, 9, 17, 323, 309, 0, 7.48%, 5, 0, 5, 14.04, 8453
1648634175, 9, 17, 324, 310, 0, 7.48%, 5, 0, 5, 14.17, 8527
1648634180, 9, 17, 326, 312, 0, 7.48%, 5, 0, 5, 13.47, 8595
1648634185, 9, 17, 330, 316, 0, 7.48%, 5, 0, 5, 12.94, 8662
1648634190, 10, 3, 332, 317, 7, 7.48%, 5, 0, 5, 17.66, 8763
1648634195, 10, 3, 334, 319, 7, 7.48%, 5, 0, 5, 15.29, 8837
1648634200, 10, 3, 336, 321, 7, 7.49%, 5, 0, 5, 15.45, 8913
1648634206, 10, 3, 338, 323, 7, 7.49%, 5, 0, 5, 14.29, 8983
1648634211, 10, 3, 341, 326, 7, 7.49%, 5, 0, 5, 15.36, 9064
1648634216, 11, 2, 342, 326, 7, 7.49%, 5, 0, 5, 13.70, 9131
1648634221, 11, 2, 344, 328, 7, 7.49%, 5, 0, 5, 13.57, 9202
1648634226, 11, 2, 346, 330, 7, 7.49%, 5, 0, 5, 12.52, 9268
1648634231, 11, 2, 349, 333, 7, 7.50%, 5, 0, 5, 11.98, 9328
1648634236, 11, 2, 350, 334, 7, 7.50%, 5, 0, 5, 11.37, 9385
1648634242, 11, 3, 351, 335, 7, 7.50%, 5, 0, 5, 11.29, 9445
1648634247, 11, 3, 355, 339, 7, 7.50%, 5, 0, 5, 12.16, 9513
1648634252, 11, 3, 356, 340, 7, 7.50%, 5, 0, 5, 13.08, 9580
1648634257, 11, 3, 358, 342, 7, 7.50%, 5, 0, 5, 12.66, 9646
1648634267, 11, 166, 360, 344, 2, 7.50%, 5, 0, 5, 14.50, 9790
1648634272, 11, 166, 361, 345, 2, 7.50%, 5, 0, 5, 14.85, 9872
1648634278, 11, 166, 362, 346, 2, 7.50%, 5, 0, 5, 15.25, 9956
1648634283, 11, 166, 364, 348, 2, 7.50%, 5, 0, 5, 18.83, 10060
1648634288, 11, 296, 370, 353, 0, 7.50%, 5, 0, 5, 18.59, 10111
1648634298, 11, 296, 372, 355, 0, 7.50%, 5, 0, 5, 9.95, 10207
1648634303, 11, 296, 373, 356, 0, 7.50%, 5, 0, 5, 9.61, 10257
1648634308, 11, 296, 374, 357, 0, 7.50%, 5, 0, 5, 9.26, 10304
1648634318, 11, 296, 375, 358, 0, 7.50%, 5, 0, 5, 9.45, 10404
1648634324, 11, 296, 376, 359, 0, 7.50%, 5, 0, 5, 9.47, 10452
1648634329, 11, 296, 377, 360, 0, 7.50%, 5, 0, 5, 9.30, 10498
1648634334, 12, 194, 379, 361, 6, 7.50%, 5, 0, 5, 12.89, 10567
1648634344, 12, 194, 380, 362, 6, 7.51%, 5, 0, 5, 16.46, 10722
1648634354, 12, 238, 382, 363, 0, 7.51%, 5, 0, 5, 13.46, 10870
1648634360, 12, 238, 384, 365, 0, 7.51%, 5, 0, 5, 11.28, 10926
1648634365, 12, 238, 385, 366, 0, 7.51%, 5, 0, 5, 11.02, 10984
1648634370, 12, 238, 386, 367, 0, 7.51%, 5, 0, 5, 11.04, 11040
1648634380, 13, 55, 386, 366, 7, 7.51%, 5, 0, 5, 11.90, 11162
1648634385, 13, 55, 387, 367, 7, 7.51%, 5, 0, 5, 11.06, 11216
1648634390, 13, 55, 388, 368, 7, 7.51%, 5, 0, 5, 11.98, 11276
1648634395, 13, 55, 389, 369, 7, 7.51%, 5, 0, 5, 11.08, 11330
1648634400, 13, 55, 390, 370, 7, 7.51%, 5, 0, 5, 10.75, 11385
1648634406, 13, 55, 391, 371, 7, 7.51%, 5, 0, 5, 11.24, 11444
1648634411, 14, 4, 393, 372, 9, 7.52%, 5, 0, 5, 12.21, 11507
1648634416, 14, 4, 395, 374, 9, 7.54%, 5, 0, 5, 12.73, 11573
1648634421, 14, 4, 396, 375, 9, 7.54%, 5, 0, 5, 13.87, 11648
1648634426, 14, 4, 397, 376, 9, 7.54%, 5, 0, 5, 12.80, 11715
1648634431, 14, 4, 399, 378, 9, 7.54%, 5, 0, 5, 12.69, 11776
1648634436, 15, 3, 402, 380, 6, 7.54%, 5, 0, 5, 12.32, 11845
1648634441, 15, 3, 405, 383, 6, 7.54%, 5, 0, 5, 18.11, 11941
1648634447, 15, 3, 406, 384, 6, 7.54%, 5, 0, 5, 14.08, 12005
1648634452, 15, 3, 407, 385, 6, 7.54%, 5, 0, 5, 14.26, 12079
1648634457, 15, 4, 409, 387, 7, 7.59%, 5, 0, 5, 4.35, 12144
1648634462, 15, 4, 412, 390, 7, 7.59%, 5, 0, 5, 11.06, 12210
1648634467, 15, 4, 414, 392, 7, 7.59%, 5, 0, 5, 9.46, 12258
1648634488, 15, 373, 416, 394, 2, 7.59%, 5, 0, 5, 5.06, 12493
1648634508, 15, 373, 417, 395, 2, 7.59%, 5, 0, 5, 8.43, 12667
1648634534, 16, 195, 418, 395, 5, 7.59%, 5, 0, 5, 15.01, 12924
1648634539, 16, 195, 420, 397, 5, 7.59%, 5, 0, 5, 16.35, 13006
1648634544, 16, 195, 421, 398, 5, 7.59%, 5, 0, 5, 15.49, 13086
1648634554, 16, 253, 421, 397, 4, 7.59%, 5, 0, 5, 12.05, 13225
1648634569, 16, 253, 422, 398, 4, 7.59%, 5, 0, 5, 9.28, 13370
1648634574, 16, 253, 423, 399, 4, 7.59%, 5, 0, 5, 9.47, 13418
1648634585, 17, 90, 425, 400, 7, 7.59%, 5, 0, 5, 11.38, 13528
1648634590, 17, 90, 427, 402, 7, 7.59%, 5, 0, 5, 11.81, 13587
1648634595, 17, 90, 429, 404, 7, 7.59%, 5, 0, 5, 11.56, 13647
1648634605, 17, 90, 430, 405, 7, 7.59%, 5, 0, 5, 12.05, 13771
1648634610, 18, 4, 430, 404, 5, 7.59%, 5, 0, 5, 12.47, 13834
1648634621, 18, 4, 432, 406, 5, 7.59%, 5, 0, 5, 12.90, 13961
1648634626, 18, 4, 433, 407, 5, 7.61%, 5, 0, 5, 9.61, 14006
1648634636, 18, 4, 434, 408, 7, 7.61%, 5, 0, 5, 12.61, 14133
1648634641, 18, 4, 436, 410, 7, 7.61%, 5, 0, 5, 11.18, 14189
1648634656, 18, 4, 437, 411, 7, 7.63%, 5, 0, 5, 13.26, 14384
1648634662, 18, 313, 438, 412, 4, 7.63%, 5, 0, 6, 0.00, 14433
1648634667, 18, 313, 439, 413, 4, 7.63%, 5, 0, 6, 0.00, 14433
1648634722, 19, 235, 439, 412, 7, 7.63%, 5, 0, 6, 7.97, 14871
1648634738, 19, 235, 440, 413, 7, 7.63%, 5, 0, 6, 10.44, 15023
1648634748, 19, 235, 441, 414, 7, 7.63%, 5, 0, 6, 9.47, 15126
1648634753, 19, 235, 443, 416, 7, 7.63%, 5, 0, 6, 9.30, 15172
1648634758, 20, 5, 444, 416, 11, 7.64%, 5, 0, 6, 13.67, 15245
1648634764, 20, 5, 446, 418, 11, 7.64%, 5, 0, 6, 13.57, 15316
1648634769, 20, 5, 447, 419, 11, 7.64%, 5, 0, 6, 14.12, 15391
1648634774, 20, 5, 448, 420, 11, 7.64%, 5, 0, 6, 15.26, 15469
1648634779, 20, 376, 448, 419, 3, 7.64%, 5, 0, 6, 10.94, 15520
1648634789, 20, 376, 449, 420, 3, 7.64%, 5, 0, 6, 8.16, 15601
1648634820, 20, 415, 449, 419, 2, 7.64%, 6, 0, 6, 8.73, 15857
1648634845, 20, 415, 450, 420, 2, 7.64%, 6, 0, 6, 8.18, 16070
1648634861, 20, 415, 450, 420, 2, 7.64%, 7, 0, 6, 8.51, 16198
1648634881, 20, 415, 451, 421, 2, 7.64%, 7, 0, 6, 8.35, 16368
1648634902, 21, 334, 451, 420, 4, 7.64%, 7, 0, 6, 9.10, 16541
1648634927, 21, 334, 452, 421, 4, 7.64%, 7, 0, 6, 8.84, 16770
1648634942, 21, 449, 453, 421, 2, 7.64%, 7, 0, 6, 8.27, 16898
1648634947, 21, 449, 454, 422, 2, 7.64%, 7, 0, 6, 8.09, 16938
1648635019, 22, 260, 454, 421, 9, 7.64%, 7, 0, 6, 8.74, 17538
1648635030, 22, 260, 456, 423, 9, 7.64%, 7, 0, 6, 13.28, 17659
1648635050, 22, 260, 457, 424, 9, 7.64%, 8, 0, 6, 9.99, 17892
1648635055, 22, 316, 457, 423, 2, 7.64%, 8, 0, 6, 11.18, 17951
1648635066, 22, 316, 458, 424, 2, 7.64%, 8, 0, 6, 11.45, 18072
1648635076, 22, 316, 459, 425, 2, 7.64%, 8, 0, 6, 11.97, 18196
1648635101, 23, 6, 460, 425, 10, 7.64%, 8, 0, 6, 12.63, 18527
1648635107, 23, 6, 462, 427, 10, 7.64%, 8, 0, 6, 12.72, 18597
1648635112, 23, 6, 464, 429, 10, 7.64%, 8, 0, 6, 12.33, 18659
1648635117, 23, 6, 465, 430, 10, 7.64%, 8, 0, 6, 13.39, 18728
1648635122, 23, 6, 466, 431, 10, 7.64%, 8, 0, 6, 12.70, 18793
1648635127, 24, 360, 466, 430, 2, 7.64%, 9, 0, 6, 14.03, 18866
1648635137, 24, 360, 467, 431, 2, 7.64%, 9, 0, 6, 15.22, 19023
1648635142, 24, 360, 468, 432, 2, 7.65%, 9, 0, 6, 16.84, 19107
1648635148, 24, 360, 470, 434, 2, 7.65%, 9, 0, 6, 14.33, 19181
1648635153, 24, 360, 472, 436, 2, 7.65%, 9, 0, 6, 15.45, 19261
1648635158, 24, 360, 473, 437, 2, 7.65%, 9, 0, 6, 15.37, 19338
1648635163, 24, 360, 474, 438, 2, 7.65%, 9, 0, 6, 16.46, 19423
1648635168, 24, 378, 474, 437, 5, 7.65%, 9, 0, 6, 17.49, 19509
1648635183, 24, 378, 475, 438, 5, 7.65%, 9, 0, 6, 19.93, 19818
1648635189, 24, 378, 477, 440, 5, 7.65%, 9, 0, 6, 17.51, 19908
1648635194, 24, 378, 479, 442, 5, 7.65%, 9, 0, 6, 18.21, 19999
1648635199, 24, 378, 480, 443, 5, 7.65%, 9, 0, 6, 17.26, 20082
1648635204, 25, 236, 481, 443, 2, 7.65%, 9, 0, 6, 14.25, 20153
1648635219, 25, 236, 482, 444, 2, 7.65%, 9, 0, 6, 10.05, 20303
1648635229, 25, 236, 483, 445, 2, 7.65%, 9, 0, 6, 9.86, 20408
1648635235, 25, 351, 483, 444, 8, 7.65%, 9, 0, 6, 15.06, 20490
1648635240, 25, 351, 484, 445, 8, 7.65%, 9, 0, 6, 14.11, 20558
1648635255, 25, 379, 485, 445, 8, 7.65%, 9, 0, 6, 13.79, 20767
1648635260, 25, 379, 486, 446, 8, 7.65%, 9, 0, 6, 13.48, 20836
1648635265, 25, 379, 488, 448, 8, 7.65%, 9, 0, 6, 12.93, 20903
1648635270, 25, 379, 489, 449, 8, 7.65%, 9, 0, 6, 13.66, 20975
1648635275, 25, 379, 491, 451, 8, 7.65%, 9, 0, 6, 14.39, 21047
1648635286, 25, 379, 494, 454, 8, 7.65%, 9, 0, 6, 11.59, 21170
1648635291, 25, 379, 495, 455, 8, 7.65%, 9, 0, 6, 12.71, 21236
1648635301, 25, 379, 497, 457, 8, 7.65%, 9, 0, 6, 12.86, 21376
1648635306, 26, 5, 498, 457, 6, 7.65%, 9, 0, 6, 18.18, 21469
1648635311, 26, 5, 500, 459, 6, 7.66%, 9, 0, 6, 15.99, 21549
1648635317, 26, 5, 501, 460, 6, 7.66%, 9, 0, 6, 15.83, 21630
1648635322, 26, 5, 503, 462, 6, 7.66%, 9, 0, 6, 14.31, 21702
1648635327, 26, 450, 505, 464, 1, 7.66%, 9, 0, 6, 13.87, 21773
1648635403, 27, 103, 505, 463, 0, 7.66%, 9, 0, 6, 8.72, 22422
1648635408, 27, 103, 506, 464, 0, 7.66%, 10, 0, 6, 10.32, 22477
1648635414, 27, 103, 508, 466, 0, 7.66%, 12, 0, 6, 10.20, 22530
1648635419, 27, 103, 509, 467, 0, 7.66%, 12, 0, 6, 10.36, 22582
1648635424, 27, 103, 510, 468, 0, 7.66%, 12, 0, 6, 11.20, 22642
1648635429, 27, 103, 511, 469, 0, 7.66%, 12, 0, 6, 11.13, 22698
1648635434, 28, 6, 511, 468, 8, 7.66%, 12, 0, 6, 12.29, 22760
1648635439, 28, 6, 513, 470, 8, 7.66%, 12, 0, 6, 12.50, 22823
1648635444, 28, 6, 514, 471, 8, 7.66%, 12, 0, 6, 12.81, 22890
1648635449, 28, 6, 515, 472, 8, 7.66%, 12, 0, 6, 11.80, 22951
1648635460, 28, 442, 515, 472, 4, 7.66%, 12, 0, 6, 11.41, 23075
1648635470, 28, 442, 516, 473, 4, 7.66%, 12, 0, 6, 8.90, 23162
1648635475, 28, 442, 517, 474, 4, 7.66%, 12, 0, 6, 8.98, 23207
1648635480, 28, 442, 518, 475, 4, 7.66%, 13, 0, 6, 9.02, 23252
1648635485, 28, 442, 519, 476, 4, 7.66%, 13, 0, 6, 9.20, 23300
1648635500, 29, 398, 519, 475, 5, 7.66%, 13, 0, 6, 9.56, 23445
1648635505, 29, 398, 520, 476, 5, 7.66%, 13, 0, 6, 8.89, 23489
1648635515, 29, 398, 521, 477, 5, 7.66%, 14, 0, 6, 8.49, 23575
1648635536, 29, 420, 521, 476, 6, 7.66%, 15, 0, 6, 9.08, 23750
1648635541, 29, 420, 522, 477, 6, 7.66%, 15, 0, 6, 9.80, 23800
1648635572, 29, 420, 524, 479, 6, 7.66%, 15, 0, 6, 12.24, 24155
1648635587, 30, 6, 524, 478, 7, 7.66%, 15, 0, 6, 14.10, 24348
1648635602, 30, 6, 526, 480, 7, 7.66%, 15, 0, 6, 15.56, 24567
1648635612, 30, 480, 528, 482, 0, 7.66%, 15, 0, 7, 4.93, 24713
1648635684, 31, 49, 528, 481, 8, 7.66%, 15, 0, 7, 9.21, 25288
1648635689, 31, 49, 529, 482, 8, 7.66%, 15, 0, 7, 10.26, 25344
1648635694, 31, 49, 530, 483, 8, 7.66%, 15, 0, 7, 10.46, 25396
1648635699, 31, 49, 531, 484, 8, 7.66%, 15, 0, 7, 10.28, 25450
1648635709, 31, 526, 532, 484, 8, 7.66%, 15, 0, 8, 12.46, 25570
1648635714, 31, 526, 533, 485, 8, 7.66%, 15, 0, 8, 10.01, 25620
1648635745, 32, 454, 533, 484, 5, 7.66%, 15, 0, 8, 7.98, 25861
1648635765, 32, 454, 534, 485, 5, 7.66%, 15, 0, 8, 9.04, 26035
1648635770, 32, 454, 535, 486, 5, 7.67%, 16, 0, 8, 8.46, 26079
1648635786, 32, 454, 535, 486, 5, 7.67%, 17, 0, 8, 8.87, 26216
1648635791, 32, 454, 537, 488, 5, 7.67%, 19, 0, 8, 8.46, 26260
1648635801, 32, 526, 537, 487, 0, 7.67%, 19, 0, 8, 5.57, 26340
1648635832, 33, 460, 537, 487, 0, 7.67%, 19, 0, 8, 8.87, 26584
1648635842, 33, 460, 538, 488, 0, 7.67%, 19, 0, 8, 11.84, 26715
1648635852, 33, 460, 539, 489, 0, 7.68%, 19, 0, 8, 11.84, 26844
1648635858, 33, 460, 539, 489, 0, 7.68%, 20, 0, 8, 13.10, 26911
1648635863, 33, 527, 542, 491, 0, 7.68%, 20, 0, 8, 10.55, 26964
1648635898, 34, 5, 547, 495, 3, 7.70%, 20, 0, 8, 5.73, 27261
1648635903, 34, 5, 548, 496, 3, 7.70%, 20, 0, 8, 11.96, 27333
1648635919, 34, 6, 548, 496, 5, 7.70%, 20, 0, 8, 13.82, 27547
1648635929, 34, 6, 549, 497, 5, 7.70%, 20, 0, 8, 12.37, 27678
1648635939, 34, 286, 549, 497, 8, 7.70%, 20, 0, 8, 12.33, 27803
1648635944, 34, 286, 551, 499, 8, 7.70%, 20, 0, 8, 14.73, 27883
1648635949, 34, 286, 553, 501, 8, 7.70%, 20, 0, 8, 14.42, 27957
1648635959, 34, 286, 554, 502, 8, 7.70%, 20, 0, 8, 13.58, 28092
1648635970, 36, 111, 554, 501, 6, 7.70%, 20, 0, 8, 11.64, 28216
1648635975, 36, 111, 556, 503, 6, 7.70%, 20, 0, 8, 11.12, 28275
1648635985, 36, 111, 558, 505, 6, 7.70%, 21, 0, 8, 10.78, 28387
1648635990, 36, 111, 558, 505, 6, 7.70%, 22, 0, 8, 11.58, 28448
1648635995, 36, 334, 558, 504, 6, 7.70%, 23, 0, 8, 11.44, 28507
1648636006, 36, 334, 559, 505, 6, 7.70%, 23, 0, 8, 10.32, 28615
1648636011, 36, 334, 559, 505, 6, 7.70%, 24, 0, 8, 11.12, 28673
1648636021, 36, 334, 560, 506, 6, 7.70%, 24, 0, 8, 11.51, 28791
1648636026, 36, 515, 560, 506, 11, 7.70%, 24, 0, 8, 10.25, 28844
1648636031, 36, 515, 561, 507, 11, 7.70%, 24, 0, 8, 9.53, 28892
1648636046, 36, 515, 563, 509, 11, 7.70%, 24, 0, 8, 9.72, 29042
1648636052, 36, 515, 566, 512, 11, 7.70%, 24, 0, 8, 9.48, 29093
1648636062, 36, 515, 566, 512, 11, 7.70%, 25, 0, 8, 9.48, 29196
1648636067, 36, 515, 567, 513, 11, 7.70%, 25, 0, 8, 9.23, 29243
1648636072, 36, 515, 569, 515, 11, 7.71%, 25, 0, 8, 9.79, 29295
1648636077, 37, 384, 569, 514, 7, 7.71%, 25, 0, 8, 9.83, 29345
1648636103, 37, 479, 569, 513, 6, 7.71%, 25, 0, 8, 10.23, 29626
1648636129, 37, 479, 570, 514, 6, 7.71%, 25, 0, 8, 8.97, 29841
1648636170, 38, 337, 570, 513, 5, 7.71%, 25, 0, 8, 14.26, 30267
1648636180, 38, 337, 571, 514, 5, 7.71%, 25, 0, 8, 14.63, 30421
1648636190, 38, 432, 572, 514, 7, 7.71%, 25, 0, 8, 13.56, 30563
1648636195, 38, 432, 573, 515, 7, 7.71%, 25, 0, 8, 12.98, 30625
1648636205, 38, 432, 574, 516, 7, 7.71%, 25, 0, 8, 13.08, 30767
1648636216, 39, 361, 574, 515, 3, 7.71%, 25, 0, 8, 13.12, 30902
1648636231, 39, 361, 575, 516, 3, 7.71%, 25, 0, 8, 12.05, 31089
1648636236, 39, 361, 576, 517, 3, 7.71%, 25, 0, 8, 11.96, 31149
1648636251, 39, 361, 577, 518, 3, 7.71%, 25, 0, 8, 13.50, 31363
1648636261, 39, 384, 577, 517, 3, 7.71%, 25, 0, 8, 13.65, 31512
1648636266, 39, 384, 578, 518, 3, 7.71%, 25, 0, 8, 10.08, 31557
1648636297, 39, 518, 578, 518, 12, 7.71%, 25, 0, 8, 9.10, 31827
1648636333, 39, 518, 578, 518, 12, 7.71%, 26, 0, 8, 9.73, 32166
1648636338, 39, 518, 579, 519, 12, 7.71%, 26, 0, 8, 9.56, 32214
1648636344, 40, 495, 579, 518, 11, 7.71%, 26, 0, 8, 9.10, 32261
1648636349, 40, 495, 581, 520, 11, 7.71%, 26, 0, 8, 11.67, 32326
1648636359, 40, 495, 582, 521, 11, 7.71%, 26, 0, 8, 13.83, 32469
1648636369, 40, 495, 583, 522, 11, 7.71%, 26, 0, 8, 13.59, 32620
1648636390, 40, 533, 585, 523, 11, 7.71%, 26, 0, 8, 11.43, 32896
1648636415, 40, 533, 586, 524, 11, 7.71%, 26, 0, 8, 9.37, 33142
1648636420, 40, 533, 589, 527, 11, 7.71%, 26, 0, 8, 9.36, 33190
1648636441, 41, 435, 590, 527, 7, 7.71%, 26, 0, 8, 12.73, 33407
1648636446, 41, 435, 591, 528, 7, 7.71%, 26, 0, 8, 10.70, 33458
1648636457, 41, 435, 592, 529, 7, 7.71%, 26, 0, 8, 9.56, 33559
1648636462, 41, 435, 593, 530, 7, 7.71%, 26, 0, 8, 9.87, 33612
1648636467, 41, 435, 594, 531, 7, 7.71%, 26, 0, 8, 9.66, 33662
1648636477, 41, 534, 594, 530, 10, 7.71%, 26, 0, 8, 9.26, 33762
1648636503, 41, 534, 595, 531, 10, 7.71%, 26, 0, 8, 8.96, 33985
1648636523, 41, 534, 596, 532, 10, 7.71%, 26, 0, 8, 9.10, 34170
1648636528, 41, 536, 596, 531, 9, 7.71%, 26, 0, 8, 8.83, 34215
1648636534, 41, 536, 597, 532, 9, 7.71%, 26, 0, 8, 8.46, 34258
1648636544, 41, 536, 599, 534, 9, 7.71%, 26, 0, 8, 8.84, 34347
1648636564, 41, 536, 600, 535, 9, 7.71%, 26, 0, 8, 8.99, 34542
1648636575, 41, 536, 600, 535, 9, 7.71%, 27, 0, 8, 10.35, 34647
1648636580, 42, 519, 602, 536, 3, 7.71%, 27, 0, 8, 10.44, 34699
1648636585, 42, 519, 603, 537, 3, 7.71%, 27, 0, 8, 12.83, 34768
1648636605, 43, 337, 603, 536, 8, 7.71%, 27, 0, 8, 14.24, 35062
1648636631, 43, 537, 603, 536, 8, 7.71%, 27, 0, 8, 10.94, 35399
1648636636, 43, 537, 604, 537, 8, 7.71%, 27, 0, 8, 10.11, 35450
1648636662, 43, 537, 606, 539, 8, 7.71%, 27, 0, 8, 9.91, 35699
1648636667, 44, 534, 607, 539, 4, 7.72%, 28, 0, 8, 9.72, 35748
1648636672, 44, 534, 610, 542, 4, 7.72%, 28, 0, 8, 12.29, 35810
1648636677, 44, 534, 611, 543, 4, 7.72%, 28, 0, 8, 14.86, 35889
1648636697, 44, 534, 613, 545, 4, 7.72%, 28, 0, 8, 13.82, 36210
1648636703, 44, 534, 614, 546, 4, 7.72%, 28, 0, 8, 14.77, 36287
1648636708, 45, 445, 617, 549, 2, 7.72%, 28, 0, 8, 12.34, 36348
1648636738, 45, 445, 618, 550, 2, 7.72%, 28, 0, 8, 9.35, 36642
1648636744, 46, 538, 619, 550, 1, 7.72%, 28, 0, 8, 9.46, 36689
1648636754, 46, 538, 621, 552, 1, 7.72%, 28, 0, 8, 9.90, 36793
1648636774, 46, 582, 621, 551, 6, 7.72%, 28, 0, 8, 9.65, 37011
1648636820, 47, 339, 621, 550, 5, 7.72%, 28, 0, 8, 14.53, 37496
1648636826, 47, 339, 622, 551, 5, 7.72%, 28, 0, 8, 17.97, 37594
1648636831, 47, 339, 623, 552, 5, 7.72%, 28, 0, 8, 16.83, 37678
1648636846, 48, 351, 624, 552, 4, 7.72%, 28, 0, 8, 15.67, 37917
1648636856, 48, 351, 625, 553, 4, 7.72%, 28, 0, 8, 14.53, 38070
1648636867, 48, 351, 626, 554, 4, 7.72%, 28, 0, 8, 14.37, 38211
1648636872, 48, 412, 628, 556, 5, 7.74%, 28, 0, 8, 5.47, 38286
1648636882, 48, 412, 629, 557, 5, 7.74%, 28, 0, 8, 9.58, 38391
1648636908, 48, 539, 629, 556, 8, 7.74%, 28, 0, 8, 9.68, 38642
1648636918, 48, 539, 629, 556, 8, 7.74%, 29, 0, 8, 10.35, 38748
1648636933, 48, 539, 629, 556, 8, 7.74%, 30, 0, 8, 11.42, 38917
1648636938, 49, 456, 629, 555, 7, 7.74%, 31, 0, 8, 15.01, 38985
1648636953, 49, 551, 629, 554, 6, 7.74%, 31, 0, 8, 23.11, 39431
1648636958, 49, 551, 630, 555, 6, 7.74%, 31, 0, 8, 17.19, 39509
1648636963, 49, 551, 631, 556, 6, 7.74%, 31, 0, 8, 14.30, 39578
1648636974, 49, 551, 632, 557, 6, 7.74%, 31, 0, 8, 12.94, 39710
1648636979, 50, 393, 632, 556, 7, 7.74%, 31, 0, 8, 12.90, 39778
1648637000, 50, 393, 632, 556, 7, 7.74%, 32, 0, 8, 11.45, 40035
1648637005, 50, 393, 634, 558, 7, 7.74%, 32, 0, 8, 11.02, 40092
1648637010, 50, 567, 634, 557, 8, 7.74%, 32, 0, 8, 10.49, 40146
1648637056, 51, 500, 635, 557, 7, 7.74%, 32, 0, 8, 11.87, 40607
1648637082, 52, 436, 635, 556, 6, 7.74%, 32, 0, 8, 10.81, 40890
1648637098, 52, 436, 636, 557, 6, 7.74%, 32, 0, 8, 10.84, 41064
1648637118, 52, 458, 638, 558, 6, 7.79%, 32, 0, 8, 10.72, 41288
1648637123, 52, 458, 639, 559, 6, 7.79%, 32, 0, 8, 9.97, 41336
1648637128, 52, 458, 641, 561, 6, 7.79%, 32, 0, 8, 11.40, 41401
1648637133, 52, 458, 642, 562, 6, 7.79%, 32, 0, 8, 12.27, 41466
1648637138, 52, 458, 643, 563, 6, 7.79%, 32, 0, 8, 12.63, 41528
1648637149, 52, 458, 645, 565, 6, 7.79%, 32, 0, 8, 12.29, 41657
1648637159, 52, 458, 646, 566, 6, 7.79%, 32, 0, 8, 12.31, 41783
1648637164, 52, 500, 646, 565, 9, 7.79%, 32, 0, 8, 13.24, 41854
1648637169, 52, 500, 647, 566, 9, 7.79%, 32, 0, 8, 12.64, 41918
1648637184, 52, 500, 648, 567, 9, 7.79%, 32, 0, 8, 13.06, 42130
1648637190, 52, 568, 648, 567, 6, 7.79%, 32, 0, 8, 10.25, 42179
1648637231, 52, 583, 648, 566, 5, 7.79%, 32, 0, 8, 9.05, 42582
1648637277, 53, 501, 648, 565, 4, 7.79%, 32, 0, 8, 12.15, 43035
1648637282, 53, 501, 649, 566, 4, 7.79%, 32, 0, 8, 13.67, 43109
1648637292, 53, 501, 650, 567, 4, 7.79%, 33, 0, 8, 12.68, 43237
1648637302, 53, 501, 651, 568, 4, 7.79%, 33, 0, 8, 12.03, 43360
1648637308, 54, 596, 651, 567, 3, 7.79%, 33, 0, 8, 9.90, 43409
1648637328, 54, 596, 652, 568, 3, 7.79%, 33, 0, 8, 9.06, 43582
1648637338, 54, 596, 653, 569, 3, 7.79%, 33, 0, 8, 9.50, 43684
1648637359, 55, 443, 653, 568, 6, 7.79%, 33, 0, 8, 13.26, 43883
1648637364, 55, 443, 654, 569, 6, 7.79%, 33, 0, 8, 17.51, 43982
1648637374, 55, 443, 655, 570, 6, 7.79%, 33, 0, 8, 14.90, 44136
1648637384, 55, 445, 655, 569, 6, 7.79%, 34, 0, 8, 12.61, 44270
1648637415, 56, 557, 656, 570, 6, 7.79%, 34, 0, 8, 10.85, 44601
1648637431, 56, 557, 657, 571, 6, 7.79%, 34, 0, 8, 12.37, 44801
1648637436, 56, 557, 659, 573, 6, 7.79%, 34, 0, 8, 12.43, 44865
1648637441, 56, 557, 660, 574, 6, 7.79%, 34, 0, 8, 12.21, 44925
1648637446, 57, 556, 661, 574, 4, 7.79%, 35, 0, 8, 10.38, 44977
1648637456, 57, 556, 662, 575, 4, 7.79%, 35, 0, 8, 9.26, 45073
1648637472, 57, 556, 662, 575, 4, 7.79%, 36, 0, 8, 9.15, 45217
1648637487, 57, 558, 662, 574, 4, 7.79%, 36, 0, 8, 19.40, 45420
1648637502, 57, 572, 663, 574, 3, 7.79%, 36, 0, 8, 14.83, 45708
1648637507, 57, 572, 664, 575, 3, 7.79%, 36, 0, 8, 11.81, 45762
1648637533, 58, 558, 665, 575, 4, 7.79%, 37, 0, 8, 11.08, 46065
1648637548, 58, 558, 666, 576, 4, 7.79%, 37, 0, 8, 9.63, 46210
1648637558, 58, 558, 666, 576, 4, 7.79%, 38, 0, 8, 9.76, 46307
1648637568, 59, 597, 666, 576, 4, 7.79%, 38, 0, 8, 9.77, 46411
1648637574, 59, 597, 668, 578, 4, 7.79%, 38, 0, 8, 9.44, 46459
1648637604, 59, 597, 670, 580, 4, 7.79%, 38, 0, 8, 9.68, 46734
1648637620, 59, 603, 670, 579, 6, 7.79%, 38, 0, 8, 9.05, 46873
1648637625, 59, 603, 671, 580, 6, 7.79%, 38, 0, 8, 9.58, 46925
1648637630, 59, 603, 672, 581, 6, 7.80%, 38, 0, 8, 12.05, 46992
1648637635, 59, 603, 673, 582, 6, 7.80%, 38, 0, 8, 10.49, 47043
1648637640, 59, 603, 674, 583, 6, 7.80%, 38, 0, 8, 10.14, 47094
1648637655, 59, 603, 675, 584, 6, 7.80%, 38, 0, 8, 10.09, 47250
1648637676, 59, 603, 675, 584, 6, 7.80%, 39, 0, 8, 9.40, 47451
1648637691, 60, 542, 677, 585, 4, 7.80%, 39, 0, 8, 10.18, 47609
1648637696, 60, 542, 678, 586, 4, 7.80%, 39, 0, 8, 11.94, 47673
1648637717, 60, 613, 678, 585, 8, 7.80%, 39, 0, 8, 13.14, 47962
1648637727, 60, 613, 679, 586, 8, 7.80%, 39, 0, 8, 9.25, 48053
1648637768, 60, 613, 680, 587, 8, 7.81%, 39, 0, 8, 9.44, 48432
1648637784, 60, 631, 681, 587, 9, 7.81%, 39, 0, 8, 9.04, 48574
1648637804, 60, 631, 682, 588, 9, 7.81%, 39, 0, 8, 9.97, 48768
1648637814, 60, 631, 683, 589, 9, 7.82%, 39, 0, 8, 10.12, 48876
1648637825, 60, 631, 684, 590, 9, 7.82%, 39, 0, 8, 9.89, 48974
1648637830, 60, 651, 684, 589, 9, 7.82%, 39, 0, 8, 9.73, 49023
1648637850, 60, 651, 685, 590, 9, 7.82%, 39, 0, 8, 9.09, 49207
1648637865, 60, 651, 685, 590, 9, 7.82%, 40, 0, 8, 9.44, 49350
1648637881, 60, 652, 685, 589, 8, 7.82%, 41, 0, 8, 9.81, 49499
1648637916, 60, 652, 685, 589, 8, 7.82%, 42, 0, 8, 9.66, 49831
1648637927, 61, 466, 686, 589, 7, 7.82%, 42, 0, 8, 14.01, 49945
1648637932, 61, 466, 687, 590, 7, 7.82%, 42, 0, 8, 14.89, 50024
1648637962, 62, 260, 687, 589, 0, 7.82%, 42, 0, 8, 17.82, 50555
1648637968, 62, 260, 688, 590, 0, 7.82%, 42, 0, 8, 15.35, 50635
1648637988, 62, 570, 690, 592, 7, 7.82%, 42, 0, 8, 10.69, 50884
1648637993, 62, 570, 691, 593, 7, 7.82%, 42, 0, 8, 12.37, 50951
1648638004, 62, 570, 692, 594, 7, 7.82%, 42, 0, 8, 12.86, 51084
1648638009, 62, 570, 693, 595, 7, 7.82%, 42, 0, 8, 13.05, 51149
1648638014, 62, 570, 694, 596, 7, 7.82%, 42, 0, 8, 11.66, 51208
1648638019, 62, 571, 694, 595, 8, 7.82%, 42, 0, 8, 14.12, 51279
1648638039, 63, 518, 694, 594, 7, 7.82%, 42, 0, 8, 14.52, 51632
1648638065, 63, 518, 695, 595, 7, 7.82%, 42, 0, 8, 11.11, 51915
1648638075, 63, 518, 697, 597, 7, 7.82%, 43, 0, 8, 11.06, 52027
1648638080, 63, 687, 698, 598, 1, 7.82%, 43, 0, 8, 11.14, 52081
1648638085, 63, 687, 698, 598, 1, 7.82%, 44, 0, 8, 11.58, 52141
1648638090, 63, 687, 699, 599, 1, 7.82%, 44, 0, 8, 11.05, 52196
1648638095, 63, 687, 699, 599, 1, 7.82%, 45, 0, 8, 11.55, 52255
1648638106, 63, 687, 700, 600, 1, 7.82%, 46, 0, 8, 10.94, 52367
1648638111, 63, 687, 701, 601, 1, 7.82%, 47, 0, 8, 11.31, 52428
1648638116, 63, 687, 701, 601, 1, 7.82%, 48, 0, 8, 11.61, 52489
1648638121, 63, 687, 702, 602, 1, 7.82%, 48, 0, 8, 11.03, 52543
1648638126, 63, 687, 703, 603, 1, 7.82%, 48, 0, 8, 12.48, 52610
1648638131, 63, 687, 704, 604, 1, 7.82%, 48, 0, 8, 11.64, 52669
1648638141, 63, 687, 705, 605, 1, 7.82%, 48, 0, 8, 11.56, 52784
1648638151, 63, 687, 706, 606, 1, 7.82%, 48, 0, 8, 11.65, 52899
1648638156, 63, 687, 708, 608, 1, 7.82%, 48, 0, 8, 10.06, 52950
1648638162, 63, 687, 709, 609, 1, 7.82%, 48, 0, 8, 10.83, 53005
1648638167, 64, 612, 709, 608, 2, 7.82%, 48, 0, 8, 12.23, 53069
1648638192, 64, 612, 710, 609, 2, 7.82%, 48, 0, 8, 13.48, 53417
1648638198, 64, 703, 712, 610, 2, 7.82%, 48, 0, 8, 13.08, 53483
1648638203, 64, 703, 713, 611, 2, 7.82%, 48, 0, 8, 15.12, 53563
1648638213, 64, 703, 714, 612, 2, 7.82%, 48, 0, 8, 16.91, 53730
1648638228, 65, 577, 715, 612, 4, 7.82%, 48, 0, 8, 14.76, 53969
1648638279, 65, 624, 715, 611, 3, 7.82%, 48, 0, 8, 8.61, 54409
1648638290, 65, 624, 716, 612, 3, 7.82%, 48, 0, 8, 10.42, 54517
1648638325, 65, 708, 718, 613, 3, 7.82%, 48, 0, 8, 6.33, 54885
1648638362, 66, 667, 718, 612, 1, 7.82%, 48, 0, 8, 8.32, 55168
1648638377, 66, 667, 719, 613, 1, 7.82%, 48, 0, 8, 8.41, 55300
1648638388, 66, 667, 719, 613, 1, 7.82%, 49, 0, 8, 9.11, 55394
1648638408, 67, 568, 720, 613, 2, 7.91%, 49, 0, 8, 9.80, 55592
1648638414, 67, 568, 721, 614, 2, 7.91%, 49, 0, 8, 10.11, 55643
1648638439, 67, 568, 722, 615, 2, 7.91%, 49, 0, 8, 11.11, 55925
1648638455, 67, 663, 726, 619, 2, 7.92%, 49, 0, 8, 14.89, 56109
1648638460, 67, 663, 731, 624, 2, 7.93%, 49, 0, 8, 16.21, 56195
1648638470, 67, 663, 732, 625, 2, 7.93%, 50, 0, 8, 15.52, 56350
1648638475, 67, 663, 733, 626, 2, 7.93%, 50, 0, 8, 16.36, 56434
1648638480, 67, 663, 734, 627, 2, 7.94%, 50, 0, 8, 15.95, 56512
1648638485, 67, 663, 735, 628, 2, 7.94%, 50, 0, 8, 13.89, 56584
1648638491, 67, 663, 736, 629, 2, 7.94%, 50, 0, 8, 14.08, 56654
1648638496, 67, 663, 737, 630, 2, 7.94%, 50, 0, 8, 14.18, 56731
1648638506, 68, 671, 737, 629, 1, 7.94%, 50, 0, 8, 16.32, 56904
1648638521, 68, 671, 738, 630, 1, 7.94%, 50, 0, 8, 16.45, 57147
1648638547, 69, 664, 738, 629, 0, 7.94%, 50, 0, 8, 13.30, 57512
1648638552, 69, 664, 739, 630, 0, 7.94%, 50, 0, 8, 16.38, 57597
1648638573, 70, 576, 740, 630, 0, 7.94%, 50, 0, 8, 16.36, 57949
1648638593, 70, 643, 740, 629, 4, 7.94%, 50, 0, 8, 15.33, 58417
1648638634, 70, 643, 740, 628, 3, 7.94%, 50, 0, 8, 10.24, 58835
1648638675, 71, 645, 740, 628, 3, 7.94%, 50, 0, 8, 10.69, 59275
1648638732, 72, 483, 740, 627, 2, 7.94%, 50, 0, 8, 28.44, 59978
1648638742, 72, 671, 741, 627, 2, 7.94%, 50, 0, 8, 18.96, 60242
1648638768, 72, 671, 743, 629, 2, 7.94%, 50, 0, 8, 14.37, 60603
1648638783, 73, 625, 743, 629, 2, 7.94%, 50, 0, 8, 13.04, 60823
1648638814, 73, 675, 745, 630, 2, 7.94%, 50, 0, 8, 9.94, 61157
1648638820, 73, 675, 746, 631, 2, 7.94%, 50, 0, 8, 11.57, 61221
1648638840, 74, 647, 746, 630, 2, 7.94%, 50, 0, 8, 12.72, 61484
1648638866, 74, 647, 747, 631, 2, 7.94%, 50, 0, 8, 10.11, 61757
1648638871, 75, 577, 748, 631, 4, 7.94%, 50, 0, 8, 9.58, 61804
1648638922, 75, 672, 748, 631, 4, 7.94%, 50, 0, 8, 8.56, 62221
1648638937, 75, 672, 749, 632, 4, 7.94%, 50, 0, 8, 9.87, 62377
1648638943, 75, 672, 750, 633, 4, 7.94%, 50, 0, 8, 9.82, 62428
1648638953, 75, 672, 751, 634, 4, 7.94%, 50, 0, 8, 9.63, 62527
1648638968, 75, 713, 751, 633, 8, 7.94%, 51, 0, 8, 4.92, 62679
1648639004, 76, 651, 756, 637, 7, 7.95%, 51, 0, 8, 9.35, 62971
1648639010, 76, 651, 760, 641, 7, 7.95%, 51, 0, 8, 9.73, 63021
1648639015, 76, 651, 761, 642, 7, 7.95%, 51, 0, 8, 10.14, 63074
1648639025, 76, 651, 761, 642, 7, 7.95%, 52, 0, 8, 12.62, 63197
1648639030, 76, 651, 761, 642, 7, 7.95%, 53, 0, 8, 12.54, 63264
1648639035, 76, 651, 762, 643, 7, 7.95%, 53, 0, 8, 12.03, 63323
1648639046, 76, 724, 762, 643, 8, 7.95%, 54, 0, 8, 12.06, 63451
1648639051, 76, 724, 763, 644, 8, 7.95%, 54, 0, 8, 8.93, 63490
1648639066, 76, 724, 763, 644, 8, 7.95%, 55, 0, 8, 8.16, 63612
1648639087, 76, 724, 764, 645, 8, 7.96%, 55, 0, 8, 9.24, 63777
1648639097, 76, 724, 764, 645, 8, 7.96%, 56, 0, 8, 9.29, 63871
1648639138, 76, 724, 764, 645, 8, 7.96%, 57, 0, 8, 8.07, 64223
1648639153, 76, 724, 765, 646, 8, 7.96%, 57, 0, 8, 8.81, 64357
1648639158, 77, 710, 765, 645, 2, 7.96%, 57, 0, 8, 9.88, 64407
1648639164, 77, 710, 766, 646, 2, 7.96%, 57, 0, 8, 10.49, 64460
1648639179, 77, 710, 767, 647, 2, 7.96%, 57, 0, 8, 11.29, 64626
1648639210, 78, 650, 768, 647, 2, 7.97%, 57, 0, 8, 11.69, 64991
1648639245, 78, 655, 769, 647, 1, 7.97%, 57, 0, 8, 22.68, 65428
1648639271, 78, 659, 769, 646, 2, 7.97%, 59, 0, 8, 16.53, 66049
1648639276, 78, 659, 770, 647, 2, 7.97%, 59, 0, 8, 13.37, 66110
1648639312, 78, 659, 771, 648, 2, 7.97%, 59, 0, 8, 11.11, 66526
1648639338, 78, 659, 772, 649, 2, 7.97%, 59, 0, 8, 10.79, 66814
1648639348, 78, 686, 772, 648, 3, 7.97%, 59, 0, 8, 5.32, 66916
1648639379, 79, 667, 772, 647, 2, 7.97%, 59, 0, 8, 8.32, 67159
1648639414, 79, 667, 773, 648, 2, 7.97%, 59, 0, 8, 10.30, 67548
1648639419, 79, 667, 774, 649, 2, 7.97%, 60, 0, 8, 11.06, 67606
1648639425, 79, 682, 775, 650, 6, 7.97%, 60, 0, 8, 14.24, 67684
1648639465, 79, 694, 775, 649, 5, 7.97%, 60, 0, 8, 10.38, 68236
1648639470, 79, 694, 776, 650, 5, 7.97%, 60, 0, 8, 10.28, 68286
1648639501, 79, 694, 776, 650, 5, 7.97%, 61, 0, 8, 10.26, 68599
1648639506, 79, 713, 776, 649, 4, 7.97%, 61, 0, 8, 4.11, 68644
1648639543, 80, 689, 776, 649, 4, 7.97%, 61, 0, 8, 11.84, 68948
1648639568, 80, 689, 777, 650, 4, 7.97%, 61, 0, 8, 12.26, 69271
1648639574, 80, 689, 778, 651, 4, 7.97%, 61, 0, 8, 11.74, 69332
1648639579, 80, 699, 778, 650, 4, 7.97%, 61, 0, 8, 9.55, 69377
1648639604, 80, 699, 778, 650, 4, 7.97%, 62, 0, 8, 9.62, 69607
1648639609, 80, 699, 779, 651, 4, 7.97%, 62, 0, 8, 9.34, 69656
1648639625, 81, 695, 779, 650, 6, 7.97%, 63, 0, 8, 11.05, 69819
1648639630, 81, 695, 780, 651, 6, 7.97%, 63, 0, 8, 10.58, 69875
1648639636, 81, 695, 781, 652, 6, 7.97%, 63, 0, 8, 11.37, 69935
1648639641, 81, 695, 781, 652, 6, 7.97%, 64, 0, 8, 12.37, 69997
1648639646, 81, 695, 782, 653, 6, 7.97%, 65, 0, 8, 12.53, 70060
1648639651, 81, 695, 783, 654, 6, 7.97%, 65, 0, 8, 11.11, 70114
1648639666, 81, 713, 783, 653, 3, 7.97%, 65, 0, 8, 7.91, 70276
1648639697, 82, 711, 783, 653, 3, 7.97%, 65, 0, 8, 7.93, 70517
1648639733, 83, 686, 783, 652, 2, 7.97%, 65, 0, 8, 11.23, 71131
1648639794, 84, 516, 783, 652, 2, 7.97%, 65, 0, 8, 21.60, 71729
1648639810, 84, 732, 784, 652, 2, 7.97%, 65, 0, 8, 26.74, 72193
1648639845, 84, 734, 784, 651, 1, 7.97%, 65, 0, 8, 14.05, 73036
1648639855, 84, 734, 784, 651, 1, 7.97%, 66, 0, 8, 7.96, 73111
1648639871, 84, 734, 784, 651, 1, 7.97%, 67, 0, 8, 7.83, 73229
1648639922, 84, 743, 784, 650, 0, 7.97%, 67, 0, 8, 8.36, 73661
1648639968, 84, 752, 784, 649, 0, 7.97%, 67, 0, 8, 8.50, 74051
1648639989, 84, 752, 784, 649, 0, 7.97%, 68, 0, 8, 17.52, 74427
1648640019, 85, 738, 784, 648, 0, 7.97%, 68, 0, 8, 15.65, 74946
1648640050, 85, 738, 786, 650, 0, 7.98%, 68, 0, 8, 13.61, 75387
1648640060, 86, 719, 786, 649, 5, 7.98%, 68, 0, 8, 12.85, 75527
1648640153, 86, 765, 788, 650, 4, 7.98%, 69, 0, 9, 11.71, 76450
1648640158, 86, 765, 789, 651, 4, 7.98%, 69, 0, 9, 12.64, 76517
1648640173, 86, 765, 790, 652, 4, 7.99%, 69, 0, 9, 12.62, 76719
1648640188, 86, 765, 791, 653, 4, 7.99%, 69, 0, 9, 13.55, 76930
1648640214, 86, 765, 792, 654, 4, 8.00%, 69, 0, 9, 13.86, 77274
1648640219, 86, 765, 793, 655, 4, 8.00%, 69, 0, 9, 10.25, 77318
1648640224, 87, 701, 793, 654, 1, 8.00%, 69, 0, 9, 11.60, 77376
1648640229, 87, 701, 794, 655, 1, 8.00%, 69, 0, 9, 12.43, 77443
1648640244, 87, 701, 795, 656, 1, 8.00%, 69, 0, 9, 15.37, 77664
1648640255, 88, 713, 795, 655, 4, 8.00%, 69, 0, 9, 12.24, 77803
1648640316, 89, 705, 795, 655, 4, 8.00%, 69, 0, 9, 15.69, 78408
1648640342, 89, 789, 795, 654, 3, 8.00%, 69, 0, 9, 7.82, 78971
1648640372, 90, 686, 795, 653, 2, 8.00%, 69, 0, 9, 5.32, 79208
1648640402, 90, 734, 795, 653, 2, 8.00%, 69, 0, 9, 0.00, 79445
1648640439, 90, 767, 795, 653, 2, 8.00%, 69, 0, 9, 11.87, 79746
1648640444, 90, 767, 797, 655, 2, 8.00%, 69, 0, 9, 14.54, 79824
1648640449, 90, 767, 800, 658, 2, 8.00%, 69, 0, 9, 14.60, 79904
1648640455, 90, 767, 802, 660, 2, 8.00%, 69, 0, 9, 15.76, 79986
1648640470, 90, 767, 803, 661, 2, 8.00%, 69, 0, 9, 15.75, 80231
1648640490, 91, 741, 803, 660, 1, 8.00%, 69, 0, 9, 13.83, 80512
1648640526, 91, 741, 804, 661, 1, 8.00%, 69, 0, 9, 12.31, 80934
1648640536, 91, 741, 804, 661, 1, 8.00%, 70, 0, 9, 12.80, 81060
1648640541, 92, 734, 804, 660, 3, 8.00%, 70, 0, 9, 7.66, 81101
1648640593, 92, 747, 804, 660, 3, 8.00%, 70, 0, 9, 8.96, 81509
1648640639, 92, 750, 805, 660, 2, 8.00%, 70, 0, 9, 9.50, 81952
1648640670, 92, 750, 805, 660, 2, 8.00%, 71, 0, 9, 9.89, 82257
1648640681, 93, 778, 805, 659, 7, 8.00%, 71, 0, 9, 9.68, 82361
1648640722, 93, 778, 805, 659, 7, 8.00%, 72, 0, 9, 8.54, 82721
1648640732, 94, 761, 807, 660, 6, 8.00%, 72, 0, 9, 9.76, 82815
1648640737, 94, 761, 808, 661, 6, 8.00%, 72, 0, 9, 10.06, 82864
1648640757, 94, 761, 809, 662, 6, 8.00%, 72, 0, 9, 9.98, 83074
1648640798, 94, 761, 810, 663, 6, 8.00%, 73, 0, 9, 9.53, 83530
1648640808, 94, 761, 812, 665, 6, 8.00%, 73, 0, 9, 10.16, 83629
1648640819, 94, 789, 812, 664, 3, 8.00%, 73, 0, 9, 8.79, 83725
1648640896, 94, 789, 812, 664, 3, 8.00%, 74, 0, 9, 9.95, 84392
1648640911, 95, 747, 812, 664, 3, 8.00%, 74, 0, 9, 8.63, 84526
1648640967, 95, 791, 812, 664, 3, 8.00%, 74, 0, 9, 8.18, 84967
1648641018, 95, 791, 813, 665, 3, 8.00%, 74, 0, 10, 8.82, 85406
1648641023, 95, 791, 814, 666, 3, 8.00%, 74, 0, 10, 8.82, 85451
1648641039, 95, 803, 814, 665, 4, 8.00%, 74, 0, 10, 9.73, 85595
1648641090, 96, 699, 816, 666, 3, 8.00%, 74, 0, 10, 10.29, 86070
1648641121, 96, 777, 817, 667, 3, 8.00%, 74, 0, 10, 13.18, 86479
1648641131, 96, 777, 818, 668, 3, 8.00%, 74, 0, 10, 12.20, 86595
1648641141, 96, 777, 819, 669, 3, 8.00%, 74, 0, 10, 12.52, 86724
1648641146, 96, 777, 819, 669, 3, 8.00%, 75, 0, 10, 12.60, 86788
1648641151, 96, 777, 821, 671, 3, 8.00%, 75, 0, 10, 11.51, 86845
1648641161, 96, 777, 822, 672, 3, 8.00%, 75, 0, 10, 12.44, 86972
1648641172, 96, 777, 823, 673, 3, 8.00%, 75, 0, 10, 11.93, 87095
1648641177, 97, 763, 823, 672, 2, 8.00%, 75, 0, 10, 12.86, 87160
1648641182, 97, 763, 824, 673, 2, 8.00%, 75, 0, 10, 16.74, 87252
1648641213, 97, 789, 824, 672, 1, 8.00%, 75, 0, 10, 11.65, 87771
1648641254, 97, 789, 825, 673, 1, 8.00%, 75, 0, 10, 9.44, 88099
1648641321, 97, 812, 825, 673, 1, 8.00%, 75, 0, 10, 8.08, 88651
1648641393, 98, 779, 826, 673, 0, 8.00%, 75, 0, 10, 9.59, 89298
1648641403, 98, 779, 828, 675, 0, 8.00%, 75, 0, 10, 10.40, 89411
1648641409, 98, 779, 829, 676, 0, 8.00%, 75, 0, 10, 10.55, 89467
1648641414, 98, 779, 830, 677, 0, 8.00%, 75, 0, 10, 9.89, 89519
1648641455, 98, 787, 831, 677, 7, 8.00%, 75, 0, 10, 9.65, 89974
1648641491, 98, 787, 832, 678, 7, 8.00%, 75, 0, 10, 13.25, 90428
1648641522, 98, 787, 832, 678, 7, 8.00%, 76, 0, 10, 12.89, 90831
1648641527, 98, 789, 832, 677, 7, 8.00%, 76, 0, 10, 12.63, 90895
1648641557, 98, 789, 833, 678, 7, 8.00%, 76, 0, 10, 11.93, 91277
1648641593, 99, 761, 833, 678, 1, 8.00%, 76, 0, 10, 12.31, 91766
1648641623, 99, 761, 833, 678, 1, 8.00%, 77, 0, 10, 13.03, 92160
1648641665, 99, 769, 833, 678, 1, 8.00%, 77, 0, 10, 7.71, 92638
1648641695, 99, 806, 833, 677, 0, 8.00%, 77, 0, 10, 7.81, 92877
1648641706, 99, 806, 834, 678, 0, 8.01%, 77, 0, 10, 9.32, 92973
1648641721, 99, 806, 835, 679, 0, 8.01%, 77, 0, 10, 10.86, 93131
1648641741, 99, 806, 836, 680, 0, 8.01%, 77, 0, 10, 9.89, 93352
1648641762, 100, 771, 837, 680, 4, 8.01%, 77, 0, 10, 9.91, 93565
1648641803, 100, 771, 838, 681, 4, 8.01%, 77, 0, 10, 7.68, 93867
1648641808, 100, 771, 839, 682, 4, 8.01%, 77, 0, 10, 8.10, 93910
1648641813, 100, 771, 840, 683, 4, 8.01%, 77, 0, 10, 8.12, 93950
1648641833, 100, 771, 841, 684, 4, 8.01%, 77, 0, 10, 8.83, 94130
1648641849, 101, 706, 842, 684, 1, 8.01%, 77, 0, 10, 13.58, 94268
1648641879, 101, 809, 842, 683, 0, 8.01%, 77, 0, 10, 32.55, 95089
1648641905, 101, 813, 842, 682, 0, 8.01%, 77, 0, 10, 15.10, 95846
1648641977, 102, 700, 842, 681, 0, 8.01%, 77, 0, 10, 19.03, 96537
1648641997, 102, 813, 842, 680, 0, 8.01%, 77, 0, 10, 21.38, 97045
1648642013, 102, 813, 843, 681, 0, 8.01%, 78, 0, 11, 11.79, 97223
1648642043, 102, 813, 844, 682, 0, 8.01%, 78, 0, 11, 11.76, 97583
1648642053, 103, 1, 844, 682, 1, 8.01%, 78, 0, 11, 13.48, 97711
1648642074, 103, 792, 844, 682, 1, 8.01%, 78, 0, 11, 7.82, 97990
1648642105, 104, 707, 844, 681, 0, 8.01%, 78, 0, 11, 5.32, 98229
1648642136, 104, 842, 844, 680, 0, 8.01%, 78, 0, 11, 7.83, 98470
1648642172, 104, 842, 845, 681, 0, 8.01%, 78, 0, 12, 11.77, 98888
1648642192, 105, 789, 845, 680, 0, 8.01%, 78, 0, 12, 7.88, 99144
1648642222, 105, 832, 845, 680, 0, 8.01%, 78, 0, 12, 4.44, 99381
1648642258, 106, 2, 845, 679, 4294967295, 8.01%, 78, 0, 12, 12.11, 99688
1648642263, 106, 2, 846, 680, 4294967295, 8.01%, 78, 0, 12, 12.60, 99753
1648642273, 106, 772, 846, 680, 4294967295, 8.01%, 78, 0, 12, 6.81, 99873
1648642340, 106, 815, 847, 680, 4294967294, 8.01%, 78, 0, 12, 10.70, 100530
1648642371, 107, 773, 848, 680, 4294967293, 8.01%, 78, 0, 12, 23.47, 101067
1648642396, 107, 817, 848, 679, 6, 8.01%, 78, 0, 12, 5.20, 101678
1648642427, 108, 745, 848, 678, 5, 8.01%, 78, 0, 12, 8.52, 101922
1648642493, 108, 782, 849, 678, 4, 8.01%, 78, 0, 12, 15.22, 102547
1648642529, 109, 818, 849, 677, 1, 8.01%, 78, 0, 12, 4.64, 103187
1648642565, 109, 831, 849, 676, 0, 8.01%, 78, 0, 12, 6.36, 103463
1648642595, 110, 814, 849, 675, 0, 8.01%, 78, 0, 12, 5.31, 103699
1648642626, 110, 820, 849, 674, 0, 8.01%, 78, 0, 12, 0.00, 103936
1648642662, 111, 801, 849, 673, 0, 8.01%, 78, 0, 12, 8.41, 104218
1648642744, 111, 801, 851, 675, 0, 8.01%, 78, 0, 12, 8.38, 104940
1648642765, 112, 3, 851, 674, 1, 8.01%, 78, 0, 12, 13.32, 105155
1648642780, 112, 838, 851, 674, 1, 8.01%, 79, 0, 12, 14.12, 105366
1648642795, 112, 838, 852, 675, 1, 8.01%, 79, 0, 12, 12.80, 105573
1648642800, 112, 838, 852, 675, 1, 8.01%, 80, 0, 12, 13.55, 105645
1648642810, 112, 838, 853, 676, 1, 8.01%, 80, 0, 12, 12.07, 105768
1648642815, 112, 838, 854, 677, 1, 8.01%, 80, 0, 12, 12.53, 105831
1648642830, 112, 838, 854, 677, 1, 8.01%, 81, 0, 12, 12.86, 106021
1648642841, 112, 838, 855, 678, 1, 8.01%, 81, 0, 12, 13.14, 106153
1648642851, 113, 815, 855, 677, 2, 8.01%, 81, 0, 12, 10.89, 106267
1648642886, 113, 853, 856, 678, 2, 8.01%, 81, 0, 12, 11.01, 106692
1648642892, 113, 853, 857, 679, 2, 8.01%, 81, 0, 12, 9.70, 106742
1648642918, 113, 853, 857, 679, 2, 8.01%, 82, 0, 12, 11.05, 107015
1648642928, 113, 853, 858, 680, 2, 8.01%, 82, 0, 12, 9.60, 107113
1648642933, 113, 853, 859, 681, 2, 8.01%, 82, 0, 12, 9.55, 107161
1648642938, 113, 853, 860, 682, 2, 8.01%, 83, 0, 12, 11.29, 107222
1648642948, 113, 853, 860, 682, 2, 8.01%, 84, 0, 12, 12.25, 107345
1648642953, 114, 4, 860, 681, 1, 8.01%, 84, 0, 12, 13.55, 107417
1648642969, 114, 5, 860, 681, 1, 8.01%, 84, 0, 12, 13.88, 107625
1648642984, 115, 2, 860, 681, 1, 8.01%, 84, 0, 12, 14.12, 107848
1648642994, 115, 2, 861, 682, 1, 8.01%, 84, 0, 12, 9.90, 107958
1648643005, 115, 2, 862, 683, 1, 8.01%, 84, 0, 12, 11.43, 108073
1648643010, 115, 821, 862, 683, 5, 8.01%, 84, 0, 12, 7.91, 108127
1648643045, 115, 832, 862, 682, 4, 8.01%, 84, 0, 12, 6.14, 108404
1648643076, 116, 822, 862, 682, 4, 8.01%, 84, 0, 12, 5.04, 108640
1648643111, 117, 789, 862, 681, 3, 8.01%, 84, 0, 12, 6.58, 108916
1648643142, 117, 828, 862, 681, 3, 8.01%, 84, 0, 12, 5.56, 109152
1648643173, 117, 854, 862, 680, 2, 8.01%, 84, 0, 12, 4.03, 109388
1648643209, 118, 830, 862, 679, 1, 8.01%, 84, 0, 12, 6.06, 109664
1648643240, 119, 719, 862, 678, 1, 8.01%, 84, 0, 12, 18.68, 109950
1648643266, 120, 3, 862, 678, 1, 8.01%, 84, 0, 12, 29.56, 110775
1648643286, 120, 6, 862, 678, 1, 8.01%, 84, 0, 12, 13.85, 111053
1648643291, 120, 6, 862, 678, 1, 8.01%, 85, 0, 12, 12.95, 111118
1648643296, 120, 6, 863, 679, 1, 8.01%, 85, 0, 12, 12.41, 111182
1648643302, 120, 6, 865, 681, 1, 8.01%, 86, 0, 12, 12.62, 111244
1648643312, 120, 42, 865, 681, 1, 8.01%, 86, 0, 12, 14.04, 111388
1648643327, 120, 836, 865, 680, 1, 8.01%, 86, 0, 12, 11.86, 111594
1648643374, 120, 836, 865, 680, 1, 8.01%, 87, 0, 12, 8.58, 111976
1648643405, 120, 838, 866, 680, 0, 8.01%, 87, 0, 12, 14.26, 112284
1648643451, 121, 747, 866, 680, 2, 8.01%, 87, 0, 12, 12.07, 113151
1648643456, 121, 747, 867, 681, 2, 8.01%, 87, 0, 12, 9.80, 113197
1648643461, 121, 747, 868, 682, 2, 8.01%, 87, 0, 12, 8.73, 113240
1648643497, 121, 821, 868, 682, 4, 8.01%, 87, 0, 12, 6.49, 113565
1648643527, 121, 856, 868, 682, 4, 8.01%, 87, 0, 12, 5.45, 113801
1648643558, 122, 719, 868, 681, 3, 8.01%, 87, 0, 12, 11.05, 114052
1648643589, 122, 832, 868, 681, 3, 8.01%, 87, 0, 12, 6.33, 114942
1648643620, 122, 857, 868, 681, 3, 8.01%, 87, 0, 12, 5.11, 115178
1648643651, 123, 748, 868, 680, 2, 8.01%, 87, 0, 12, 7.80, 115418
1648643692, 123, 748, 868, 680, 2, 8.01%, 88, 0, 12, 9.66, 115828
1648643697, 123, 832, 868, 679, 2, 8.01%, 88, 0, 12, 5.37, 115870
1648643727, 124, 734, 869, 680, 2, 8.01%, 88, 0, 12, 0.00, 116107
1648643763, 125, 4, 869, 680, 2, 8.01%, 88, 0, 12, 9.90, 116385
1648643784, 125, 839, 869, 680, 2, 8.01%, 88, 0, 12, 10.54, 116630
1648643841, 125, 839, 870, 681, 2, 8.03%, 88, 0, 12, 10.09, 117122
1648643851, 125, 839, 871, 682, 2, 8.03%, 88, 0, 12, 9.19, 117216
1648643861, 126, 856, 871, 681, 2, 8.03%, 88, 0, 12, 5.27, 117300
1648643892, 127, 5, 871, 681, 2, 8.03%, 88, 0, 12, 8.25, 117542
1648643912, 127, 856, 871, 681, 2, 8.03%, 88, 0, 12, 7.65, 117810
1648643943, 128, 815, 871, 681, 2, 8.03%, 88, 0, 12, 7.67, 118051
1648643974, 128, 815, 872, 682, 2, 8.03%, 88, 0, 12, 12.17, 118398
1648643984, 128, 857, 872, 682, 2, 8.03%, 88, 0, 12, 5.65, 118517
1648644015, 129, 832, 872, 682, 2, 8.03%, 88, 0, 12, 4.46, 118753
1648644051, 130, 822, 872, 682, 2, 8.03%, 88, 0, 12, 6.32, 119031
1648644081, 130, 859, 873, 683, 2, 8.03%, 88, 0, 12, 7.69, 119271
1648644190, 130, 859, 873, 683, 2, 8.03%, 89, 0, 12, 9.86, 120231
1648644195, 130, 861, 873, 682, 1, 8.03%, 89, 0, 12, 9.48, 120280
1648644205, 130, 861, 873, 682, 1, 8.03%, 90, 0, 12, 8.71, 120370
1648644231, 131, 832, 873, 681, 0, 8.03%, 90, 0, 12, 7.78, 120579
1648644261, 132, 21, 873, 681, 0, 8.03%, 90, 0, 12, 9.67, 120826
1648644281, 132, 736, 873, 680, 0, 8.03%, 90, 0, 12, 4.87, 121085
1648644318, 133, 202, 873, 679, 0, 8.03%, 90, 0, 12, 11.04, 121386
1648644333, 134, 810, 873, 678, 0, 8.03%, 90, 0, 12, 13.00, 121594
1648644404, 134, 810, 874, 679, 0, 8.03%, 90, 0, 12, 9.04, 122223
1648644435, 135, 209, 874, 678, 0, 8.03%, 90, 0, 12, 25.61, 122602
1648644440, 136, 7, 874, 677, 0, 8.03%, 90, 0, 12, 30.42, 122767
1648644450, 136, 7, 875, 678, 0, 8.03%, 90, 0, 12, 16.11, 122932
1648644461, 136, 828, 875, 677, 2, 8.03%, 90, 0, 12, 11.17, 123061
1648644471, 136, 828, 876, 678, 2, 8.03%, 90, 0, 12, 8.56, 123148
1648644507, 136, 828, 877, 679, 2, 8.03%, 90, 0, 12, 8.94, 123463
1648644528, 136, 833, 877, 679, 4, 8.03%, 90, 0, 12, 8.88, 123646
1648644600, 136, 833, 877, 679, 4, 8.03%, 91, 0, 12, 9.53, 124424
1648644610, 136, 834, 877, 678, 3, 8.03%, 91, 0, 12, 8.64, 124509
1648644697, 137, 317, 877, 677, 2, 8.03%, 91, 0, 12, 7.82, 125419
1648644748, 137, 717, 877, 676, 2, 8.03%, 91, 0, 12, 5.24, 125836
1648644779, 137, 822, 877, 675, 2, 8.03%, 91, 0, 12, 0.00, 126073
1648644815, 137, 835, 877, 675, 2, 8.03%, 91, 0, 12, 8.02, 126354
1648644831, 137, 835, 878, 676, 2, 8.03%, 91, 0, 12, 8.92, 126488
1648644887, 137, 856, 878, 675, 1, 8.03%, 91, 0, 12, 7.64, 127001
1648644919, 138, 55, 878, 675, 1, 8.03%, 91, 0, 12, 8.33, 127244
1648644944, 138, 87, 878, 675, 1, 8.03%, 91, 0, 12, 12.89, 127548
1648644965, 138, 862, 878, 674, 1, 8.03%, 91, 0, 12, 10.84, 127787
1648645006, 139, 823, 880, 675, 0, 8.03%, 91, 0, 12, 9.81, 128139
1648645032, 139, 855, 880, 675, 0, 8.03%, 91, 0, 12, 7.71, 128414
1648645062, 140, 142, 880, 674, 0, 8.03%, 91, 0, 12, 9.60, 128662
1648645083, 140, 877, 880, 673, 0, 8.03%, 91, 0, 12, 11.97, 128918
1648645088, 140, 877, 881, 674, 0, 8.03%, 91, 0, 12, 12.97, 128987
1648645145, 140, 878, 881, 673, 0, 8.03%, 91, 0, 12, 10.97, 129827
1648645150, 140, 878, 882, 674, 0, 8.03%, 91, 0, 12, 10.19, 129877
1648645170, 141, 188, 882, 674, 0, 8.03%, 91, 0, 12, 11.22, 130119
1648645191, 141, 881, 882, 673, 0, 8.03%, 91, 0, 12, 11.94, 130385
1648645227, 141, 881, 882, 673, 0, 8.03%, 92, 0, 12, 10.61, 130757
1648645257, 142, 92, 882, 672, 0, 8.03%, 92, 0, 12, 11.16, 131073
1648645268, 142, 92, 883, 673, 0, 8.03%, 92, 0, 12, 11.83, 131193
1648645278, 142, 97, 883, 672, 0, 8.03%, 92, 0, 12, 11.85, 131311
1648645293, 142, 97, 884, 673, 0, 8.03%, 92, 0, 12, 10.62, 131483
1648645303, 142, 307, 884, 672, 0, 8.03%, 92, 0, 12, 14.15, 131618
1648645314, 142, 307, 885, 673, 0, 8.03%, 92, 0, 12, 13.83, 131769
1648645319, 142, 307, 886, 674, 0, 8.03%, 92, 0, 12, 14.38, 131841
1648645329, 142, 366, 890, 677, 2, 8.03%, 93, 0, 12, 17.98, 132016
1648645334, 142, 366, 893, 680, 2, 8.03%, 93, 0, 12, 13.32, 132083
1648645375, 142, 645, 893, 679, 2, 8.03%, 93, 0, 12, 9.13, 132451
1648645416, 143, 0, 893, 679, 2, 8.03%, 93, 0, 12, 15.45, 133060
1648645431, 143, 294, 893, 679, 2, 8.03%, 93, 0, 12, 14.16, 133293
1648645467, 143, 375, 894, 679, 2, 8.03%, 93, 0, 12, 8.62, 133628
1648645508, 144, 223, 894, 678, 2, 8.03%, 93, 0, 12, 9.47, 133960
1648645513, 144, 223, 895, 679, 2, 8.03%, 93, 0, 12, 9.96, 134014
1648645534, 144, 694, 895, 678, 2, 8.03%, 93, 0, 12, 10.83, 134231
1648645601, 144, 884, 895, 678, 2, 8.03%, 93, 0, 12, 10.35, 134806
1648645606, 144, 884, 895, 678, 2, 8.03%, 94, 0, 12, 13.21, 134879
1648645611, 144, 884, 895, 678, 2, 8.03%, 95, 0, 12, 13.93, 134951
1648645616, 144, 884, 896, 679, 2, 8.03%, 95, 0, 12, 14.73, 135031
1648645631, 145, 656, 897, 679, 3, 8.03%, 95, 0, 12, 12.32, 135257
1648645637, 145, 656, 898, 680, 3, 8.03%, 95, 0, 12, 10.54, 135306
1648645647, 145, 656, 900, 682, 3, 8.03%, 95, 0, 12, 11.72, 135428
1648645652, 145, 656, 902, 684, 3, 8.03%, 95, 0, 12, 12.46, 135488
1648645657, 145, 656, 902, 684, 3, 8.03%, 96, 0, 12, 12.13, 135548
1648645667, 145, 656, 902, 684, 3, 8.03%, 97, 0, 12, 13.93, 135681
1648645677, 145, 656, 902, 684, 3, 8.03%, 98, 0, 12, 14.59, 135829
1648645703, 146, 352, 902, 683, 1, 8.03%, 98, 0, 12, 13.01, 136175
1648645729, 146, 385, 902, 682, 1, 8.03%, 98, 0, 12, 11.82, 136504
1648645759, 146, 536, 902, 681, 0, 8.03%, 98, 0, 12, 10.60, 136812
1648645810, 146, 696, 902, 681, 0, 8.03%, 98, 0, 12, 9.58, 137276
1648645861, 146, 696, 902, 681, 0, 8.03%, 99, 0, 12, 9.35, 137779
1648645866, 147, 63, 902, 680, 0, 8.03%, 99, 0, 12, 12.98, 137845
1648645881, 147, 389, 902, 680, 0, 8.03%, 99, 0, 12, 13.53, 138098
1648645912, 148, 8, 902, 679, 0, 8.03%, 99, 0, 12, 12.24, 138432
1648645938, 148, 76, 902, 678, 0, 8.03%, 99, 0, 12, 10.30, 138714
1648645964, 148, 409, 902, 677, 0, 8.03%, 99, 0, 12, 11.05, 138960
1648645984, 149, 64, 902, 677, 0, 8.03%, 99, 0, 12, 13.89, 139226
1648645999, 149, 92, 902, 676, 0, 8.03%, 99, 0, 12, 14.69, 139464
1648646025, 149, 657, 903, 677, 0, 8.03%, 99, 0, 12, 10.88, 139732
1648646030, 149, 657, 904, 678, 0, 8.03%, 99, 0, 12, 11.86, 139793
1648646046, 149, 657, 905, 679, 0, 8.03%, 99, 0, 12, 11.77, 139985
1648646056, 149, 657, 907, 681, 0, 8.03%, 99, 0, 12, 14.31, 140124
1648646071, 149, 657, 908, 682, 0, 8.03%, 99, 0, 12, 13.80, 140348
1648646092, 150, 550, 908, 681, 1, 8.03%, 99, 0, 12, 14.28, 140653
1648646097, 150, 550, 909, 682, 1, 8.04%, 99, 0, 12, 15.17, 140726
1648646123, 150, 713, 909, 681, 2, 8.04%, 99, 0, 12, 5.57, 141020
1648646221, 150, 745, 909, 681, 2, 8.04%, 99, 0, 12, 9.28, 141781
1648646277, 151, 535, 909, 681, 2, 8.04%, 99, 0, 12, 9.27, 142329
1648646308, 151, 539, 909, 680, 2, 8.04%, 99, 0, 12, 9.74, 142631
1648646339, 151, 800, 909, 680, 2, 8.04%, 99, 0, 12, 4.47, 142953
1648646374, 152, 645, 909, 679, 2, 8.04%, 99, 0, 12, 8.24, 143235
1648646379, 152, 645, 910, 680, 2, 8.04%, 99, 0, 12, 8.23, 143277
1648646421, 152, 749, 910, 680, 2, 8.04%, 99, 0, 12, 9.90, 143652
1648646426, 152, 749, 911, 681, 2, 8.04%, 99, 0, 12, 12.37, 143719
1648646436, 152, 749, 912, 682, 2, 8.04%, 99, 0, 12, 12.48, 143851
1648646447, 152, 749, 913, 683, 2, 8.04%, 100, 0, 12, 11.89, 143974
1648646457, 153, 713, 913, 682, 3, 8.04%, 100, 0, 12, 12.18, 144100
1648646524, 154, 353, 913, 682, 3, 8.04%, 100, 0, 12, 11.32, 144721
1648646554, 154, 643, 913, 681, 3, 8.04%, 100, 0, 12, 11.94, 145074
1648646590, 154, 647, 913, 681, 3, 8.04%, 100, 0, 12, 10.40, 145503
1648646616, 154, 745, 913, 681, 3, 8.04%, 100, 0, 12, 14.36, 145796
1648646683, 154, 767, 913, 681, 3, 8.04%, 100, 0, 12, 8.15, 146384
1648646775, 154, 829, 913, 681, 3, 8.04%, 100, 0, 12, 7.84, 147182
1648646811, 155, 767, 913, 680, 3, 8.04%, 100, 0, 12, 9.36, 147470
1648646893, 156, 645, 913, 680, 3, 8.04%, 100, 0, 12, 10.62, 148365
1648646934, 156, 645, 914, 681, 3, 8.04%, 100, 0, 12, 11.61, 148841
1648646939, 157, 116, 914, 681, 2, 8.04%, 100, 0, 12, 12.05, 148905
1648646970, 157, 483, 914, 680, 2, 8.04%, 100, 0, 12, 12.36, 149223
1648646995, 157, 539, 914, 680, 2, 8.04%, 100, 0, 12, 20.51, 149596
1648647011, 157, 818, 914, 680, 2, 8.04%, 100, 0, 12, 6.38, 149872
1648647042, 158, 705, 914, 680, 2, 8.04%, 100, 0, 12, 9.12, 150119
1648647072, 158, 705, 915, 681, 2, 8.04%, 100, 0, 12, 11.21, 150445
1648647082, 158, 705, 916, 682, 2, 8.05%, 100, 0, 12, 10.44, 150553
1648647098, 158, 832, 916, 682, 2, 8.05%, 100, 0, 12, 7.76, 150712
1648647128, 159, 539, 916, 682, 2, 8.05%, 100, 0, 12, 10.95, 150965
1648647144, 159, 539, 917, 683, 2, 8.05%, 100, 0, 12, 15.03, 151198
1648647154, 159, 734, 917, 683, 2, 8.05%, 100, 0, 12, 6.44, 151325
1648647185, 160, 682, 917, 683, 2, 8.05%, 100, 0, 12, 10.90, 151581
1648647221, 160, 682, 919, 685, 2, 8.05%, 100, 0, 12, 10.08, 152025
1648647231, 160, 713, 919, 685, 3, 8.05%, 100, 0, 12, 10.47, 152143
1648647257, 160, 713, 920, 686, 3, 8.05%, 100, 0, 12, 8.55, 152355
1648647293, 161, 708, 920, 686, 3, 8.05%, 101, 0, 12, 10.35, 152730
1648647303, 161, 708, 921, 687, 3, 8.05%, 101, 0, 12, 11.05, 152845
1648647329, 161, 708, 922, 688, 3, 8.05%, 101, 0, 12, 11.63, 153167
1648647349, 161, 857, 922, 688, 3, 8.05%, 101, 0, 12, 10.90, 153406
1648647447, 162, 818, 922, 688, 3, 8.05%, 101, 0, 12, 7.67, 154257
1648647483, 162, 832, 922, 688, 3, 8.05%, 101, 0, 12, 6.59, 154534
1648647513, 163, 747, 922, 688, 3, 8.05%, 101, 0, 12, 9.23, 154780
1648647559, 163, 865, 922, 688, 3, 8.05%, 101, 0, 12, 17.71, 155281
1648647569, 163, 865, 923, 689, 3, 8.05%, 101, 0, 12, 20.65, 155492
1648647595, 163, 865, 924, 690, 3, 8.05%, 101, 0, 12, 18.17, 155974
1648647605, 164, 832, 924, 689, 2, 8.05%, 101, 0, 12, 6.49, 156111
1648647666, 164, 866, 924, 689, 2, 8.05%, 101, 0, 12, 8.48, 156590
1648647712, 164, 872, 924, 688, 1, 8.05%, 101, 0, 12, 9.71, 157043
1648647784, 164, 876, 924, 687, 0, 8.05%, 101, 0, 12, 7.66, 157690
1648647815, 165, 873, 924, 686, 0, 8.05%, 101, 0, 12, 7.95, 157931
1648647881, 165, 873, 925, 687, 0, 8.05%, 101, 0, 12, 9.14, 158534
1648647891, 166, 789, 925, 686, 0, 8.05%, 101, 0, 12, 7.86, 158614
1648647952, 167, 39, 925, 686, 0, 8.05%, 101, 0, 12, 10.34, 159110
1648647973, 167, 754, 925, 685, 0, 8.05%, 101, 0, 12, 10.96, 159347
1648647983, 167, 754, 926, 686, 0, 8.05%, 101, 0, 12, 11.03, 159462
1648648050, 167, 843, 926, 685, 1, 8.05%, 101, 0, 12, 11.01, 160258
1648648101, 168, 734, 927, 685, 1, 8.07%, 101, 0, 12, 11.12, 160872
1648648106, 168, 734, 928, 686, 1, 8.07%, 101, 0, 12, 8.62, 160910
1648648126, 168, 734, 929, 687, 1, 8.08%, 101, 0, 12, 8.08, 161075
1648648183, 168, 734, 930, 688, 1, 8.08%, 101, 0, 12, 9.34, 161623
1648648188, 168, 734, 932, 690, 1, 8.08%, 102, 0, 12, 8.99, 161668
1648648209, 168, 791, 932, 690, 1, 8.08%, 102, 0, 12, 7.65, 161865
1648648244, 168, 822, 932, 690, 1, 8.08%, 102, 0, 12, 6.35, 162142
1648648275, 168, 832, 932, 690, 1, 8.08%, 102, 0, 12, 5.39, 162378
1648648305, 169, 828, 932, 690, 1, 8.08%, 102, 0, 12, 7.67, 162618
1648648377, 169, 834, 932, 690, 1, 8.08%, 102, 0, 12, 8.62, 163212
1648648443, 169, 834, 933, 691, 1, 8.08%, 102, 0, 12, 11.61, 163961
1648648458, 170, 794, 933, 691, 3, 8.08%, 102, 0, 12, 9.77, 164111
1648648494, 170, 794, 934, 691, 2, 8.08%, 102, 0, 12, 0.00, 164518
1648648530, 170, 857, 935, 692, 1, 8.08%, 102, 0, 12, 8.55, 164803
1648648592, 170, 857, 935, 692, 1, 8.08%, 103, 0, 12, 10.26, 165329
1648648598, 170, 857, 936, 693, 1, 8.08%, 103, 0, 12, 10.00, 165381
1648648628, 170, 857, 936, 693, 1, 8.08%, 104, 0, 12, 9.83, 165670
1648648644, 170, 913, 936, 693, 2, 8.08%, 104, 0, 12, 5.87, 165802
1648648674, 171, 828, 936, 692, 1, 8.08%, 104, 0, 12, 4.62, 166038
1648648711, 172, 112, 936, 692, 1, 8.08%, 104, 0, 12, 10.40, 166334
1648648731, 172, 850, 936, 691, 1, 8.08%, 104, 0, 12, 11.24, 166564
1648648783, 172, 875, 936, 690, 0, 8.08%, 104, 0, 12, 12.59, 167226
1648648829, 172, 875, 936, 690, 0, 8.08%, 105, 0, 12, 11.51, 167787
1648648854, 173, 114, 936, 689, 0, 8.08%, 105, 0, 12, 11.90, 168094
1648648875, 173, 891, 937, 689, 0, 8.08%, 105, 0, 12, 11.43, 168342
1648648932, 174, 708, 937, 688, 0, 8.08%, 105, 0, 12, 11.88, 168948
1648648983, 174, 837, 937, 688, 0, 8.08%, 105, 0, 12, 9.21, 169570
1648649034, 175, 119, 937, 687, 0, 8.08%, 105, 0, 12, 11.51, 170029
1648649055, 175, 894, 937, 686, 0, 8.08%, 105, 0, 12, 10.87, 170281
1648649111, 176, 120, 937, 685, 0, 8.08%, 105, 0, 12, 10.79, 170849
1648649131, 176, 924, 937, 684, 0, 8.08%, 105, 0, 12, 10.72, 171093
1648649208, 177, 909, 938, 684, 0, 8.08%, 105, 0, 12, 9.82, 171745
1648649218, 177, 909, 939, 685, 0, 8.08%, 105, 0, 12, 12.25, 171871
1648649244, 177, 909, 940, 686, 0, 8.08%, 105, 0, 12, 13.30, 172206
1648649259, 177, 913, 940, 685, 4, 8.08%, 105, 0, 12, 7.92, 172401
1648649326, 178, 129, 940, 685, 4, 8.08%, 105, 0, 12, 11.32, 172936
1648649347, 179, 1, 940, 684, 4, 8.08%, 105, 0, 12, 15.03, 173244
1648649357, 179, 1, 941, 685, 4, 8.08%, 105, 0, 12, 14.68, 173395
1648649362, 179, 939, 943, 687, 3, 8.08%, 105, 0, 12, 12.20, 173456
1648649372, 179, 939, 944, 688, 3, 8.08%, 105, 0, 12, 8.98, 173540
1648649382, 179, 939, 946, 690, 3, 8.08%, 105, 0, 12, 10.46, 173654
1648649387, 179, 939, 947, 691, 3, 8.08%, 105, 0, 12, 9.82, 173704
1648649402, 179, 939, 948, 692, 3, 8.08%, 105, 0, 12, 10.82, 173855
1648649423, 179, 939, 949, 693, 3, 8.08%, 105, 0, 12, 13.97, 174110
1648649428, 179, 939, 950, 694, 3, 8.08%, 106, 0, 12, 10.91, 174162
1648649433, 180, 263, 950, 693, 2, 8.08%, 106, 0, 12, 11.71, 174224
1648649459, 180, 870, 950, 692, 2, 8.08%, 106, 0, 12, 10.29, 174559
1648649505, 180, 870, 951, 693, 2, 8.09%, 106, 0, 12, 7.90, 174966
1648649510, 181, 2, 952, 693, 1, 8.09%, 106, 0, 12, 11.03, 175027
1648649525, 181, 275, 952, 693, 1, 8.09%, 106, 0, 12, 11.87, 175223
1648649556, 181, 794, 952, 692, 0, 8.09%, 106, 0, 12, 10.19, 175547
1648649597, 182, 332, 952, 692, 0, 8.09%, 106, 0, 12, 12.73, 176029
1648649612, 182, 332, 953, 693, 0, 8.09%, 106, 0, 12, 12.73, 176219
1648649622, 182, 799, 953, 692, 0, 8.09%, 106, 0, 12, 10.54, 176333
