# unix_time, cycles_done, cur_path, paths_total, pending_total, pending_favs, map_size, unique_crashes, unique_hangs, max_depth, execs_per_sec, total_execs
1648633545, 0, 0, 8, 8, 7, 6.96%, 0, 0, 2, 19.89, 249
1648633550, 0, 0, 10, 10, 7, 7.01%, 0, 0, 2, 20.99, 362
1648633555, 0, 0, 16, 16, 7, 7.07%, 0, 0, 2, 18.20, 452
1648633560, 0, 0, 23, 23, 7, 7.08%, 0, 0, 2, 20.97, 558
1648633565, 0, 0, 30, 30, 7, 7.09%, 0, 0, 2, 18.21, 648
1648633570, 0, 0, 37, 37, 7, 7.10%, 0, 0, 2, 14.55, 713
1648633575, 0, 0, 42, 42, 7, 7.15%, 0, 0, 2, 13.05, 780
1648633580, 0, 0, 46, 46, 7, 7.16%, 0, 0, 2, 18.71, 867
1648633585, 0, 0, 53, 53, 7, 7.16%, 0, 0, 2, 14.96, 935
1648633591, 0, 0, 61, 61, 7, 7.17%, 0, 0, 2, 14.70, 1010
1648633596, 0, 0, 67, 67, 7, 7.23%, 0, 0, 2, 13.21, 1075
1648633601, 0, 0, 71, 71, 7, 7.24%, 0, 0, 2, 12.84, 1141
1648633606, 0, 0, 76, 76, 7, 7.28%, 0, 0, 2, 13.04, 1207
1648633611, 0, 0, 83, 83, 7, 7.28%, 0, 0, 2, 15.05, 1286
1648633616, 0, 0, 88, 88, 7, 7.28%, 0, 0, 2, 16.50, 1375
1648633621, 0, 0, 94, 94, 7, 7.28%, 0, 0, 2, 14.16, 1444
1648633626, 0, 0, 100, 100, 7, 7.28%, 0, 0, 2, 13.49, 1516
1648633631, 0, 0, 105, 105, 7, 7.28%, 0, 0, 2, 14.23, 1588
1648633636, 0, 0, 111, 110, 6, 7.29%, 0, 0, 2, 14.13, 1660
1648633642, 0, 0, 115, 114, 6, 7.29%, 0, 0, 2, 19.89, 1770
1648633647, 0, 0, 120, 119, 6, 7.29%, 0, 0, 2, 14.65, 1834
1648633652, 0, 0, 126, 125, 6, 7.30%, 0, 0, 2, 12.19, 1893
1648633657, 0, 0, 129, 128, 6, 7.32%, 0, 0, 2, 15.28, 1981
1648633662, 0, 0, 133, 132, 6, 7.32%, 0, 0, 2, 13.25, 2045
1648633667, 0, 0, 137, 136, 6, 7.32%, 0, 0, 2, 13.27, 2115
1648633672, 0, 0, 140, 139, 6, 7.33%, 0, 0, 2, 13.00, 2180
1648633677, 0, 0, 145, 144, 6, 7.33%, 0, 0, 2, 13.04, 2246
1648633682, 0, 0, 150, 149, 6, 7.33%, 0, 0, 2, 12.92, 2314
1648633688, 0, 0, 156, 155, 6, 7.34%, 0, 0, 2, 13.55, 2385
1648633693, 0, 0, 162, 161, 6, 7.34%, 0, 0, 2, 12.84, 2455
1648633698, 0, 0, 165, 164, 6, 7.34%, 0, 0, 2, 13.06, 2522
1648633703, 0, 0, 168, 167, 6, 7.34%, 0, 0, 2, 14.27, 2597
1648633708, 0, 0, 173, 172, 6, 7.34%, 0, 0, 2, 13.67, 2663
1648633713, 0, 0, 176, 175, 6, 7.34%, 0, 0, 2, 13.47, 2733
1648633718, 0, 0, 179, 178, 6, 7.34%, 0, 0, 2, 13.83, 2806
1648633724, 1, 64, 182, 181, 6, 7.34%, 0, 0, 2, 18.89, 2900
1648633734, 1, 116, 184, 182, 5, 7.34%, 0, 0, 3, 19.51, 3156
1648633739, 1, 116, 190, 188, 5, 7.34%, 0, 0, 3, 17.09, 3235
1648633744, 1, 116, 193, 191, 5, 7.34%, 0, 0, 3, 14.77, 3306
1648633749, 1, 116, 198, 196, 5, 7.34%, 0, 0, 3, 14.50, 3381
1648633754, 1, 116, 200, 198, 5, 7.34%, 0, 0, 3, 14.73, 3455
1648633759, 1, 116, 204, 202, 5, 7.36%, 0, 0, 3, 15.45, 3531
1648633764, 1, 116, 207, 205, 5, 7.36%, 0, 0, 3, 13.51, 3597
1648633769, 1, 159, 211, 208, 0, 7.37%, 0, 0, 3, 14.26, 3670
1648633780, 2, 7, 212, 208, 0, 7.37%, 0, 0, 3, 22.80, 3918
1648633785, 2, 7, 216, 212, 0, 7.37%, 0, 0, 3, 15.98, 3986
1648633790, 2, 7, 220, 216, 0, 7.37%, 0, 0, 3, 14.28, 4055
1648633795, 2, 7, 222, 218, 0, 7.37%, 0, 0, 3, 14.60, 4127
1648633800, 2, 7, 224, 220, 0, 7.37%, 0, 0, 3, 17.19, 4214
1648633805, 2, 7, 227, 223, 0, 7.37%, 0, 0, 3, 14.81, 4286
1648633810, 3, 1, 228, 223, 13, 7.37%, 0, 0, 3, 15.52, 4368
1648633815, 3, 1, 229, 224, 13, 7.37%, 0, 0, 3, 15.84, 4446
1648633820, 3, 1, 231, 226, 13, 7.37%, 0, 0, 3, 15.03, 4519
1648633826, 3, 1, 233, 228, 13, 7.37%, 0, 0, 3, 14.02, 4590
1648633831, 3, 1, 235, 229, 12, 7.37%, 0, 0, 3, 13.75, 4658
1648633836, 3, 1, 237, 231, 12, 7.37%, 0, 0, 3, 15.01, 4735
1648633841, 3, 1, 238, 232, 12, 7.37%, 0, 0, 3, 15.13, 4812
1648633846, 3, 1, 240, 234, 12, 7.37%, 0, 0, 3, 13.77, 4880
1648633851, 3, 206, 243, 237, 6, 7.37%, 0, 0, 3, 12.89, 4944
1648633866, 4, 202, 244, 237, 5, 7.37%, 0, 0, 4, 17.62, 5287
1648633871, 4, 202, 246, 239, 5, 7.37%, 0, 0, 4, 13.97, 5352
1648633877, 4, 202, 249, 242, 5, 7.37%, 0, 0, 4, 12.88, 5415
1648633887, 4, 202, 250, 243, 5, 7.37%, 0, 0, 4, 13.46, 5550
1648633892, 5, 199, 250, 242, 5, 7.37%, 0, 0, 4, 14.71, 5626
1648633902, 5, 199, 252, 244, 5, 7.37%, 0, 0, 4, 13.99, 5771
1648633907, 5, 199, 254, 246, 5, 7.38%, 0, 0, 4, 12.47, 5833
1648633912, 5, 199, 257, 249, 5, 7.38%, 0, 0, 4, 13.35, 5903
1648633917, 6, 30, 258, 249, 0, 7.38%, 0, 0, 4, 13.58, 5971
1648633928, 6, 30, 262, 253, 0, 7.38%, 0, 0, 4, 12.35, 6098
1648633933, 6, 30, 263, 254, 0, 7.39%, 0, 0, 4, 12.89, 6165
1648633938, 6, 30, 264, 255, 0, 7.39%, 0, 0, 4, 12.58, 6230
1648633943, 7, 23, 267, 257, 11, 7.39%, 0, 0, 4, 13.04, 6298
1648633958, 7, 23, 268, 258, 11, 7.39%, 0, 0, 4, 14.81, 6527
1648633963, 8, 2, 270, 259, 8, 7.39%, 0, 0, 4, 14.72, 6599
1648633968, 8, 2, 275, 264, 8, 7.40%, 0, 0, 4, 14.45, 6675
1648633974, 8, 2, 278, 267, 8, 7.40%, 0, 0, 4, 11.39, 6731
1648633979, 8, 2, 280, 269, 8, 7.40%, 0, 0, 4, 12.01, 6795
1648633984, 8, 2, 281, 270, 8, 7.40%, 0, 0, 4, 13.70, 6867
1648633989, 8, 2, 283, 272, 8, 7.40%, 0, 0, 4, 13.09, 6935
1648633994, 8, 2, 287, 275, 6, 7.40%, 0, 0, 4, 11.86, 6994
1648633999, 8, 2, 291, 279, 6, 7.42%, 0, 0, 4, 11.62, 7058
1648634004, 8, 2, 294, 282, 6, 7.42%, 0, 0, 4, 11.88, 7118
1648634010, 8, 2, 295, 283, 6, 7.42%, 0, 0, 4, 12.96, 7186
1648634015, 8, 2, 296, 284, 6, 7.42%, 0, 0, 4, 12.38, 7248
1648634020, 8, 2, 298, 286, 6, 7.42%, 0, 0, 4, 11.53, 7308
1648634025, 8, 2, 301, 289, 3, 7.42%, 0, 0, 4, 13.18, 7375
1648634030, 8, 2, 304, 292, 3, 7.43%, 0, 0, 4, 14.76, 7445
1648634035, 8, 2, 305, 293, 3, 7.43%, 0, 0, 4, 11.52, 7498
1648634041, 8, 2, 308, 296, 3, 7.43%, 0, 0, 4, 10.57, 7550
1648634046, 8, 2, 309, 297, 3, 7.43%, 0, 0, 4, 10.68, 7603
1648634056, 8, 2, 310, 298, 3, 7.43%, 0, 0, 4, 11.11, 7726
1648634061, 8, 248, 311, 299, 3, 7.43%, 0, 0, 4, 16.73, 7808
1648634087, 9, 215, 312, 299, 2, 7.43%, 0, 0, 4, 15.23, 8377
1648634092, 9, 215, 314, 301, 2, 7.43%, 0, 0, 4, 10.32, 8422
1648634097, 9, 215, 315, 302, 2, 7.43%, 0, 0, 4, 9.01, 8467
1648634107, 9, 215, 316, 303, 2, 7.43%, 0, 0, 4, 8.99, 8560
1648634122, 10, 200, 318, 304, 7, 7.43%, 0, 0, 4, 9.46, 8708
1648634128, 10, 200, 319, 305, 7, 7.43%, 0, 0, 4, 9.92, 8760
1648634133, 10, 200, 320, 306, 7, 7.45%, 0, 0, 4, 9.36, 8810
1648634138, 10, 200, 321, 307, 7, 7.45%, 1, 0, 4, 8.97, 8853
1648634143, 10, 200, 323, 309, 7, 7.46%, 1, 0, 4, 10.60, 8910
1648634148, 10, 200, 324, 310, 7, 7.46%, 1, 0, 4, 11.17, 8969
1648634153, 10, 200, 327, 313, 7, 7.46%, 1, 0, 4, 9.99, 9018
1648634158, 10, 200, 330, 316, 7, 7.46%, 1, 0, 4, 10.32, 9074
1648634163, 11, 99, 332, 317, 2, 7.46%, 2, 0, 4, 12.43, 9135
1648634169, 11, 99, 334, 319, 2, 7.46%, 2, 0, 4, 13.01, 9200
1648634179, 11, 99, 336, 321, 2, 7.46%, 2, 0, 4, 12.44, 9338
1648634184, 11, 99, 338, 323, 2, 7.46%, 2, 0, 4, 14.01, 9411
1648634189, 12, 47, 340, 324, 1, 7.46%, 2, 0, 4, 11.47, 9470
1648634194, 12, 47, 343, 327, 1, 7.46%, 2, 0, 4, 10.57, 9524
1648634199, 12, 47, 345, 329, 1, 7.46%, 2, 0, 4, 13.63, 9592
1648634204, 12, 47, 347, 331, 1, 7.46%, 2, 0, 4, 12.99, 9659
1648634209, 12, 47, 349, 333, 1, 7.46%, 2, 0, 4, 11.76, 9714
1648634220, 13, 3, 351, 334, 8, 7.46%, 2, 0, 4, 13.91, 9847
1648634225, 13, 3, 352, 335, 8, 7.46%, 2, 0, 4, 14.22, 9919
1648634240, 14, 2, 353, 335, 4, 7.46%, 2, 0, 4, 14.67, 10133
1648634245, 14, 2, 356, 338, 4, 7.46%, 2, 0, 4, 11.56, 10189
1648634250, 14, 2, 358, 340, 4, 7.46%, 2, 0, 4, 12.32, 10249
1648634260, 14, 2, 360, 342, 4, 7.46%, 2, 0, 4, 12.76, 10381
1648634265, 14, 3, 361, 343, 5, 7.47%, 2, 0, 4, 12.51, 10445
1648634275, 14, 3, 363, 345, 5, 7.49%, 2, 0, 4, 12.61, 10577
1648634281, 14, 3, 364, 346, 5, 7.49%, 2, 0, 4, 12.24, 10639
1648634286, 14, 3, 365, 347, 5, 7.49%, 2, 0, 4, 11.72, 10697
1648634291, 14, 3, 366, 348, 5, 7.49%, 2, 0, 4, 12.30, 10760
1648634296, 14, 309, 373, 355, 3, 7.49%, 2, 0, 4, 10.40, 10815
1648634301, 14, 309, 374, 356, 3, 7.49%, 2, 0, 4, 9.01, 10858
1648634306, 14, 309, 375, 357, 3, 7.50%, 2, 0, 4, 9.49, 10906
1648634332, 14, 309, 376, 358, 3, 7.50%, 2, 0, 4, 8.29, 11121
1648634342, 15, 245, 379, 360, 3, 7.50%, 2, 0, 5, 10.24, 11218
1648634347, 15, 245, 380, 361, 3, 7.50%, 2, 0, 5, 12.04, 11279
1648634352, 15, 245, 381, 362, 3, 7.50%, 2, 0, 5, 12.58, 11344
1648634357, 15, 245, 383, 364, 3, 7.50%, 2, 0, 5, 13.47, 11413
1648634362, 15, 245, 384, 365, 3, 7.50%, 2, 0, 5, 13.54, 11482
1648634367, 15, 245, 387, 368, 3, 7.50%, 2, 0, 5, 13.09, 11547
1648634378, 15, 245, 389, 370, 3, 7.50%, 2, 0, 5, 13.02, 11680
1648634383, 16, 204, 389, 369, 10, 7.50%, 2, 0, 5, 12.63, 11744
1648634393, 16, 204, 391, 371, 10, 7.50%, 2, 0, 5, 12.40, 11875
1648634398, 16, 204, 391, 371, 10, 7.50%, 3, 0, 5, 12.81, 11939
1648634403, 16, 204, 393, 373, 10, 7.51%, 3, 0, 5, 11.68, 11998
1648634408, 16, 208, 395, 374, 1, 7.51%, 3, 0, 5, 12.58, 12062
1648634414, 16, 208, 396, 375, 1, 7.51%, 3, 0, 5, 13.55, 12135
1648634419, 16, 208, 397, 376, 1, 7.51%, 3, 0, 5, 14.13, 12207
1648634424, 16, 208, 398, 377, 1, 7.51%, 3, 0, 5, 13.90, 12279
1648634429, 16, 208, 400, 379, 1, 7.51%, 3, 0, 5, 12.47, 12338
1648634434, 17, 93, 401, 379, 8, 7.51%, 3, 0, 5, 14.70, 12415
1648634439, 17, 93, 401, 379, 8, 7.51%, 4, 0, 5, 16.23, 12503
1648634444, 17, 93, 402, 380, 8, 7.51%, 4, 0, 5, 15.66, 12582
1648634449, 17, 93, 404, 382, 8, 7.51%, 4, 0, 5, 17.75, 12674
1648634454, 18, 4, 406, 383, 6, 7.51%, 4, 0, 5, 11.02, 12745
1648634460, 18, 4, 407, 384, 6, 7.51%, 4, 0, 5, 13.23, 12818
1648634470, 18, 4, 409, 386, 6, 7.54%, 4, 0, 5, 11.89, 12952
1648634475, 19, 3, 409, 385, 6, 7.54%, 4, 0, 5, 13.04, 13019
1648634480, 19, 3, 410, 386, 6, 7.54%, 4, 0, 5, 12.51, 13086
1648634485, 19, 3, 412, 388, 6, 7.54%, 4, 0, 5, 14.85, 13166
1648634491, 19, 3, 413, 389, 6, 7.54%, 4, 0, 5, 14.11, 13237
1648634496, 19, 4, 414, 390, 6, 7.58%, 4, 0, 5, 0.00, 13309
1648634501, 19, 4, 417, 393, 6, 7.58%, 4, 0, 5, 10.24, 13369
1648634516, 19, 4, 419, 395, 6, 7.59%, 4, 0, 5, 11.13, 13551
1648634526, 19, 373, 419, 395, 3, 7.59%, 4, 0, 5, 10.14, 13661
1648634537, 19, 373, 420, 396, 3, 7.59%, 4, 0, 5, 8.75, 13750
1648634567, 20, 258, 421, 396, 5, 7.59%, 4, 0, 5, 8.84, 14005
1648634572, 20, 258, 422, 397, 5, 7.59%, 4, 0, 5, 14.19, 14084
1648634578, 20, 258, 423, 398, 5, 7.59%, 4, 0, 5, 14.40, 14158
1648634583, 20, 258, 424, 399, 5, 7.59%, 4, 0, 5, 14.50, 14234
1648634588, 20, 258, 425, 400, 5, 7.59%, 4, 0, 5, 15.36, 14309
1648634593, 20, 258, 428, 403, 5, 7.59%, 4, 0, 5, 14.11, 14383
1648634598, 21, 207, 430, 404, 11, 7.59%, 4, 0, 5, 12.41, 14445
1648634635, 21, 252, 431, 404, 10, 7.59%, 4, 0, 5, 9.86, 14747
1648634655, 21, 252, 433, 406, 10, 7.59%, 8, 0, 5, 12.24, 15007
1648634665, 21, 252, 434, 407, 10, 7.59%, 8, 0, 5, 13.24, 15141
1648634671, 21, 252, 435, 408, 10, 7.59%, 8, 0, 5, 12.67, 15205
1648634681, 21, 252, 436, 409, 10, 7.59%, 8, 0, 5, 12.97, 15335
1648634686, 22, 99, 436, 408, 7, 7.59%, 8, 0, 5, 12.37, 15394
1648634696, 22, 99, 438, 410, 7, 7.59%, 8, 0, 5, 10.36, 15506
1648634701, 22, 99, 439, 411, 7, 7.59%, 8, 0, 5, 11.05, 15563
1648634707, 22, 99, 439, 411, 7, 7.59%, 9, 0, 5, 10.49, 15619
1648634712, 23, 4, 441, 413, 3, 7.60%, 9, 0, 5, 12.29, 15684
1648634732, 23, 4, 443, 415, 3, 7.63%, 9, 0, 5, 10.65, 15941
1648634737, 23, 105, 443, 415, 8, 7.63%, 9, 0, 5, 10.90, 15999
1648634743, 23, 105, 444, 416, 8, 7.63%, 9, 0, 5, 11.36, 16057
1648634753, 23, 105, 445, 417, 8, 7.63%, 10, 0, 5, 10.95, 16173
1648634758, 23, 105, 446, 418, 8, 7.63%, 10, 0, 5, 11.25, 16230
1648634763, 23, 109, 447, 418, 9, 7.63%, 10, 0, 5, 11.48, 16287
1648634768, 23, 109, 448, 419, 9, 7.63%, 10, 0, 5, 11.44, 16344
1648634789, 23, 219, 448, 418, 10, 7.63%, 10, 0, 5, 12.08, 16582
1648634804, 23, 219, 450, 420, 10, 7.63%, 10, 0, 5, 11.37, 16763
1648634814, 24, 5, 452, 421, 6, 7.63%, 10, 0, 5, 10.79, 16887
1648634830, 24, 5, 453, 422, 6, 7.63%, 10, 0, 5, 14.05, 17096
1648634835, 24, 5, 460, 428, 4, 7.63%, 10, 0, 5, 13.20, 17167
1648634840, 24, 5, 462, 430, 4, 7.63%, 10, 0, 5, 12.92, 17236
1648634845, 24, 5, 464, 432, 4, 7.63%, 10, 0, 5, 12.20, 17295
1648634850, 24, 5, 466, 434, 4, 7.63%, 10, 0, 5, 13.88, 17367
1648634860, 24, 256, 466, 434, 9, 7.63%, 10, 0, 5, 14.44, 17504
1648634865, 24, 256, 469, 437, 9, 7.63%, 10, 0, 5, 14.25, 17577
1648634881, 24, 256, 471, 439, 9, 7.63%, 10, 0, 5, 13.61, 17800
1648634886, 24, 256, 472, 440, 9, 7.63%, 10, 0, 5, 14.07, 17872
1648634891, 24, 256, 473, 441, 9, 7.63%, 10, 0, 5, 13.68, 17939
1648634896, 24, 256, 475, 443, 9, 7.63%, 10, 0, 5, 14.07, 18008
1648634901, 24, 256, 478, 446, 9, 7.63%, 10, 0, 5, 12.82, 18072
1648634906, 24, 256, 479, 447, 9, 7.63%, 10, 0, 5, 13.05, 18139
1648634911, 25, 6, 480, 447, 6, 7.63%, 10, 0, 5, 9.94, 18200
1648634926, 25, 334, 481, 447, 8, 7.63%, 10, 0, 5, 13.86, 18421
1648634931, 25, 334, 482, 448, 8, 7.63%, 10, 0, 5, 10.79, 18465
1648634937, 25, 334, 483, 449, 8, 7.63%, 10, 0, 5, 9.77, 18513
1648634952, 25, 334, 483, 449, 8, 7.63%, 11, 0, 5, 9.12, 18653
1648634967, 26, 4, 484, 449, 8, 7.63%, 11, 0, 5, 11.07, 18798
1648634972, 26, 4, 485, 450, 8, 7.64%, 11, 0, 5, 11.63, 18862
1648634988, 26, 419, 485, 450, 1, 7.64%, 11, 0, 5, 11.81, 19059
1648635003, 26, 419, 486, 451, 1, 7.65%, 11, 0, 5, 8.07, 19186
1648635013, 26, 419, 487, 452, 1, 7.65%, 11, 0, 5, 8.41, 19272
1648635019, 26, 419, 488, 453, 1, 7.65%, 11, 0, 5, 8.49, 19316
1648635034, 26, 419, 489, 454, 1, 7.65%, 11, 0, 5, 8.35, 19443
1648635059, 26, 419, 490, 455, 1, 7.65%, 11, 0, 5, 8.34, 19657
1648635075, 27, 262, 491, 455, 13, 7.65%, 11, 0, 5, 10.70, 19794
1648635085, 27, 262, 492, 456, 13, 7.65%, 11, 0, 5, 12.53, 19931
1648635090, 27, 262, 493, 457, 13, 7.65%, 11, 0, 5, 12.44, 19992
1648635095, 27, 262, 493, 457, 13, 7.65%, 12, 0, 5, 12.95, 20057
1648635100, 27, 262, 494, 458, 13, 7.65%, 12, 0, 5, 13.30, 20125
1648635105, 28, 140, 497, 460, 7, 7.65%, 12, 0, 5, 14.68, 20202
1648635121, 28, 273, 498, 460, 5, 7.65%, 12, 0, 5, 13.48, 20464
1648635126, 28, 273, 499, 461, 5, 7.65%, 14, 0, 5, 11.21, 20517
1648635141, 28, 273, 499, 461, 5, 7.65%, 15, 0, 5, 10.08, 20667
1648635151, 28, 273, 500, 462, 5, 7.65%, 15, 0, 5, 9.95, 20768
1648635156, 28, 273, 500, 461, 8, 7.65%, 15, 0, 5, 10.57, 20823
1648635177, 28, 273, 500, 461, 8, 7.65%, 16, 0, 5, 9.47, 21027
1648635187, 28, 273, 500, 461, 8, 7.65%, 17, 0, 5, 10.16, 21129
1648635192, 29, 6, 501, 462, 8, 7.65%, 17, 0, 5, 12.00, 21195
1648635197, 29, 6, 502, 463, 8, 7.65%, 17, 0, 5, 11.32, 21250
1648635202, 29, 6, 504, 465, 8, 7.65%, 17, 0, 5, 11.14, 21304
1648635212, 29, 322, 504, 465, 13, 7.65%, 17, 0, 5, 12.28, 21430
1648635249, 29, 340, 504, 464, 12, 7.65%, 17, 0, 5, 9.04, 21725
1648635279, 30, 5, 505, 464, 12, 7.65%, 17, 0, 5, 12.15, 22039
1648635300, 30, 324, 505, 464, 6, 7.65%, 17, 0, 5, 28.80, 22416
1648635315, 30, 398, 505, 463, 5, 7.65%, 17, 0, 5, 26.14, 22877
1648635325, 30, 398, 506, 464, 5, 7.65%, 17, 0, 5, 13.46, 23009
1648635346, 30, 398, 507, 465, 5, 7.65%, 17, 0, 5, 12.45, 23266
1648635351, 30, 398, 508, 466, 5, 7.65%, 17, 0, 5, 12.42, 23333
1648635356, 30, 398, 510, 468, 5, 7.65%, 17, 0, 5, 11.93, 23390
1648635366, 31, 273, 510, 467, 6, 7.65%, 17, 0, 5, 11.36, 23514
1648635382, 31, 273, 510, 467, 6, 7.65%, 18, 0, 5, 10.35, 23674
1648635387, 31, 273, 511, 468, 6, 7.65%, 18, 0, 5, 10.09, 23726
1648635392, 31, 277, 511, 468, 7, 7.65%, 18, 0, 5, 11.08, 23784
1648635397, 31, 277, 511, 468, 7, 7.65%, 19, 0, 5, 10.43, 23835
1648635402, 31, 277, 512, 469, 7, 7.65%, 19, 0, 5, 10.68, 23891
1648635407, 31, 277, 513, 470, 7, 7.65%, 19, 0, 5, 10.56, 23946
1648635418, 31, 277, 514, 471, 7, 7.65%, 19, 0, 5, 10.85, 24053
1648635423, 31, 326, 516, 472, 10, 7.65%, 19, 0, 5, 0.00, 24095
1648635464, 32, 277, 517, 472, 9, 7.65%, 19, 0, 5, 11.18, 24536
1648635469, 32, 277, 520, 475, 9, 7.69%, 19, 0, 5, 13.93, 24611
1648635474, 32, 277, 521, 476, 9, 7.69%, 19, 0, 5, 15.47, 24692
1648635479, 32, 277, 522, 477, 9, 7.69%, 19, 0, 5, 15.55, 24773
1648635484, 32, 277, 524, 479, 9, 7.69%, 19, 0, 5, 13.87, 24840
1648635489, 33, 6, 524, 479, 4, 7.69%, 19, 0, 5, 14.57, 24919
1648635495, 33, 6, 525, 480, 4, 7.69%, 19, 0, 5, 17.03, 25003
1648635505, 33, 6, 526, 481, 4, 7.69%, 19, 0, 5, 12.30, 25127
1648635515, 33, 311, 527, 482, 8, 7.69%, 19, 0, 5, 12.85, 25260
1648635525, 33, 311, 527, 482, 8, 7.69%, 20, 0, 5, 8.37, 25343
1648635561, 33, 311, 527, 482, 8, 7.69%, 21, 0, 5, 8.15, 25633
1648635572, 34, 6, 527, 481, 7, 7.69%, 21, 0, 5, 10.61, 25728
1648635592, 34, 408, 527, 481, 7, 7.69%, 21, 0, 5, 10.92, 25982
1648635597, 34, 408, 528, 482, 7, 7.69%, 21, 0, 5, 9.78, 26028
1648635602, 34, 408, 529, 483, 7, 7.70%, 21, 0, 5, 10.49, 26082
1648635613, 34, 408, 529, 483, 7, 7.70%, 22, 0, 5, 11.01, 26196
1648635618, 34, 408, 531, 485, 7, 7.70%, 22, 0, 5, 9.06, 26240
1648635623, 34, 408, 531, 485, 7, 7.70%, 24, 0, 5, 9.66, 26291
1648635628, 35, 403, 531, 484, 5, 7.70%, 25, 0, 5, 17.29, 26383
1648635633, 35, 403, 532, 485, 5, 7.70%, 25, 0, 5, 20.82, 26505
1648635638, 35, 403, 533, 486, 5, 7.70%, 25, 0, 5, 15.60, 26574
1648635644, 35, 403, 534, 487, 5, 7.70%, 25, 0, 5, 15.65, 26657
1648635649, 35, 403, 535, 488, 5, 7.70%, 25, 0, 5, 14.91, 26731
1648635654, 36, 391, 536, 488, 6, 7.70%, 25, 0, 5, 16.28, 26815
1648635680, 36, 391, 536, 488, 6, 7.70%, 26, 0, 5, 11.89, 27144
1648635700, 36, 438, 536, 487, 5, 7.70%, 26, 0, 5, 22.75, 27453
1648635711, 37, 425, 536, 486, 4, 7.70%, 26, 0, 5, 19.03, 27707
1648635772, 37, 425, 536, 486, 4, 7.70%, 27, 0, 5, 9.15, 28244
1648635777, 37, 433, 536, 485, 3, 7.70%, 27, 0, 5, 8.47, 28287
1648635808, 37, 433, 537, 486, 3, 7.70%, 27, 0, 6, 8.81, 28550
1648635828, 38, 300, 541, 489, 9, 7.70%, 27, 0, 6, 13.82, 28763
1648635833, 38, 300, 543, 491, 9, 7.73%, 27, 0, 6, 14.32, 28837
1648635838, 38, 300, 544, 492, 9, 7.75%, 27, 0, 6, 15.18, 28912
1648635849, 38, 300, 544, 492, 9, 7.75%, 28, 0, 6, 15.45, 29068
1648635854, 38, 392, 546, 493, 5, 7.75%, 28, 0, 6, 13.46, 29136
1648635859, 38, 392, 547, 494, 5, 7.75%, 28, 0, 6, 12.32, 29197
1648635864, 38, 392, 548, 495, 5, 7.75%, 28, 0, 6, 12.23, 29261
1648635880, 38, 392, 549, 496, 5, 7.75%, 28, 0, 6, 12.32, 29448
1648635905, 39, 207, 550, 496, 4, 7.75%, 28, 0, 6, 13.06, 29759
1648635926, 39, 438, 550, 496, 7, 7.75%, 28, 0, 6, 11.47, 30028
1648635931, 39, 438, 551, 497, 7, 7.75%, 28, 0, 6, 9.91, 30077
1648635946, 39, 438, 552, 498, 7, 7.75%, 28, 0, 6, 10.27, 30234
1648635956, 40, 399, 552, 498, 4, 7.75%, 28, 0, 6, 11.00, 30341
1648635972, 40, 399, 553, 499, 4, 7.75%, 28, 0, 6, 11.91, 30522
1648635977, 40, 399, 554, 500, 4, 7.75%, 28, 0, 6, 12.87, 30588
1648635992, 40, 425, 554, 499, 6, 7.75%, 28, 0, 6, 11.52, 30772
1648636002, 40, 425, 555, 500, 6, 7.75%, 28, 0, 6, 13.39, 30915
1648636007, 40, 425, 556, 501, 6, 7.75%, 28, 0, 6, 14.01, 30984
1648636012, 40, 425, 556, 501, 6, 7.75%, 29, 0, 6, 13.18, 31052
1648636033, 40, 425, 557, 502, 6, 7.75%, 29, 0, 6, 12.41, 31316
1648636038, 40, 462, 558, 503, 5, 7.75%, 29, 0, 6, 12.09, 31377
1648636068, 41, 360, 558, 502, 4, 7.75%, 29, 0, 6, 10.74, 31726
1648636073, 41, 360, 563, 507, 4, 7.75%, 29, 0, 6, 10.58, 31778
1648636078, 41, 360, 567, 511, 4, 7.75%, 29, 0, 6, 10.68, 31834
1648636084, 41, 360, 572, 516, 4, 7.75%, 29, 0, 6, 10.32, 31887
1648636089, 41, 360, 576, 520, 4, 7.75%, 29, 0, 6, 11.63, 31947
1648636094, 41, 360, 578, 522, 4, 7.75%, 29, 0, 6, 12.82, 32015
1648636099, 41, 360, 581, 525, 4, 7.75%, 29, 0, 6, 13.88, 32087
1648636104, 41, 360, 585, 529, 4, 7.75%, 29, 0, 6, 13.39, 32156
1648636114, 41, 360, 587, 531, 4, 7.75%, 29, 0, 6, 13.16, 32290
1648636119, 42, 357, 588, 531, 4, 7.75%, 29, 0, 6, 11.66, 32351
1648636125, 42, 357, 589, 532, 4, 7.75%, 29, 0, 6, 10.75, 32405
1648636130, 42, 357, 590, 533, 4, 7.75%, 29, 0, 6, 10.50, 32459
1648636166, 42, 427, 592, 534, 4, 7.75%, 29, 0, 6, 5.02, 32781
1648636232, 43, 440, 593, 534, 3, 7.75%, 29, 0, 6, 11.83, 33422
1648636237, 43, 440, 597, 538, 3, 7.75%, 29, 0, 6, 16.24, 33506
1648636243, 43, 440, 598, 539, 3, 7.75%, 29, 0, 6, 15.70, 33583
1648636248, 43, 440, 599, 540, 3, 7.75%, 29, 0, 6, 15.93, 33660
1648636253, 43, 440, 601, 542, 3, 7.75%, 29, 0, 6, 15.80, 33744
1648636258, 43, 441, 602, 542, 5, 7.75%, 29, 0, 6, 14.53, 33822
1648636263, 43, 441, 603, 543, 5, 7.75%, 29, 0, 6, 14.72, 33892
1648636294, 43, 446, 603, 542, 4, 7.75%, 29, 0, 6, 9.01, 34202
1648636325, 43, 469, 604, 542, 3, 7.75%, 29, 0, 6, 13.48, 34504
1648636350, 43, 484, 604, 541, 2, 7.75%, 29, 0, 6, 22.29, 35105
1648636355, 43, 484, 606, 543, 2, 7.75%, 29, 0, 6, 14.36, 35165
1648636360, 43, 484, 607, 544, 2, 7.77%, 29, 0, 6, 14.93, 35237
1648636376, 43, 484, 609, 546, 2, 7.77%, 29, 0, 6, 12.66, 35436
1648636381, 44, 448, 612, 548, 1, 7.78%, 29, 0, 6, 13.87, 35506
1648636386, 44, 448, 616, 552, 1, 7.78%, 29, 0, 6, 15.21, 35590
1648636391, 44, 448, 617, 553, 1, 7.78%, 29, 0, 6, 16.35, 35672
1648636396, 44, 448, 618, 554, 1, 7.78%, 30, 0, 6, 15.27, 35751
1648636402, 44, 448, 619, 555, 1, 7.78%, 30, 0, 6, 17.15, 35839
1648636407, 44, 448, 619, 555, 1, 7.78%, 31, 0, 6, 17.73, 35929
1648636412, 45, 431, 619, 554, 5, 7.78%, 31, 0, 6, 16.05, 36011
1648636417, 45, 431, 621, 556, 5, 7.78%, 31, 0, 6, 12.74, 36071
1648636422, 45, 431, 622, 557, 5, 7.78%, 31, 0, 6, 13.33, 36141
1648636427, 45, 431, 623, 558, 5, 7.78%, 31, 0, 6, 12.52, 36201
1648636448, 45, 431, 624, 559, 5, 7.78%, 31, 0, 6, 12.67, 36473
1648636453, 45, 475, 625, 559, 5, 7.78%, 31, 0, 6, 5.58, 36513
1648636524, 46, 462, 627, 560, 4, 7.78%, 31, 0, 6, 8.38, 37076
1648636529, 46, 462, 629, 562, 4, 7.78%, 31, 0, 6, 10.77, 37135
1648636534, 46, 462, 630, 563, 4, 7.78%, 31, 0, 6, 10.96, 37189
1648636560, 46, 489, 630, 563, 3, 7.78%, 31, 0, 6, 9.18, 37458
1648636611, 47, 433, 630, 562, 2, 7.78%, 31, 0, 6, 9.86, 37881
1648636617, 47, 433, 631, 563, 2, 7.78%, 31, 0, 6, 11.73, 37944
1648636637, 47, 433, 632, 564, 2, 7.78%, 31, 0, 6, 13.50, 38226
1648636658, 47, 480, 632, 564, 5, 7.78%, 31, 0, 6, 12.10, 38484
1648636663, 47, 480, 633, 565, 5, 7.78%, 31, 0, 6, 10.29, 38532
1648636678, 47, 480, 634, 566, 5, 7.78%, 31, 0, 6, 10.38, 38692
1648636688, 48, 446, 635, 566, 6, 7.78%, 31, 0, 6, 12.09, 38807
1648636709, 48, 446, 636, 567, 6, 7.78%, 31, 0, 6, 13.26, 39108
1648636714, 48, 530, 637, 568, 5, 7.78%, 31, 0, 6, 10.36, 39155
1648636744, 49, 469, 638, 568, 7, 7.78%, 31, 0, 6, 8.90, 39435
1648636765, 49, 469, 639, 569, 7, 7.78%, 31, 0, 6, 13.81, 39726
1648636790, 51, 508, 639, 569, 3, 7.78%, 31, 0, 6, 11.52, 40080
1648636795, 51, 508, 640, 570, 3, 7.78%, 31, 0, 6, 9.55, 40126
1648636800, 51, 508, 641, 571, 3, 7.78%, 31, 0, 6, 8.85, 40169
1648636806, 51, 508, 642, 572, 3, 7.78%, 31, 0, 6, 8.59, 40213
1648636836, 51, 508, 643, 573, 3, 7.78%, 31, 0, 6, 10.46, 40521
1648636841, 52, 469, 643, 572, 7, 7.78%, 31, 0, 6, 6.35, 40561
1648636872, 52, 501, 643, 572, 7, 7.78%, 31, 0, 6, 8.58, 40807
1648636882, 52, 501, 644, 573, 7, 7.78%, 31, 0, 6, 8.55, 40896
1648636898, 52, 501, 645, 574, 7, 7.78%, 31, 0, 6, 8.53, 41028
1648636918, 52, 532, 645, 573, 4, 7.78%, 31, 0, 6, 10.48, 41214
1648636923, 52, 532, 646, 574, 4, 7.78%, 31, 0, 6, 11.03, 41271
1648636928, 52, 532, 648, 576, 4, 7.78%, 31, 0, 6, 11.14, 41328
1648636949, 52, 532, 649, 577, 4, 7.78%, 31, 0, 6, 11.32, 41573
1648636959, 52, 532, 649, 577, 4, 7.78%, 32, 0, 6, 13.40, 41705
1648636969, 52, 550, 650, 577, 4, 7.78%, 32, 0, 6, 11.54, 41822
1648636974, 52, 550, 651, 578, 4, 7.78%, 32, 0, 6, 11.58, 41881
1648636985, 52, 550, 651, 578, 4, 7.78%, 33, 0, 6, 11.42, 41998
1648637005, 54, 485, 652, 578, 8, 7.78%, 34, 0, 6, 11.05, 42249
1648637016, 54, 485, 653, 579, 8, 7.78%, 35, 0, 6, 8.95, 42339
1648637036, 54, 485, 653, 579, 8, 7.78%, 36, 0, 6, 9.67, 42534
1648637051, 54, 489, 654, 579, 7, 7.78%, 36, 0, 6, 9.03, 42680
1648637108, 54, 618, 655, 580, 7, 7.78%, 36, 0, 6, 9.17, 43122
1648637113, 54, 618, 657, 582, 7, 7.78%, 37, 0, 6, 19.12, 43231
1648637118, 54, 618, 658, 583, 7, 7.78%, 39, 0, 6, 22.34, 43348
1648637123, 54, 618, 659, 584, 7, 7.78%, 39, 0, 6, 19.06, 43439
1648637138, 55, 533, 659, 583, 4, 7.78%, 40, 0, 6, 18.50, 43735
1648637144, 55, 533, 660, 584, 4, 7.78%, 41, 0, 6, 14.57, 43801
1648637149, 55, 533, 660, 584, 4, 7.78%, 42, 0, 6, 14.14, 43872
1648637154, 55, 533, 661, 585, 4, 7.78%, 47, 0, 6, 13.33, 43941
1648637164, 55, 533, 661, 585, 4, 7.78%, 48, 0, 6, 13.08, 44073
1648637169, 55, 533, 662, 586, 4, 7.78%, 48, 0, 6, 12.41, 44136
1648637174, 55, 533, 662, 586, 4, 7.78%, 49, 0, 6, 12.82, 44204
1648637179, 56, 473, 663, 586, 7, 7.78%, 49, 0, 6, 0.00, 44265
1648637214, 56, 623, 663, 585, 7, 7.78%, 49, 0, 6, 7.62, 44540
1648637245, 56, 623, 664, 586, 7, 7.78%, 49, 0, 7, 9.21, 44801
1648637251, 56, 623, 665, 587, 7, 7.78%, 49, 0, 7, 8.50, 44844
1648637266, 57, 523, 665, 586, 1, 7.78%, 49, 0, 7, 10.62, 44989
1648637271, 57, 523, 667, 588, 1, 7.78%, 49, 0, 7, 12.73, 45057
1648637276, 57, 523, 670, 591, 1, 7.78%, 49, 0, 7, 12.27, 45120
1648637292, 57, 630, 670, 590, 8, 7.78%, 49, 0, 7, 13.64, 45336
1648637317, 57, 630, 671, 591, 8, 7.78%, 49, 0, 7, 11.29, 45601
1648637338, 58, 508, 671, 590, 6, 7.78%, 49, 0, 7, 8.35, 45803
1648637364, 58, 508, 672, 591, 6, 7.78%, 49, 0, 7, 9.27, 46018
1648637389, 58, 549, 673, 592, 5, 7.78%, 49, 0, 7, 9.89, 46239
1648637410, 58, 549, 674, 593, 5, 7.78%, 49, 0, 7, 10.37, 46446
1648637440, 58, 549, 675, 594, 5, 7.78%, 49, 0, 7, 10.70, 46819
1648637446, 59, 522, 675, 593, 5, 7.78%, 49, 0, 7, 15.47, 46906
1648637461, 60, 474, 675, 592, 4, 7.78%, 49, 0, 7, 7.94, 47142
1648637497, 61, 318, 675, 591, 4, 7.78%, 49, 0, 7, 20.87, 47502
1648637517, 61, 570, 675, 590, 4, 7.78%, 49, 0, 7, 5.52, 47981
1648637522, 61, 570, 676, 591, 4, 7.78%, 49, 0, 7, 7.26, 48023
1648637553, 61, 598, 676, 590, 3, 7.78%, 49, 0, 7, 10.32, 48318
1648637558, 61, 598, 677, 591, 3, 7.78%, 49, 0, 7, 11.03, 48378
1648637584, 62, 491, 680, 593, 5, 7.78%, 49, 0, 7, 12.32, 48701
1648637589, 62, 491, 681, 594, 5, 7.78%, 50, 0, 7, 12.56, 48766
1648637594, 62, 491, 683, 596, 5, 7.78%, 50, 0, 7, 13.32, 48837
1648637600, 62, 491, 684, 597, 5, 7.78%, 52, 0, 7, 12.40, 48900
1648637605, 62, 491, 685, 598, 5, 7.78%, 52, 0, 7, 12.16, 48962
1648637610, 62, 491, 687, 600, 5, 7.78%, 52, 0, 7, 11.63, 49022
1648637615, 62, 491, 689, 602, 5, 7.78%, 52, 0, 7, 12.54, 49084
1648637620, 62, 491, 690, 603, 5, 7.78%, 52, 0, 7, 12.28, 49146
1648637625, 62, 491, 691, 604, 5, 7.78%, 52, 0, 7, 12.31, 49209
1648637635, 62, 491, 692, 605, 5, 7.78%, 52, 0, 7, 12.47, 49341
1648637640, 62, 585, 693, 605, 3, 7.78%, 52, 0, 7, 9.63, 49386
1648637651, 62, 585, 694, 606, 3, 7.78%, 52, 0, 7, 11.01, 49489
1648637656, 62, 585, 695, 607, 3, 7.78%, 52, 0, 7, 11.05, 49544
1648637671, 63, 326, 695, 606, 3, 7.78%, 52, 0, 7, 10.28, 49704
1648637712, 63, 619, 696, 607, 3, 7.78%, 52, 0, 7, 12.07, 50161
1648637733, 63, 619, 697, 608, 3, 7.78%, 52, 0, 7, 12.31, 50432
1648637743, 63, 619, 698, 609, 3, 7.78%, 52, 0, 7, 12.64, 50566
1648637748, 63, 630, 698, 608, 3, 7.78%, 52, 0, 7, 11.29, 50624
1648637794, 64, 510, 699, 609, 3, 7.78%, 52, 0, 7, 10.99, 51068
1648637799, 64, 510, 700, 610, 3, 7.78%, 52, 0, 7, 12.71, 51137
1648637815, 64, 510, 701, 611, 3, 7.78%, 52, 0, 7, 13.05, 51348
1648637820, 64, 510, 702, 612, 3, 7.78%, 52, 0, 7, 12.46, 51411
1648637825, 64, 548, 702, 611, 2, 7.78%, 52, 0, 7, 9.51, 51455
1648637866, 64, 548, 703, 612, 2, 7.78%, 52, 0, 7, 12.33, 51819
1648637882, 65, 605, 703, 611, 1, 7.78%, 52, 0, 7, 8.59, 51954
1648637907, 65, 605, 703, 611, 1, 7.78%, 53, 0, 7, 9.48, 52202
1648637913, 66, 527, 703, 610, 0, 7.78%, 53, 0, 7, 8.65, 52246
1648637944, 66, 641, 703, 609, 0, 7.78%, 53, 0, 7, 9.64, 52588
1648637969, 66, 641, 704, 610, 0, 7.79%, 53, 0, 7, 9.93, 52829
1648637974, 66, 641, 705, 611, 0, 7.79%, 53, 0, 7, 9.69, 52879
1648637990, 67, 633, 705, 610, 2, 7.79%, 53, 0, 7, 9.33, 53032
1648638000, 67, 633, 705, 610, 2, 7.79%, 54, 0, 7, 9.42, 53130
1648638016, 67, 633, 706, 611, 2, 7.79%, 54, 0, 7, 15.01, 53309
1648638021, 68, 605, 706, 610, 1, 7.79%, 54, 0, 7, 11.60, 53362
1648638026, 68, 605, 707, 611, 1, 7.79%, 54, 0, 7, 9.16, 53405
1648638031, 68, 605, 709, 613, 1, 7.79%, 54, 0, 7, 8.86, 53449
1648638041, 68, 605, 711, 615, 1, 7.79%, 54, 0, 7, 10.07, 53554
1648638057, 69, 380, 711, 615, 2, 7.79%, 54, 0, 7, 7.77, 53716
1648638092, 69, 644, 711, 614, 2, 7.79%, 54, 0, 7, 8.40, 53999
1648638123, 70, 608, 712, 614, 1, 7.79%, 54, 0, 7, 15.50, 54323
1648638138, 71, 606, 712, 613, 5, 7.79%, 54, 0, 7, 19.51, 54669
1648638153, 71, 606, 713, 614, 5, 7.79%, 54, 0, 7, 13.96, 54881
1648638158, 71, 606, 714, 615, 5, 7.79%, 54, 0, 7, 14.13, 54954
1648638163, 72, 610, 714, 614, 9, 7.79%, 54, 0, 7, 14.97, 55030
1648638173, 72, 610, 715, 615, 9, 7.79%, 54, 0, 7, 16.13, 55193
1648638194, 72, 610, 716, 616, 9, 7.79%, 54, 0, 7, 14.92, 55498
1648638199, 72, 610, 717, 617, 9, 7.79%, 55, 0, 7, 16.35, 55585
1648638204, 73, 530, 717, 616, 4, 7.79%, 55, 0, 7, 11.32, 55633
1648638235, 73, 642, 718, 617, 4, 7.79%, 55, 0, 7, 8.01, 55927
1648638305, 74, 548, 718, 616, 3, 7.79%, 55, 0, 7, 7.96, 56488
1648638351, 74, 548, 719, 617, 3, 7.79%, 55, 0, 7, 8.46, 56896
1648638372, 74, 674, 719, 617, 4, 7.79%, 55, 0, 7, 9.24, 57085
1648638423, 74, 676, 721, 618, 3, 7.79%, 55, 0, 7, 11.46, 57569
1648638434, 74, 676, 722, 619, 3, 7.79%, 55, 0, 7, 12.98, 57699
1648638439, 74, 676, 723, 620, 3, 7.79%, 55, 0, 7, 13.19, 57767
1648638444, 74, 676, 724, 621, 3, 7.79%, 55, 0, 7, 11.72, 57823
1648638454, 74, 676, 725, 622, 3, 7.79%, 55, 0, 7, 12.40, 57953
1648638464, 74, 676, 725, 622, 3, 7.79%, 57, 0, 7, 12.89, 58078
1648638469, 74, 676, 726, 623, 3, 7.79%, 57, 0, 7, 12.43, 58139
1648638474, 74, 694, 726, 622, 4, 7.79%, 57, 0, 7, 12.32, 58203
1648638515, 75, 627, 728, 623, 3, 7.79%, 57, 0, 7, 11.88, 58739
1648638551, 76, 617, 729, 623, 2, 7.79%, 57, 0, 7, 11.26, 59097
1648638556, 76, 617, 730, 624, 2, 7.79%, 57, 0, 7, 12.19, 59161
1648638561, 76, 617, 731, 625, 2, 7.79%, 57, 0, 7, 11.86, 59221
1648638582, 76, 660, 732, 625, 2, 7.79%, 58, 0, 7, 12.63, 59525
1648638633, 76, 707, 732, 624, 1, 7.79%, 58, 0, 7, 9.22, 59995
1648638664, 76, 707, 734, 626, 1, 7.79%, 58, 0, 7, 10.76, 60295
1648638680, 77, 382, 734, 625, 2, 7.79%, 58, 0, 7, 6.37, 60434
1648638711, 77, 661, 734, 624, 2, 7.79%, 58, 0, 7, 8.65, 60684
1648638741, 77, 661, 735, 625, 2, 7.79%, 58, 0, 7, 10.58, 61013
1648638752, 77, 712, 736, 625, 1, 7.83%, 58, 0, 7, 10.26, 61130
1648638757, 77, 712, 738, 627, 1, 7.84%, 58, 0, 7, 11.54, 61189
1648638762, 77, 712, 741, 630, 1, 7.84%, 58, 0, 7, 13.09, 61259
1648638772, 77, 712, 742, 631, 1, 7.84%, 58, 0, 7, 12.52, 61387
1648638777, 77, 712, 744, 633, 1, 7.85%, 58, 0, 7, 12.82, 61450
1648638793, 77, 712, 746, 635, 1, 7.85%, 58, 0, 7, 11.49, 61648
1648638798, 77, 712, 746, 635, 1, 7.85%, 59, 0, 7, 12.76, 61715
1648638803, 77, 712, 749, 638, 1, 7.85%, 59, 0, 7, 11.35, 61773
1648638808, 77, 712, 750, 639, 1, 7.85%, 60, 0, 7, 12.07, 61831
1648638818, 78, 667, 751, 639, 0, 7.86%, 60, 0, 7, 11.74, 61962
1648638875, 78, 693, 751, 638, 0, 7.86%, 60, 0, 7, 12.67, 62516
1648638880, 78, 693, 751, 638, 0, 7.86%, 61, 0, 7, 12.97, 62580
1648638900, 78, 693, 752, 639, 0, 7.86%, 61, 0, 7, 11.03, 62843
1648638936, 78, 700, 752, 638, 1, 7.86%, 61, 0, 7, 11.08, 63286
1648638972, 78, 734, 752, 637, 0, 7.86%, 61, 0, 7, 9.87, 63628
1648639018, 79, 537, 754, 638, 0, 7.86%, 61, 0, 7, 14.06, 64119
1648639028, 79, 537, 756, 640, 0, 7.86%, 61, 0, 7, 16.92, 64303
1648639039, 79, 570, 756, 639, 8, 7.86%, 61, 0, 7, 10.96, 64441
1648639065, 79, 570, 757, 640, 8, 7.86%, 61, 0, 7, 8.29, 64659
1648639075, 79, 644, 759, 642, 4, 7.87%, 61, 0, 7, 11.07, 64760
1648639080, 79, 644, 761, 644, 4, 7.87%, 61, 0, 7, 12.50, 64830
1648639085, 79, 644, 762, 645, 4, 7.87%, 61, 0, 7, 13.83, 64902
1648639101, 80, 644, 762, 645, 0, 7.87%, 61, 0, 7, 13.19, 65125
1648639142, 80, 741, 762, 645, 0, 7.87%, 61, 0, 7, 8.15, 65447
1648639203, 81, 719, 762, 644, 0, 7.87%, 61, 0, 7, 10.76, 66036
1648639213, 81, 719, 764, 646, 0, 7.87%, 61, 0, 7, 11.11, 66152
1648639254, 82, 383, 764, 645, 2, 7.87%, 61, 0, 7, 6.32, 66609
1648639285, 82, 650, 764, 644, 2, 7.87%, 61, 0, 7, 8.77, 66853
1648639310, 82, 650, 765, 645, 2, 7.87%, 61, 0, 7, 10.47, 67113
1648639320, 82, 650, 765, 645, 2, 7.87%, 62, 0, 7, 10.01, 67212
1648639331, 82, 650, 766, 646, 2, 7.87%, 62, 0, 7, 11.83, 67328
1648639336, 83, 555, 767, 646, 6, 7.87%, 63, 0, 7, 11.78, 67390
1648639341, 83, 555, 769, 648, 6, 7.87%, 63, 0, 7, 10.80, 67445
1648639346, 83, 555, 770, 649, 6, 7.87%, 63, 0, 7, 10.01, 67498
1648639377, 83, 630, 770, 648, 6, 7.87%, 63, 0, 7, 9.84, 67840
1648639433, 83, 650, 770, 648, 6, 7.87%, 63, 0, 7, 11.02, 68313
1648639439, 83, 650, 771, 649, 6, 7.87%, 63, 0, 7, 11.46, 68376
1648639444, 83, 650, 772, 650, 6, 7.87%, 63, 0, 7, 11.63, 68433
1648639449, 83, 650, 773, 651, 6, 7.87%, 63, 0, 7, 13.10, 68499
1648639474, 84, 633, 773, 651, 7, 7.87%, 63, 0, 7, 13.56, 68871
1648639510, 84, 694, 773, 651, 7, 7.87%, 63, 0, 7, 12.12, 69224
1648639525, 84, 694, 774, 652, 7, 7.87%, 63, 0, 7, 13.12, 69423
1648639541, 84, 694, 775, 653, 7, 7.87%, 63, 0, 7, 11.68, 69612
1648639556, 84, 751, 775, 653, 1, 7.87%, 63, 0, 7, 12.38, 69798
1648639567, 84, 751, 775, 653, 1, 7.87%, 64, 0, 7, 12.31, 69925
1648639593, 85, 719, 776, 653, 0, 7.87%, 64, 0, 7, 11.46, 70252
1648639598, 85, 719, 777, 654, 0, 7.87%, 64, 0, 7, 11.26, 70310
1648639634, 85, 719, 778, 655, 0, 7.87%, 64, 0, 7, 12.82, 70721
1648639644, 86, 703, 779, 656, 4, 7.87%, 64, 0, 8, 13.27, 70845
1648639680, 86, 739, 781, 657, 3, 7.87%, 64, 0, 8, 10.59, 71139
1648639685, 86, 739, 783, 659, 3, 7.87%, 64, 0, 8, 12.45, 71204
1648639690, 86, 739, 784, 660, 3, 7.87%, 64, 0, 8, 13.20, 71274
1648639695, 86, 739, 785, 661, 3, 7.87%, 64, 0, 8, 12.28, 71337
1648639731, 87, 661, 785, 660, 6, 7.87%, 64, 0, 8, 13.36, 71782
1648639746, 87, 661, 786, 661, 6, 7.87%, 65, 0, 8, 13.62, 71998
1648639756, 87, 661, 787, 662, 6, 7.87%, 66, 0, 8, 13.61, 72133
1648639761, 87, 763, 787, 662, 6, 7.87%, 66, 0, 8, 11.75, 72193
1648639787, 87, 763, 787, 662, 6, 7.87%, 67, 0, 8, 8.98, 72407
1648639818, 87, 764, 787, 661, 5, 7.87%, 67, 0, 8, 9.42, 72695
1648639854, 87, 764, 788, 662, 5, 7.87%, 67, 0, 8, 9.19, 73009
1648639885, 88, 696, 788, 661, 6, 7.87%, 67, 0, 8, 7.98, 73287
1648639915, 89, 690, 789, 661, 5, 7.87%, 67, 0, 8, 7.55, 73528
1648639926, 89, 690, 792, 664, 5, 7.87%, 67, 0, 8, 13.65, 73659
1648639931, 89, 690, 793, 665, 5, 7.87%, 67, 0, 8, 13.55, 73729
1648639936, 89, 690, 794, 666, 5, 7.87%, 68, 0, 8, 13.92, 73801
1648639946, 89, 690, 796, 668, 5, 7.87%, 68, 0, 8, 13.11, 73945
1648639956, 89, 690, 797, 669, 5, 7.97%, 68, 0, 8, 13.36, 74081
1648639962, 89, 690, 800, 672, 5, 7.97%, 68, 0, 8, 12.50, 74145
1648639967, 89, 690, 801, 673, 5, 7.97%, 68, 0, 8, 12.36, 74205
1648639982, 89, 690, 802, 674, 5, 7.97%, 68, 0, 8, 12.73, 74430
1648639992, 89, 718, 803, 674, 5, 7.97%, 68, 0, 8, 13.17, 74569
1648640039, 90, 652, 803, 673, 3, 7.97%, 68, 0, 8, 8.80, 75032
1648640090, 91, 633, 803, 672, 2, 7.97%, 68, 0, 8, 8.22, 75439
1648640125, 91, 669, 803, 672, 2, 7.97%, 68, 0, 8, 9.18, 75781
1648640130, 91, 669, 804, 673, 2, 7.97%, 68, 0, 8, 8.85, 75825
1648640171, 91, 787, 804, 672, 1, 7.97%, 68, 0, 8, 9.80, 76216
1648640217, 92, 741, 804, 671, 0, 7.97%, 68, 0, 8, 10.67, 76653
1648640223, 92, 741, 807, 674, 0, 7.97%, 68, 0, 8, 10.83, 76711
1648640263, 92, 741, 808, 675, 0, 7.97%, 68, 0, 8, 12.62, 77210
1648640268, 92, 741, 809, 676, 0, 7.97%, 68, 0, 8, 11.60, 77265
1648640273, 93, 669, 809, 676, 3, 7.97%, 68, 0, 8, 13.41, 77334
1648640299, 93, 669, 810, 677, 3, 7.97%, 68, 0, 8, 14.05, 77698
1648640314, 94, 652, 810, 677, 6, 7.97%, 68, 0, 8, 11.13, 77899
1648640355, 94, 742, 810, 677, 6, 7.97%, 68, 0, 8, 10.75, 78308
1648640361, 94, 742, 812, 679, 6, 7.97%, 68, 0, 8, 12.14, 78374
1648640366, 94, 742, 813, 680, 6, 7.97%, 68, 0, 8, 11.29, 78428
1648640371, 94, 742, 814, 681, 6, 7.97%, 68, 0, 8, 12.87, 78495
1648640407, 95, 685, 814, 680, 5, 7.97%, 68, 0, 8, 11.22, 78938
1648640412, 95, 685, 815, 681, 5, 7.97%, 68, 0, 8, 12.87, 79008
1648640432, 95, 685, 816, 682, 5, 7.97%, 68, 0, 8, 12.72, 79280
1648640478, 96, 387, 816, 681, 2, 7.97%, 68, 0, 8, 6.51, 79863
1648640508, 96, 747, 816, 680, 2, 7.97%, 68, 0, 8, 10.03, 80114
1648640534, 96, 747, 816, 680, 2, 7.97%, 69, 0, 8, 12.76, 80428
1648640539, 96, 747, 817, 681, 2, 7.97%, 69, 0, 8, 13.57, 80495
1648640544, 97, 672, 817, 680, 6, 7.97%, 69, 0, 8, 18.80, 80586
1648640569, 98, 427, 817, 679, 5, 7.97%, 69, 0, 8, 18.86, 81176
1648640590, 98, 427, 818, 680, 5, 8.00%, 69, 0, 8, 13.40, 81485
1648640600, 98, 427, 819, 681, 5, 8.00%, 69, 0, 8, 15.07, 81629
1648640605, 98, 427, 820, 682, 5, 8.00%, 69, 0, 8, 14.95, 81707
1648640610, 98, 679, 820, 682, 5, 8.00%, 70, 0, 8, 10.65, 81754
1648640615, 98, 679, 821, 683, 5, 8.00%, 70, 0, 8, 9.87, 81803
1648640646, 98, 679, 822, 684, 5, 8.00%, 70, 0, 8, 10.16, 82117
1648640667, 98, 687, 822, 683, 5, 8.00%, 70, 0, 8, 11.81, 82344
1648640682, 98, 687, 823, 684, 5, 8.00%, 70, 0, 8, 13.32, 82544
1648640687, 98, 687, 823, 684, 5, 8.00%, 71, 0, 8, 13.46, 82612
1648640723, 98, 687, 824, 685, 5, 8.00%, 71, 0, 8, 12.39, 83100
1648640733, 98, 690, 824, 684, 5, 8.00%, 71, 0, 8, 12.52, 83224
1648640743, 98, 690, 825, 685, 5, 8.00%, 71, 0, 8, 13.46, 83361
1648640759, 98, 690, 826, 686, 5, 8.00%, 71, 0, 8, 12.73, 83563
1648640799, 98, 749, 826, 686, 8, 8.00%, 71, 0, 8, 11.37, 84114
1648640805, 98, 749, 827, 687, 8, 8.00%, 71, 0, 8, 9.24, 84157
1648640815, 98, 749, 828, 688, 8, 8.00%, 71, 0, 8, 8.96, 84246
1648640825, 98, 749, 829, 689, 8, 8.00%, 71, 0, 8, 10.14, 84353
1648640830, 98, 749, 830, 690, 8, 8.00%, 71, 0, 8, 10.07, 84405
1648640840, 98, 749, 831, 691, 8, 8.00%, 71, 0, 8, 10.14, 84507
1648640850, 99, 701, 831, 690, 6, 8.00%, 71, 0, 8, 9.77, 84611
1648640856, 99, 701, 831, 690, 6, 8.00%, 72, 0, 8, 9.71, 84662
1648640866, 99, 701, 831, 690, 6, 8.00%, 73, 0, 8, 11.40, 84765
1648640891, 100, 789, 831, 689, 5, 8.00%, 73, 0, 8, 9.42, 85042
1648640927, 100, 789, 832, 690, 5, 8.00%, 73, 0, 8, 8.96, 85358
1648640953, 101, 758, 832, 689, 5, 8.00%, 73, 0, 8, 12.64, 85612
1648640979, 101, 758, 833, 690, 5, 8.00%, 73, 0, 8, 13.37, 85982
1648640994, 101, 803, 833, 689, 1, 8.00%, 73, 0, 8, 10.43, 86168
1648641030, 101, 803, 834, 690, 1, 8.00%, 73, 0, 8, 10.69, 86514
1648641035, 102, 716, 835, 690, 0, 8.00%, 73, 0, 8, 8.91, 86550
1648641086, 102, 762, 835, 689, 0, 8.00%, 73, 0, 8, 8.26, 86984
1648641132, 103, 428, 835, 688, 0, 8.00%, 73, 0, 8, 10.54, 87485
1648641147, 103, 428, 837, 690, 0, 8.01%, 73, 0, 8, 15.34, 87731
1648641173, 103, 704, 837, 689, 0, 8.01%, 73, 0, 8, 11.68, 88110
1648641209, 103, 704, 838, 690, 0, 8.01%, 73, 0, 8, 9.83, 88443
1648641219, 103, 764, 838, 689, 0, 8.01%, 73, 0, 8, 9.69, 88536
1648641224, 103, 764, 839, 690, 0, 8.01%, 73, 0, 8, 11.76, 88599
1648641240, 103, 764, 840, 691, 0, 8.01%, 73, 0, 8, 12.75, 88802
1648641245, 103, 764, 841, 692, 0, 8.01%, 73, 0, 8, 11.24, 88858
1648641270, 104, 464, 842, 693, 5, 8.01%, 73, 0, 8, 13.25, 89180
1648641296, 104, 812, 842, 692, 0, 8.01%, 73, 0, 8, 10.28, 89493
1648641337, 105, 690, 842, 691, 0, 8.01%, 73, 0, 8, 10.34, 89885
1648641348, 105, 690, 843, 692, 0, 8.01%, 74, 0, 8, 12.71, 90018
1648641358, 105, 690, 844, 693, 0, 8.01%, 75, 0, 8, 13.20, 90151
1648641383, 105, 690, 844, 693, 0, 8.01%, 76, 0, 8, 13.79, 90476
1648641393, 105, 690, 845, 694, 0, 8.01%, 76, 0, 8, 13.80, 90618
1648641408, 105, 831, 845, 694, 0, 8.01%, 76, 0, 8, 10.23, 90801
1648641434, 105, 831, 845, 694, 0, 8.01%, 77, 0, 8, 9.30, 91027
1648641459, 106, 9, 845, 693, 0, 8.01%, 77, 0, 8, 12.87, 91284
1648641475, 106, 756, 845, 692, 0, 8.01%, 77, 0, 8, 11.65, 91501
1648641495, 106, 756, 846, 693, 0, 8.01%, 77, 0, 8, 8.37, 91676
1648641526, 107, 728, 848, 694, 0, 8.01%, 77, 0, 8, 7.70, 91956
1648641562, 108, 12, 848, 693, 0, 8.01%, 77, 0, 8, 14.72, 92283
1648641577, 108, 690, 848, 692, 0, 8.01%, 77, 0, 8, 13.49, 92516
1648641593, 108, 690, 848, 692, 0, 8.01%, 78, 0, 8, 12.68, 92713
1648641623, 108, 690, 849, 693, 0, 8.01%, 79, 0, 8, 12.22, 93099
1648641644, 109, 16, 849, 693, 0, 8.01%, 79, 0, 8, 14.29, 93374
1648641665, 109, 691, 851, 694, 0, 8.01%, 79, 0, 8, 15.56, 93659
1648641670, 109, 691, 852, 695, 0, 8.01%, 79, 0, 8, 13.86, 93726
1648641675, 109, 691, 854, 697, 0, 8.01%, 79, 0, 8, 12.33, 93790
1648641680, 109, 691, 856, 699, 0, 8.01%, 79, 0, 8, 12.57, 93855
1648641711, 110, 501, 856, 698, 0, 8.01%, 79, 0, 8, 13.41, 94282
1648641752, 111, 24, 856, 698, 0, 8.01%, 79, 0, 8, 9.80, 94632
1648641767, 111, 24, 856, 698, 0, 8.01%, 80, 0, 8, 11.84, 94806
1648641772, 111, 770, 856, 697, 0, 8.01%, 80, 0, 8, 11.92, 94865
1648641808, 112, 25, 856, 696, 0, 8.01%, 80, 0, 8, 15.63, 95359
1648641823, 112, 774, 856, 695, 0, 8.01%, 80, 0, 8, 15.05, 95601
1648641838, 112, 774, 857, 696, 0, 8.01%, 80, 0, 8, 13.00, 95828
1648641859, 112, 774, 858, 697, 0, 8.01%, 80, 0, 8, 14.42, 96117
1648641864, 113, 734, 858, 696, 0, 8.01%, 80, 0, 8, 14.19, 96190
1648641905, 113, 759, 858, 696, 0, 8.01%, 80, 0, 8, 13.66, 96769
1648641925, 113, 759, 859, 697, 0, 8.01%, 80, 0, 8, 15.41, 97091
1648641946, 113, 764, 861, 698, 0, 8.01%, 80, 0, 8, 13.62, 97399
1648641966, 113, 764, 862, 699, 0, 8.01%, 80, 0, 8, 13.05, 97686
1648641986, 113, 820, 862, 699, 5, 8.01%, 80, 0, 8, 14.24, 97979
1648642027, 114, 766, 862, 698, 4, 8.01%, 80, 0, 8, 9.36, 98447
1648642098, 114, 821, 862, 697, 3, 8.01%, 80, 0, 8, 8.25, 99012
1648642104, 114, 821, 862, 697, 3, 8.01%, 81, 0, 8, 8.02, 99053
1648642129, 114, 821, 863, 698, 3, 8.01%, 81, 0, 8, 10.32, 99293
1648642139, 114, 821, 863, 698, 3, 8.01%, 82, 0, 8, 10.09, 99395
1648642144, 115, 769, 863, 697, 3, 8.01%, 82, 0, 8, 4.69, 99440
1648642180, 116, 218, 863, 696, 2, 8.01%, 82, 0, 8, 13.08, 99755
1648642195, 116, 218, 864, 697, 2, 8.01%, 82, 0, 8, 13.26, 99966
1648642200, 116, 696, 864, 696, 2, 8.01%, 82, 0, 8, 7.92, 100012
1648642231, 116, 856, 864, 696, 2, 8.01%, 82, 0, 8, 10.86, 100268
1648642256, 116, 856, 865, 697, 2, 8.01%, 82, 0, 8, 14.25, 100632
1648642261, 117, 809, 866, 697, 3, 8.01%, 82, 0, 8, 12.64, 100695
1648642267, 117, 809, 867, 698, 3, 8.01%, 82, 0, 8, 11.42, 100753
1648642303, 118, 222, 867, 697, 0, 8.01%, 82, 0, 8, 13.05, 101223
1648642308, 118, 222, 869, 699, 0, 8.01%, 82, 0, 8, 11.46, 101278
1648642328, 118, 784, 869, 698, 8, 8.01%, 82, 0, 8, 9.48, 101516
1648642338, 118, 784, 870, 699, 8, 8.01%, 82, 0, 8, 8.37, 101604
1648642375, 119, 497, 870, 698, 6, 8.01%, 82, 0, 8, 8.86, 101966
1648642410, 119, 731, 870, 697, 5, 8.01%, 82, 0, 8, 10.24, 102272
1648642416, 119, 731, 871, 698, 5, 8.01%, 82, 0, 8, 11.21, 102329
1648642457, 120, 561, 871, 697, 5, 8.01%, 82, 0, 8, 12.05, 102842
1648642492, 120, 861, 872, 697, 5, 8.01%, 82, 0, 8, 7.93, 103171
1648642523, 120, 862, 872, 696, 3, 8.01%, 82, 0, 8, 7.58, 103410
1648642528, 120, 862, 873, 697, 3, 8.02%, 82, 0, 8, 9.36, 103461
1648642585, 121, 798, 873, 696, 2, 8.02%, 82, 0, 8, 7.91, 104023
1648642615, 122, 344, 873, 695, 1, 8.02%, 82, 0, 8, 12.14, 104283
1648642641, 122, 703, 873, 694, 1, 8.02%, 82, 0, 8, 10.35, 104627
1648642687, 123, 821, 873, 694, 1, 8.02%, 82, 0, 8, 0.00, 105041
1648642722, 124, 796, 873, 694, 1, 8.02%, 82, 0, 8, 6.04, 105316
1648642752, 125, 641, 874, 694, 0, 8.02%, 82, 0, 8, 0.00, 105545
1648642788, 125, 756, 874, 694, 0, 8.02%, 82, 0, 8, 11.58, 105844
1648642818, 126, 697, 874, 694, 0, 8.02%, 82, 0, 8, 4.72, 106225
1648642854, 127, 761, 874, 693, 0, 8.02%, 82, 0, 8, 11.05, 106528
1648642864, 127, 761, 875, 694, 0, 8.02%, 82, 0, 8, 13.26, 106664
1648642874, 127, 761, 876, 695, 0, 8.02%, 82, 0, 8, 13.34, 106799
1648642890, 127, 761, 877, 696, 0, 8.02%, 82, 0, 8, 11.67, 106999
1648642900, 127, 772, 882, 700, 5, 8.02%, 82, 0, 8, 21.57, 107183
1648642905, 127, 772, 884, 702, 5, 8.02%, 82, 0, 8, 21.57, 107285
1648642910, 127, 772, 884, 702, 5, 8.02%, 83, 0, 8, 19.65, 107385
1648642931, 128, 674, 884, 701, 5, 8.02%, 83, 0, 8, 9.39, 107747
1648642976, 128, 750, 884, 701, 5, 8.02%, 83, 0, 8, 13.50, 108179
1648643002, 128, 798, 884, 700, 4, 8.02%, 83, 0, 8, 17.70, 108746
1648643063, 128, 869, 884, 700, 4, 8.02%, 83, 0, 8, 8.72, 109292
1648643068, 128, 869, 885, 701, 4, 8.03%, 83, 0, 8, 8.27, 109332
1648643115, 129, 803, 886, 701, 3, 8.03%, 84, 0, 8, 10.46, 109740
1648643135, 129, 803, 887, 702, 3, 8.03%, 84, 0, 8, 14.77, 110034
1648643145, 129, 813, 887, 702, 8, 8.03%, 85, 0, 8, 15.36, 110189
1648643151, 129, 813, 889, 704, 8, 8.03%, 92, 0, 8, 13.97, 110260
1648643161, 129, 813, 890, 705, 8, 8.03%, 93, 0, 8, 13.52, 110392
1648643176, 129, 813, 891, 706, 8, 8.03%, 94, 0, 8, 14.67, 110619
1648643192, 129, 821, 891, 705, 1, 8.03%, 94, 0, 8, 10.63, 110810
1648643238, 129, 883, 891, 705, 1, 8.03%, 94, 0, 8, 13.85, 111274
1648643273, 129, 883, 892, 706, 1, 8.03%, 94, 0, 8, 15.00, 111855
1648643289, 130, 828, 893, 706, 8, 8.03%, 94, 0, 8, 16.15, 112111
1648643294, 130, 828, 895, 708, 8, 8.03%, 94, 0, 8, 10.82, 112160
1648643299, 130, 828, 896, 709, 8, 8.03%, 94, 0, 8, 10.14, 112210
1648643325, 130, 828, 897, 710, 8, 8.03%, 94, 0, 8, 11.23, 112471
1648643340, 131, 766, 897, 709, 5, 8.03%, 94, 0, 8, 16.54, 112669
1648643355, 131, 766, 898, 710, 5, 8.04%, 94, 0, 8, 23.57, 113018
1648643366, 131, 829, 898, 710, 8, 8.04%, 94, 0, 8, 17.83, 113233
1648643391, 131, 829, 900, 712, 8, 8.04%, 94, 0, 8, 11.68, 113534
1648643407, 131, 838, 900, 711, 8, 8.04%, 94, 0, 8, 9.78, 113699
1648643437, 132, 766, 900, 710, 7, 8.04%, 94, 0, 8, 13.61, 114034
1648643458, 132, 860, 900, 710, 7, 8.04%, 94, 0, 8, 6.51, 114632
1648643489, 133, 796, 900, 709, 6, 8.04%, 94, 0, 8, 5.72, 114868
1648643519, 133, 833, 900, 709, 6, 8.04%, 94, 0, 8, 8.26, 115109
1648643565, 134, 832, 901, 709, 6, 8.04%, 94, 0, 8, 7.81, 115541
1648643641, 135, 0, 901, 708, 5, 8.04%, 94, 0, 8, 13.01, 116173
1648643657, 135, 835, 901, 708, 5, 8.04%, 94, 0, 8, 11.35, 116387
1648643693, 135, 835, 902, 709, 5, 8.04%, 94, 0, 8, 9.48, 116715
1648643698, 135, 835, 903, 710, 5, 8.04%, 94, 0, 8, 8.86, 116760
1648643718, 136, 404, 903, 709, 1, 8.04%, 94, 0, 8, 11.58, 116957
1648643734, 136, 404, 904, 710, 1, 8.04%, 94, 0, 8, 13.52, 117167
1648643744, 136, 836, 905, 710, 3, 8.05%, 94, 0, 8, 12.64, 117303
1648643749, 136, 836, 906, 711, 3, 8.05%, 94, 0, 8, 14.31, 117375
1648643754, 136, 836, 907, 712, 3, 8.05%, 94, 0, 8, 13.79, 117445
1648643785, 137, 726, 908, 712, 5, 8.05%, 94, 0, 8, 12.23, 117907
1648643837, 137, 862, 908, 711, 5, 8.05%, 94, 0, 8, 0.00, 118322
1648643872, 138, 750, 911, 714, 5, 8.05%, 94, 0, 8, 12.92, 118629
1648643877, 138, 750, 914, 717, 5, 8.05%, 94, 0, 8, 14.36, 118705
1648643893, 138, 750, 915, 718, 5, 8.05%, 94, 0, 8, 14.33, 118933
1648643898, 138, 750, 916, 719, 5, 8.05%, 94, 0, 8, 16.00, 119017
1648643903, 138, 750, 917, 720, 5, 8.05%, 94, 0, 8, 14.16, 119089
1648643918, 138, 866, 918, 721, 4, 8.05%, 94, 0, 8, 6.15, 119292
1648643949, 139, 869, 918, 720, 3, 8.05%, 94, 0, 8, 8.05, 119533
1648643959, 139, 869, 919, 721, 3, 8.05%, 94, 0, 8, 7.92, 119615
1648643989, 139, 869, 920, 722, 3, 8.05%, 94, 0, 8, 11.56, 119900
1648644005, 139, 876, 920, 722, 4, 8.05%, 94, 0, 8, 9.24, 120036
1648644010, 139, 876, 921, 723, 4, 8.05%, 94, 0, 8, 9.16, 120082
1648644051, 139, 883, 922, 723, 4, 8.05%, 94, 0, 8, 4.53, 120470
1648644087, 140, 585, 922, 723, 4, 8.05%, 94, 0, 8, 7.46, 120748
1648644092, 140, 585, 922, 723, 4, 8.05%, 95, 0, 8, 7.56, 120787
1648644123, 140, 889, 922, 723, 4, 8.05%, 95, 0, 8, 10.35, 121060
1648644128, 140, 889, 923, 724, 4, 8.05%, 98, 0, 8, 12.77, 121130
1648644133, 140, 889, 923, 724, 4, 8.05%, 99, 0, 8, 13.17, 121198
1648644149, 140, 889, 923, 724, 4, 8.05%, 100, 0, 8, 13.54, 121402
1648644159, 140, 889, 923, 724, 4, 8.05%, 101, 0, 8, 13.51, 121534
1648644169, 141, 821, 923, 723, 3, 8.05%, 101, 0, 8, 11.10, 121655
1648644211, 142, 817, 923, 723, 3, 8.05%, 101, 0, 8, 10.70, 122084
1648644242, 142, 817, 924, 724, 3, 8.05%, 101, 0, 8, 10.52, 122423
1648644262, 143, 753, 924, 723, 6, 8.05%, 101, 0, 8, 12.69, 122660
1648644288, 143, 753, 925, 724, 6, 8.05%, 101, 0, 8, 14.79, 123030
1648644303, 144, 655, 927, 725, 6, 8.05%, 101, 0, 8, 12.24, 123249
1648644308, 144, 655, 929, 727, 6, 8.05%, 101, 0, 8, 9.13, 123290
1648644334, 144, 655, 930, 728, 6, 8.05%, 101, 0, 8, 11.33, 123535
1648644354, 144, 655, 930, 728, 6, 8.05%, 102, 0, 8, 12.58, 123770
1648644365, 144, 895, 930, 727, 6, 8.05%, 102, 0, 8, 11.50, 123875
1648644401, 145, 718, 930, 726, 5, 8.05%, 102, 0, 8, 9.86, 124330
1648644447, 145, 883, 930, 726, 5, 8.05%, 102, 0, 8, 7.82, 124742
1648644478, 146, 829, 930, 726, 5, 8.05%, 102, 0, 8, 7.65, 124981
1648644483, 146, 829, 932, 728, 5, 8.05%, 102, 0, 8, 10.17, 125039
1648644509, 146, 829, 933, 729, 5, 8.05%, 103, 0, 8, 13.25, 125355
1648644520, 147, 763, 933, 729, 4, 8.05%, 103, 0, 8, 9.70, 125467
1648644545, 147, 763, 934, 730, 4, 8.10%, 103, 0, 8, 8.81, 125668
1648644586, 147, 899, 935, 731, 4, 8.10%, 103, 0, 8, 9.45, 126039
1648644591, 147, 899, 937, 733, 4, 8.10%, 103, 0, 8, 11.43, 126104
1648644596, 147, 899, 939, 735, 4, 8.10%, 103, 0, 8, 12.33, 126168
1648644607, 147, 899, 941, 737, 4, 8.10%, 103, 0, 8, 12.42, 126304
1648644612, 147, 899, 942, 738, 4, 8.10%, 103, 0, 8, 12.55, 126370
1648644627, 147, 899, 942, 738, 4, 8.10%, 104, 0, 8, 12.97, 126563
1648644632, 147, 899, 942, 738, 4, 8.10%, 105, 0, 8, 13.14, 126632
1648644638, 147, 899, 943, 739, 4, 8.10%, 105, 0, 8, 12.64, 126693
1648644648, 147, 899, 943, 738, 5, 8.10%, 105, 0, 8, 5.81, 126804
1648644679, 148, 886, 943, 738, 5, 8.10%, 105, 0, 8, 8.24, 127045
1648644689, 148, 886, 944, 739, 5, 8.10%, 105, 0, 8, 9.46, 127144
1648644735, 149, 835, 944, 738, 4, 8.10%, 105, 0, 8, 9.26, 127659
1648644786, 149, 835, 945, 739, 4, 8.10%, 105, 0, 8, 10.25, 128113
1648644802, 149, 868, 945, 739, 4, 8.10%, 105, 0, 8, 8.98, 128253
1648644848, 150, 866, 945, 738, 3, 8.10%, 105, 0, 8, 7.94, 128679
1648644878, 151, 1, 945, 738, 3, 8.10%, 105, 0, 8, 12.65, 128946
1648644894, 151, 866, 945, 738, 3, 8.10%, 105, 0, 8, 5.96, 129169
1648644960, 151, 906, 945, 738, 3, 8.10%, 105, 0, 8, 7.96, 129686
1648644991, 151, 906, 946, 739, 3, 8.11%, 105, 0, 8, 10.84, 129965
1648645016, 152, 766, 946, 738, 6, 8.11%, 105, 0, 8, 11.49, 130240
1648645067, 152, 906, 947, 739, 6, 8.11%, 105, 0, 8, 11.74, 130819
1648645077, 152, 906, 947, 739, 6, 8.11%, 106, 0, 8, 12.84, 130947
1648645113, 153, 818, 947, 739, 6, 8.11%, 107, 0, 8, 12.49, 131395
1648645169, 153, 829, 947, 738, 5, 8.11%, 107, 0, 8, 9.32, 131993
1648645179, 153, 829, 948, 739, 5, 8.11%, 107, 0, 8, 11.01, 132089
1648645185, 153, 829, 948, 739, 5, 8.11%, 108, 0, 8, 8.87, 132130
1648645221, 153, 918, 948, 739, 6, 8.11%, 108, 0, 8, 9.26, 132447
1648645226, 153, 918, 949, 740, 6, 8.11%, 108, 0, 9, 8.38, 132487
1648645287, 153, 918, 949, 740, 6, 8.11%, 109, 0, 9, 9.81, 133049
1648645292, 154, 15, 949, 739, 0, 8.11%, 109, 0, 9, 10.46, 133101
1648645303, 154, 15, 950, 740, 0, 8.11%, 109, 0, 9, 15.24, 133263
1648645313, 154, 21, 950, 739, 0, 8.11%, 109, 0, 9, 17.35, 133430
1648645328, 154, 838, 950, 738, 0, 8.11%, 109, 0, 9, 5.59, 133649
1648645384, 155, 22, 950, 738, 0, 8.11%, 109, 0, 9, 12.53, 134112
1648645399, 155, 885, 951, 738, 0, 8.11%, 109, 0, 9, 18.20, 134340
1648645430, 155, 885, 952, 739, 0, 8.11%, 109, 0, 9, 15.18, 134793
1648645440, 155, 933, 952, 738, 5, 8.11%, 109, 0, 9, 13.96, 134941
1648645445, 155, 933, 953, 739, 5, 8.11%, 109, 0, 9, 11.26, 134992
1648645461, 155, 933, 955, 741, 5, 8.12%, 109, 0, 9, 9.73, 135150
1648645466, 155, 933, 956, 742, 5, 8.12%, 109, 0, 9, 10.84, 135205
1648645476, 155, 933, 957, 743, 5, 8.12%, 109, 0, 9, 12.06, 135325
1648645482, 155, 933, 958, 744, 5, 8.12%, 109, 0, 9, 11.55, 135383
1648645487, 156, 821, 958, 743, 4, 8.12%, 109, 0, 9, 7.92, 135431
1648645517, 156, 920, 958, 743, 4, 8.12%, 109, 0, 9, 12.64, 135688
1648645522, 156, 920, 959, 744, 4, 8.12%, 109, 0, 9, 30.00, 135868
1648645527, 156, 920, 960, 745, 4, 8.12%, 109, 0, 9, 33.19, 136041
1648645532, 157, 766, 960, 744, 3, 8.12%, 109, 0, 9, 7.99, 136151
1648645578, 157, 766, 961, 745, 3, 8.12%, 109, 0, 9, 11.29, 136687
1648645583, 157, 859, 961, 745, 4, 8.12%, 109, 0, 9, 8.82, 136728
1648645645, 157, 859, 963, 747, 4, 8.12%, 109, 0, 9, 10.02, 137297
1648645651, 157, 939, 963, 746, 6, 8.12%, 109, 0, 9, 6.34, 137334
1648645681, 158, 766, 963, 745, 6, 8.12%, 109, 0, 9, 10.01, 137584
1648645723, 158, 766, 963, 745, 6, 8.12%, 110, 0, 9, 12.68, 138063
1648645728, 158, 766, 964, 746, 6, 8.12%, 110, 0, 9, 12.19, 138121
1648645733, 158, 906, 964, 746, 5, 8.12%, 110, 0, 9, 7.74, 138164
1648645764, 159, 848, 965, 747, 5, 8.12%, 110, 0, 9, 7.99, 138404
1648645769, 159, 848, 966, 748, 5, 8.12%, 110, 0, 9, 9.03, 138452
1648645795, 159, 848, 967, 749, 5, 8.12%, 110, 0, 9, 10.53, 138707
1648645810, 160, 835, 968, 749, 4, 8.12%, 110, 0, 9, 9.36, 138858
1648645825, 160, 835, 969, 750, 4, 8.12%, 110, 0, 9, 12.39, 139060
1648645856, 160, 942, 969, 750, 6, 8.12%, 110, 0, 9, 7.59, 139472
1648645887, 161, 766, 969, 749, 5, 8.12%, 110, 0, 9, 8.62, 139715
1648645939, 161, 945, 969, 749, 5, 8.12%, 110, 0, 9, 10.16, 140304
1648645959, 161, 952, 971, 750, 4, 8.12%, 110, 0, 9, 10.04, 140481
1648645964, 161, 952, 973, 752, 4, 8.12%, 110, 0, 9, 9.99, 140534
1648645995, 161, 952, 973, 752, 4, 8.12%, 111, 0, 9, 12.78, 140901
1648646016, 162, 28, 973, 751, 0, 8.12%, 111, 0, 9, 14.54, 141174
1648646036, 162, 928, 973, 750, 0, 8.12%, 111, 0, 9, 5.98, 141436
1648646067, 162, 953, 973, 749, 0, 8.12%, 111, 0, 9, 7.84, 141676
1648646093, 162, 953, 974, 750, 0, 8.12%, 111, 0, 9, 7.61, 141875
1648646119, 162, 953, 975, 751, 0, 8.12%, 111, 0, 9, 9.75, 142140
1648646124, 162, 953, 976, 752, 0, 8.12%, 111, 0, 9, 10.77, 142196
1648646129, 162, 953, 976, 752, 0, 8.12%, 112, 0, 9, 10.48, 142253
1648646139, 162, 969, 976, 751, 6, 8.12%, 112, 0, 9, 10.32, 142351
1648646144, 162, 969, 978, 753, 6, 8.12%, 112, 0, 10, 12.08, 142416
1648646154, 162, 969, 979, 754, 6, 8.12%, 112, 0, 10, 13.01, 142545
1648646206, 163, 892, 980, 754, 6, 8.12%, 112, 0, 10, 14.65, 143267
1648646231, 163, 892, 981, 755, 6, 8.12%, 112, 0, 10, 14.76, 143635
1648646247, 163, 892, 982, 756, 6, 8.12%, 112, 0, 10, 13.74, 143854
1648646267, 163, 973, 983, 756, 2, 8.12%, 112, 0, 10, 15.81, 144156
1648646298, 164, 796, 983, 755, 6, 8.12%, 112, 0, 10, 6.64, 144831
1648646328, 164, 906, 984, 756, 6, 8.12%, 112, 0, 10, 6.92, 145076
1648646369, 164, 906, 985, 757, 6, 8.12%, 112, 0, 10, 12.77, 145606
1648646374, 165, 419, 985, 757, 2, 8.12%, 112, 0, 10, 12.61, 145674
1648646431, 165, 972, 986, 758, 2, 8.12%, 112, 0, 10, 11.76, 146167
1648646441, 165, 972, 987, 759, 2, 8.12%, 112, 0, 10, 13.06, 146301
1648646482, 166, 841, 987, 758, 4, 8.12%, 112, 0, 10, 12.75, 146844
1648646507, 167, 56, 987, 757, 3, 8.12%, 112, 0, 10, 11.22, 147142
1648646533, 167, 669, 987, 756, 3, 8.12%, 112, 0, 10, 12.91, 147447
1648646574, 167, 906, 987, 756, 3, 8.12%, 112, 0, 10, 5.75, 148005
1648646605, 167, 976, 988, 757, 3, 8.12%, 112, 0, 11, 8.44, 148247
1648646635, 167, 976, 989, 758, 3, 8.12%, 112, 0, 11, 10.98, 148592
1648646640, 167, 976, 991, 760, 3, 8.12%, 112, 0, 11, 12.45, 148654
1648646656, 167, 976, 993, 762, 3, 8.12%, 113, 0, 11, 13.98, 148873
1648646661, 167, 976, 993, 762, 3, 8.12%, 114, 0, 11, 12.93, 148937
1648646671, 167, 976, 994, 763, 3, 8.12%, 114, 0, 11, 11.82, 149057
1648646676, 167, 976, 995, 764, 3, 8.12%, 114, 0, 11, 12.07, 149119
1648646681, 168, 57, 995, 763, 0, 8.12%, 114, 0, 11, 13.48, 149190
1648646706, 168, 843, 995, 762, 0, 8.12%, 114, 0, 11, 6.64, 149479
1648646737, 169, 814, 995, 761, 0, 8.12%, 114, 0, 11, 10.16, 149730
1648646772, 169, 814, 997, 763, 0, 8.12%, 114, 0, 11, 12.22, 150189
1648646782, 170, 58, 997, 762, 0, 8.12%, 114, 0, 11, 13.37, 150320
1648646803, 170, 815, 997, 761, 0, 8.12%, 114, 0, 11, 5.55, 150572
1648646833, 171, 686, 997, 760, 0, 8.12%, 114, 0, 11, 8.25, 150814
1648646884, 171, 977, 997, 759, 0, 8.12%, 114, 0, 11, 10.95, 151408
1648646910, 171, 977, 998, 760, 0, 8.13%, 114, 0, 11, 12.82, 151692
1648646941, 172, 60, 998, 759, 0, 8.13%, 114, 0, 11, 13.75, 152077
1648646956, 172, 978, 998, 758, 0, 8.13%, 114, 0, 11, 7.78, 152315
1648646987, 173, 715, 998, 757, 0, 8.13%, 114, 0, 11, 7.72, 152556
1648647039, 173, 823, 998, 756, 0, 8.13%, 114, 0, 11, 10.40, 153176
1648647095, 173, 861, 998, 755, 0, 8.13%, 114, 0, 11, 8.40, 153734
1648647147, 174, 61, 998, 755, 0, 8.13%, 114, 0, 11, 9.28, 154174
1648647172, 174, 921, 998, 754, 0, 8.13%, 114, 0, 11, 9.95, 154446
1648647177, 174, 921, 998, 754, 0, 8.13%, 115, 0, 11, 9.46, 154494
1648647213, 175, 108, 999, 754, 0, 8.13%, 115, 0, 11, 13.58, 154902
1648647234, 175, 824, 999, 753, 0, 8.13%, 115, 0, 11, 7.97, 155148
1648647264, 176, 926, 999, 752, 0, 8.13%, 115, 0, 11, 5.36, 155385
1648647295, 177, 825, 999, 751, 0, 8.13%, 115, 0, 11, 0.00, 155622
1648647330, 177, 828, 999, 750, 0, 8.13%, 115, 0, 11, 11.08, 155919
1648647361, 177, 837, 999, 750, 0, 8.13%, 115, 0, 11, 5.07, 156323
1648647396, 177, 895, 999, 749, 0, 8.13%, 115, 0, 11, 8.75, 156607
1648647401, 177, 895, 1000, 750, 0, 8.13%, 115, 0, 11, 8.34, 156649
1648647417, 177, 895, 1001, 751, 0, 8.13%, 115, 0, 11, 9.75, 156782
1648647442, 177, 903, 1001, 751, 5, 8.13%, 115, 0, 11, 9.76, 157025
1648647473, 178, 402, 1001, 750, 4, 8.13%, 115, 0, 11, 11.57, 157392
1648647503, 178, 984, 1001, 749, 4, 8.13%, 115, 0, 11, 6.40, 157735
1648647534, 179, 848, 1001, 748, 3, 8.13%, 115, 0, 11, 5.43, 157970
1648647565, 180, 866, 1001, 748, 3, 8.13%, 115, 0, 11, 0.00, 158207
1648647600, 180, 986, 1001, 748, 3, 8.13%, 115, 0, 11, 5.87, 158482
1648647631, 181, 942, 1001, 747, 2, 8.13%, 115, 0, 11, 4.42, 158718
1648647667, 182, 461, 1002, 748, 2, 8.13%, 115, 0, 11, 10.06, 159013
1648647688, 182, 461, 1003, 749, 2, 8.13%, 115, 0, 11, 9.83, 159234
1648647698, 182, 851, 1003, 748, 2, 8.13%, 115, 0, 11, 7.88, 159328
1648647728, 183, 848, 1003, 747, 1, 8.13%, 115, 0, 11, 4.27, 159565
1648647764, 183, 942, 1003, 747, 1, 8.13%, 115, 0, 11, 6.00, 159841
1648647795, 184, 540, 1003, 747, 1, 8.13%, 115, 0, 11, 10.76, 160094
1648647810, 184, 540, 1004, 748, 1, 8.13%, 115, 0, 11, 13.45, 160309
1648647820, 184, 848, 1004, 747, 7, 8.13%, 115, 0, 11, 5.38, 160431
1648647850, 184, 889, 1004, 747, 7, 8.13%, 116, 0, 11, 8.47, 160673
1648647856, 184, 889, 1005, 748, 7, 8.13%, 120, 0, 11, 13.46, 160752
1648647861, 184, 889, 1005, 748, 7, 8.13%, 122, 0, 11, 13.95, 160824
1648647866, 184, 889, 1005, 748, 7, 8.13%, 123, 0, 11, 13.54, 160895
1648647886, 184, 889, 1005, 748, 7, 8.13%, 124, 0, 11, 12.82, 161163
1648647897, 184, 992, 1005, 748, 7, 8.13%, 124, 0, 11, 13.79, 161308
1648647902, 184, 992, 1007, 750, 7, 8.13%, 124, 0, 12, 13.42, 161376
1648647917, 184, 992, 1008, 751, 7, 8.13%, 124, 0, 12, 5.72, 161586
1648647989, 185, 943, 1008, 750, 4, 8.13%, 124, 0, 12, 4.02, 162142
1648648024, 186, 886, 1008, 749, 3, 8.13%, 124, 0, 12, 6.05, 162418
1648648055, 187, 443, 1008, 749, 3, 8.13%, 124, 0, 12, 8.36, 162660
1648648091, 187, 947, 1008, 748, 3, 8.13%, 124, 0, 12, 9.08, 163023
1648648096, 187, 947, 1009, 749, 3, 8.13%, 124, 0, 12, 8.24, 163064
1648648157, 188, 897, 1009, 748, 2, 8.13%, 124, 0, 12, 25.75, 163692
1648648173, 188, 999, 1009, 747, 1, 8.13%, 124, 0, 12, 7.03, 164172
1648648188, 188, 999, 1010, 748, 1, 8.13%, 124, 0, 12, 9.13, 164305
1648648245, 188, 1009, 1010, 747, 3, 8.13%, 124, 0, 12, 9.62, 164823
1648648343, 189, 848, 1010, 746, 2, 8.13%, 124, 0, 12, 6.15, 165713
1648648373, 189, 993, 1010, 746, 2, 8.13%, 124, 0, 12, 4.86, 165949
1648648409, 190, 674, 1010, 745, 1, 8.13%, 124, 0, 12, 8.93, 166237
1648648445, 191, 0, 1010, 745, 1, 8.13%, 124, 0, 12, 12.23, 166607
1648648460, 191, 141, 1010, 745, 1, 8.13%, 124, 0, 12, 15.67, 166856
1648648466, 191, 141, 1011, 746, 1, 8.13%, 124, 0, 12, 11.83, 166914
1648648486, 191, 623, 1011, 745, 1, 8.13%, 124, 0, 12, 8.07, 167138
1648648517, 191, 929, 1011, 745, 1, 8.13%, 124, 0, 12, 9.60, 167388
1648648552, 192, 567, 1011, 744, 0, 8.13%, 124, 0, 12, 14.30, 167964
1648648568, 192, 567, 1012, 745, 0, 8.13%, 124, 0, 12, 9.84, 168111
1648648583, 192, 678, 1012, 744, 0, 8.13%, 124, 0, 12, 11.19, 168280
1648648644, 192, 1004, 1012, 743, 0, 8.13%, 127, 0, 12, 10.77, 168831
1648648649, 192, 1004, 1012, 743, 0, 8.13%, 129, 0, 12, 12.70, 168899
1648648655, 192, 1004, 1012, 743, 0, 8.13%, 130, 0, 12, 12.82, 168964
1648648670, 192, 1005, 1012, 743, 0, 8.13%, 130, 0, 12, 12.30, 169154
1648648695, 192, 1005, 1013, 744, 0, 8.13%, 130, 0, 13, 14.56, 169480
1648648751, 193, 848, 1013, 743, 7, 8.13%, 130, 0, 13, 7.98, 169994
1648648787, 193, 1006, 1013, 743, 7, 8.13%, 130, 0, 13, 7.97, 170276
1648648869, 194, 742, 1013, 742, 6, 8.13%, 131, 0, 13, 8.35, 170920
1648648894, 194, 742, 1013, 742, 6, 8.13%, 132, 0, 13, 9.07, 171138
1648648925, 195, 918, 1014, 743, 6, 8.13%, 132, 0, 13, 22.64, 171495
1648648945, 196, 848, 1014, 743, 7, 8.13%, 132, 0, 13, 7.89, 172053
1648648981, 197, 584, 1014, 743, 7, 8.13%, 132, 0, 13, 9.50, 172343
1648649006, 197, 779, 1014, 742, 7, 8.13%, 132, 0, 13, 12.41, 172659
1648649052, 197, 848, 1014, 741, 7, 8.13%, 132, 0, 13, 6.01, 173189
1648649083, 198, 802, 1014, 741, 7, 8.13%, 132, 0, 13, 8.94, 173434
1648649129, 198, 848, 1014, 740, 7, 8.13%, 132, 0, 13, 7.91, 173940
1648649159, 198, 1011, 1014, 740, 7, 8.13%, 132, 0, 13, 7.68, 174179
1648649211, 199, 0, 1014, 739, 6, 8.13%, 132, 0, 13, 14.24, 174682
1648649227, 199, 669, 1014, 739, 6, 8.13%, 132, 0, 13, 11.45, 174906
1648649284, 199, 699, 1014, 739, 6, 8.13%, 132, 0, 13, 10.04, 175477
1648649335, 199, 718, 1014, 738, 6, 8.13%, 132, 0, 13, 9.66, 176058
1648649381, 199, 848, 1014, 738, 6, 8.13%, 132, 0, 13, 9.15, 176469
1648649416, 200, 821, 1014, 738, 6, 8.13%, 132, 0, 13, 8.06, 176748
1648649463, 201, 1, 1014, 738, 6, 8.13%, 132, 0, 13, 13.58, 177200
1648649478, 201, 822, 1014, 738, 6, 8.13%, 132, 0, 13, 12.09, 177415
1648649529, 201, 862, 1014, 737, 5, 8.13%, 132, 0, 13, 8.93, 177855
1648649586, 201, 931, 1014, 737, 5, 8.13%, 132, 0, 13, 10.19, 178368
1648649632, 203, 2, 1014, 736, 4, 8.13%, 132, 0, 13, 13.12, 178927
