# unix_time, cycles_done, cur_path, paths_total, pending_total, pending_favs, map_size, unique_crashes, unique_hangs, max_depth, execs_per_sec, total_execs
1648633560, 0, 0, 8, 8, 7, 6.96%, 0, 0, 2, 19.42, 281
1648633565, 0, 0, 14, 14, 7, 7.04%, 0, 0, 2, 18.00, 381
1648633570, 0, 0, 18, 18, 7, 7.06%, 0, 0, 2, 17.71, 460
1648633575, 0, 0, 20, 20, 7, 7.07%, 0, 0, 2, 18.20, 552
1648633581, 0, 0, 30, 30, 7, 7.09%, 0, 0, 2, 18.69, 648
1648633586, 0, 0, 35, 35, 7, 7.22%, 0, 0, 2, 18.60, 756
1648633591, 0, 0, 43, 43, 7, 7.23%, 0, 0, 2, 16.30, 834
1648633596, 0, 0, 51, 51, 7, 7.26%, 0, 0, 2, 14.62, 908
1648633601, 0, 0, 56, 56, 7, 7.27%, 0, 0, 2, 16.10, 993
1648633606, 0, 0, 60, 60, 7, 7.28%, 0, 0, 2, 14.96, 1066
1648633612, 0, 0, 67, 67, 7, 7.28%, 0, 0, 2, 13.72, 1132
1648633617, 0, 0, 73, 73, 7, 7.29%, 0, 0, 2, 14.28, 1205
1648633622, 0, 0, 79, 79, 7, 7.29%, 0, 0, 2, 13.09, 1269
1648633627, 0, 0, 86, 86, 7, 7.29%, 0, 0, 2, 14.13, 1345
1648633632, 0, 0, 91, 91, 7, 7.29%, 0, 0, 2, 16.42, 1434
1648633637, 0, 0, 98, 98, 7, 7.29%, 0, 0, 2, 13.63, 1502
1648633643, 0, 0, 104, 104, 7, 7.29%, 0, 0, 2, 13.07, 1567
1648633648, 0, 0, 110, 110, 7, 7.31%, 0, 0, 2, 13.55, 1641
1648633653, 0, 0, 111, 111, 7, 7.32%, 0, 0, 2, 12.81, 1708
1648633658, 0, 0, 116, 116, 7, 7.32%, 0, 0, 2, 12.55, 1771
1648633663, 0, 0, 122, 122, 7, 7.33%, 0, 0, 2, 13.41, 1838
1648633669, 0, 0, 129, 128, 4, 7.34%, 0, 0, 2, 11.90, 1916
1648633674, 0, 0, 133, 132, 4, 7.34%, 0, 0, 2, 18.46, 2009
1648633679, 0, 0, 138, 137, 4, 7.35%, 0, 0, 2, 13.74, 2073
1648633684, 0, 0, 143, 142, 4, 7.35%, 0, 0, 2, 11.38, 2130
1648633689, 0, 0, 145, 144, 4, 7.35%, 0, 0, 2, 13.07, 2200
1648633694, 0, 0, 148, 147, 4, 7.35%, 0, 0, 2, 12.43, 2264
1648633699, 0, 0, 154, 153, 4, 7.35%, 0, 0, 2, 12.26, 2328
1648633704, 0, 0, 159, 158, 4, 7.35%, 0, 0, 2, 11.52, 2387
1648633709, 0, 0, 162, 161, 4, 7.35%, 0, 0, 2, 12.05, 2446
1648633714, 0, 0, 165, 164, 4, 7.35%, 0, 0, 2, 13.58, 2517
1648633720, 0, 0, 170, 169, 4, 7.36%, 0, 0, 2, 13.28, 2583
1648633725, 0, 0, 173, 172, 4, 7.36%, 0, 0, 2, 13.56, 2654
1648633730, 0, 0, 178, 177, 4, 7.37%, 0, 0, 2, 11.89, 2714
1648633735, 0, 0, 180, 179, 4, 7.37%, 0, 0, 2, 12.51, 2777
1648633740, 0, 0, 183, 182, 4, 7.37%, 0, 0, 2, 13.34, 2846
1648633745, 0, 0, 185, 184, 4, 7.37%, 0, 0, 2, 13.45, 2914
1648633750, 0, 106, 189, 188, 4, 7.37%, 0, 0, 3, 12.58, 2977
1648633756, 0, 106, 194, 193, 4, 7.37%, 0, 0, 3, 17.53, 3080
1648633761, 0, 106, 196, 195, 4, 7.37%, 0, 0, 3, 17.69, 3174
1648633766, 0, 106, 200, 199, 4, 7.37%, 0, 0, 3, 15.86, 3255
1648633771, 0, 106, 203, 202, 4, 7.37%, 0, 0, 3, 15.43, 3332
1648633776, 0, 137, 205, 203, 0, 7.37%, 0, 0, 3, 13.83, 3406
1648633781, 0, 137, 206, 204, 0, 7.37%, 0, 0, 3, 14.05, 3477
1648633786, 0, 137, 208, 206, 0, 7.37%, 0, 0, 3, 13.82, 3545
1648633792, 0, 137, 211, 209, 0, 7.37%, 0, 0, 3, 12.68, 3608
1648633797, 0, 137, 214, 212, 0, 7.37%, 0, 0, 3, 12.16, 3673
1648633802, 1, 68, 217, 214, 0, 7.37%, 0, 0, 3, 12.97, 3739
1648633807, 1, 68, 219, 216, 0, 7.37%, 0, 0, 3, 14.95, 3820
1648633812, 1, 68, 222, 219, 0, 7.37%, 0, 0, 3, 13.62, 3888
1648633817, 1, 68, 225, 222, 0, 7.37%, 0, 0, 3, 13.90, 3960
1648633822, 1, 68, 227, 224, 0, 7.37%, 0, 0, 3, 12.69, 4022
1648633827, 2, 40, 230, 226, 0, 7.38%, 0, 0, 3, 14.96, 4102
1648633832, 2, 40, 231, 227, 0, 7.38%, 0, 0, 3, 13.16, 4163
1648633837, 2, 40, 232, 228, 0, 7.38%, 0, 0, 3, 13.19, 4229
1648633843, 2, 40, 233, 229, 0, 7.38%, 0, 0, 3, 13.04, 4294
1648633853, 3, 1, 237, 232, 13, 7.38%, 0, 0, 3, 13.84, 4431
1648633858, 3, 1, 240, 235, 13, 7.38%, 0, 0, 3, 13.96, 4501
1648633863, 3, 1, 244, 239, 13, 7.38%, 0, 0, 3, 13.00, 4567
1648633868, 3, 1, 246, 241, 13, 7.38%, 0, 0, 3, 14.87, 4641
1648633873, 3, 1, 248, 243, 13, 7.38%, 0, 0, 3, 13.23, 4708
1648633879, 3, 1, 251, 246, 13, 7.38%, 0, 0, 3, 13.92, 4785
1648633884, 3, 1, 252, 246, 6, 7.38%, 0, 0, 3, 15.20, 4863
1648633889, 3, 1, 253, 247, 6, 7.38%, 0, 0, 3, 15.22, 4942
1648633894, 3, 1, 255, 249, 6, 7.38%, 0, 0, 3, 12.89, 5007
1648633899, 3, 1, 256, 250, 6, 7.38%, 0, 0, 3, 14.12, 5078
1648633904, 3, 1, 259, 253, 4, 7.38%, 0, 0, 3, 15.05, 5156
1648633909, 3, 1, 263, 257, 4, 7.38%, 0, 0, 3, 14.25, 5224
1648633915, 3, 1, 265, 259, 4, 7.38%, 0, 0, 3, 14.87, 5302
1648633920, 3, 1, 267, 261, 4, 7.38%, 0, 0, 3, 13.91, 5373
1648633925, 3, 1, 268, 262, 4, 7.38%, 0, 0, 3, 14.17, 5445
1648633930, 3, 160, 268, 262, 3, 7.38%, 0, 0, 3, 23.19, 5572
1648633940, 3, 204, 269, 262, 2, 7.38%, 0, 0, 4, 13.46, 5752
1648633945, 3, 204, 270, 263, 2, 7.38%, 0, 0, 4, 10.77, 5801
1648633950, 3, 204, 273, 266, 2, 7.39%, 0, 0, 4, 11.20, 5858
1648633955, 3, 204, 275, 268, 2, 7.39%, 0, 0, 4, 10.73, 5909
1648633961, 3, 204, 278, 271, 2, 7.39%, 0, 0, 4, 9.91, 5956
1648633966, 3, 204, 281, 274, 2, 7.39%, 0, 0, 4, 9.41, 6005
1648633971, 3, 204, 284, 277, 2, 7.39%, 0, 0, 4, 9.17, 6052
1648633976, 3, 204, 286, 279, 2, 7.39%, 0, 0, 4, 9.36, 6101
1648633981, 3, 204, 288, 281, 2, 7.39%, 0, 0, 4, 9.42, 6150
1648633986, 3, 204, 292, 285, 2, 7.39%, 1, 0, 4, 9.95, 6202
1648633991, 4, 120, 293, 285, 2, 7.39%, 1, 0, 4, 12.41, 6270
1648633996, 4, 120, 295, 287, 2, 7.39%, 1, 0, 4, 13.77, 6344
1648634001, 4, 120, 296, 288, 2, 7.39%, 1, 0, 4, 14.56, 6419
1648634006, 4, 120, 298, 290, 2, 7.39%, 1, 0, 4, 14.21, 6494
1648634011, 4, 121, 298, 289, 2, 7.39%, 1, 0, 4, 11.42, 6547
1648634017, 4, 121, 299, 290, 2, 7.39%, 1, 0, 4, 9.56, 6592
1648634042, 5, 2, 301, 291, 11, 7.39%, 1, 0, 4, 12.38, 6846
1648634047, 5, 2, 302, 292, 11, 7.39%, 1, 0, 4, 12.82, 6914
1648634052, 5, 2, 303, 293, 11, 7.39%, 1, 0, 4, 12.08, 6974
1648634062, 5, 2, 306, 296, 11, 7.39%, 1, 0, 4, 11.60, 7097
1648634067, 5, 2, 309, 298, 4, 7.39%, 1, 0, 4, 0.00, 7155
1648634073, 5, 2, 310, 299, 4, 7.39%, 2, 0, 4, 11.78, 7229
1648634078, 5, 2, 311, 300, 4, 7.39%, 2, 0, 4, 11.65, 7292
1648634083, 5, 2, 313, 302, 4, 7.39%, 2, 0, 4, 11.70, 7355
1648634088, 5, 2, 314, 303, 4, 7.39%, 2, 0, 4, 11.67, 7417
1648634093, 5, 2, 315, 304, 2, 7.39%, 2, 0, 4, 13.05, 7485
1648634098, 5, 2, 317, 306, 2, 7.39%, 2, 0, 4, 13.13, 7553
1648634109, 5, 2, 320, 309, 2, 7.41%, 2, 0, 4, 11.15, 7677
1648634114, 5, 2, 321, 310, 2, 7.41%, 2, 0, 4, 11.58, 7736
1648634119, 5, 2, 323, 312, 2, 7.41%, 2, 0, 4, 11.12, 7795
1648634124, 5, 2, 325, 314, 2, 7.41%, 2, 0, 4, 11.54, 7852
1648634129, 5, 2, 327, 316, 2, 7.41%, 2, 0, 4, 11.60, 7914
1648634134, 5, 2, 329, 318, 2, 7.41%, 2, 0, 4, 11.07, 7970
1648634139, 5, 2, 332, 321, 2, 7.41%, 2, 0, 4, 10.57, 8023
1648634150, 5, 2, 334, 323, 2, 7.42%, 2, 0, 4, 12.06, 8146
1648634155, 5, 168, 334, 323, 2, 7.42%, 2, 0, 4, 10.61, 8198
1648634160, 5, 168, 335, 324, 2, 7.42%, 2, 0, 4, 9.81, 8247
1648634165, 5, 168, 336, 325, 2, 7.42%, 2, 0, 4, 9.56, 8296
1648634170, 5, 168, 338, 327, 2, 7.42%, 2, 0, 4, 9.01, 8342
1648634175, 5, 168, 341, 330, 2, 7.42%, 2, 0, 4, 9.06, 8388
1648634181, 5, 168, 342, 331, 2, 7.42%, 2, 0, 4, 9.22, 8435
1648634186, 5, 168, 343, 332, 2, 7.42%, 2, 0, 4, 9.23, 8484
1648634191, 5, 211, 343, 331, 10, 7.42%, 2, 0, 4, 9.46, 8534
1648634196, 5, 211, 344, 332, 10, 7.42%, 2, 0, 4, 9.44, 8584
1648634201, 5, 211, 346, 334, 10, 7.43%, 2, 0, 4, 10.55, 8641
1648634207, 5, 211, 347, 335, 10, 7.43%, 2, 0, 4, 10.04, 8689
1648634212, 5, 211, 351, 339, 10, 7.43%, 2, 0, 4, 11.29, 8749
1648634217, 5, 211, 353, 341, 10, 7.43%, 2, 0, 4, 11.19, 8806
1648634222, 5, 227, 353, 340, 2, 7.43%, 2, 0, 4, 12.02, 8866
1648634227, 5, 227, 354, 341, 2, 7.43%, 2, 0, 4, 12.18, 8931
1648634232, 5, 227, 356, 343, 2, 7.43%, 2, 0, 4, 11.53, 8988
1648634237, 5, 227, 357, 344, 2, 7.43%, 2, 0, 4, 11.38, 9046
1648634242, 5, 227, 358, 345, 2, 7.43%, 2, 0, 4, 11.41, 9109
1648634248, 5, 227, 359, 346, 2, 7.43%, 2, 0, 4, 11.98, 9171
1648634253, 5, 232, 360, 346, 1, 7.43%, 2, 0, 4, 10.96, 9226
1648634263, 5, 232, 361, 347, 1, 7.43%, 2, 0, 4, 9.59, 9326
1648634268, 5, 232, 362, 348, 1, 7.43%, 2, 0, 4, 9.01, 9371
1648634283, 6, 3, 363, 348, 11, 7.43%, 2, 0, 4, 12.15, 9534
1648634294, 6, 3, 364, 349, 11, 7.43%, 2, 0, 4, 13.49, 9671
1648634299, 6, 3, 365, 350, 11, 7.43%, 2, 0, 4, 13.87, 9738
1648634304, 6, 3, 367, 351, 6, 7.43%, 2, 0, 4, 13.89, 9806
1648634309, 6, 3, 370, 354, 6, 7.43%, 2, 0, 4, 13.31, 9876
1648634324, 7, 2, 370, 354, 3, 7.43%, 2, 0, 4, 14.28, 10104
1648634329, 7, 2, 373, 357, 3, 7.43%, 2, 0, 4, 11.40, 10157
1648634335, 7, 2, 375, 359, 3, 7.43%, 2, 0, 4, 11.73, 10219
1648634340, 7, 2, 377, 361, 3, 7.46%, 2, 0, 4, 14.18, 10290
1648634345, 7, 2, 378, 362, 3, 7.46%, 2, 0, 4, 12.92, 10360
1648634355, 7, 3, 381, 365, 4, 7.46%, 2, 0, 4, 11.45, 10491
1648634360, 7, 3, 382, 366, 4, 7.46%, 2, 0, 4, 11.99, 10553
1648634365, 7, 3, 384, 368, 4, 7.46%, 2, 0, 4, 14.09, 10631
1648634376, 7, 3, 386, 370, 4, 7.46%, 2, 0, 4, 13.75, 10763
1648634381, 7, 212, 388, 372, 2, 7.46%, 2, 0, 4, 15.45, 10843
1648634391, 7, 212, 390, 374, 2, 7.46%, 3, 0, 4, 15.85, 11002
1648634396, 7, 236, 390, 373, 9, 7.46%, 3, 0, 4, 19.01, 11096
1648634411, 8, 236, 390, 372, 8, 7.46%, 3, 0, 4, 14.29, 11399
1648634416, 8, 236, 391, 373, 8, 7.46%, 3, 0, 4, 10.22, 11445
1648634427, 8, 236, 392, 374, 8, 7.46%, 3, 0, 4, 9.19, 11540
1648634442, 9, 4, 394, 376, 9, 7.46%, 3, 0, 4, 10.07, 11688
1648634447, 9, 4, 397, 379, 9, 7.46%, 3, 0, 4, 13.40, 11760
1648634453, 9, 4, 399, 381, 9, 7.47%, 3, 0, 4, 14.74, 11836
1648634458, 9, 4, 400, 382, 9, 7.47%, 3, 0, 4, 14.99, 11920
1648634468, 9, 4, 402, 383, 6, 7.47%, 3, 0, 4, 13.12, 12053
1648634473, 9, 4, 405, 386, 6, 7.47%, 3, 0, 4, 12.12, 12116
1648634478, 9, 4, 406, 387, 6, 7.47%, 3, 0, 4, 13.69, 12187
1648634483, 9, 4, 408, 389, 6, 7.50%, 3, 0, 4, 12.74, 12247
1648634488, 9, 4, 410, 391, 6, 7.50%, 3, 0, 4, 12.34, 12313
1648634493, 10, 3, 411, 392, 4, 7.50%, 3, 0, 4, 0.00, 12375
1648634498, 10, 3, 412, 393, 4, 7.51%, 3, 0, 4, 12.34, 12447
1648634509, 10, 3, 414, 395, 4, 7.51%, 3, 0, 4, 15.31, 12594
1648634514, 10, 4, 416, 397, 4, 7.56%, 3, 0, 4, 13.58, 12663
1648634519, 10, 4, 420, 401, 4, 7.58%, 3, 0, 4, 13.95, 12739
1648634524, 10, 4, 421, 402, 4, 7.58%, 3, 0, 4, 12.76, 12801
1648634529, 10, 4, 422, 403, 4, 7.58%, 3, 0, 4, 12.09, 12864
1648634534, 10, 4, 423, 404, 4, 7.58%, 3, 0, 4, 11.06, 12919
1648634539, 10, 4, 425, 406, 4, 7.58%, 3, 0, 4, 11.06, 12975
1648634544, 10, 294, 426, 407, 1, 7.58%, 3, 0, 4, 10.88, 13033
1648634549, 10, 294, 427, 408, 1, 7.58%, 3, 0, 4, 13.05, 13103
1648634554, 10, 294, 428, 409, 1, 7.58%, 3, 0, 4, 13.25, 13171
1648634560, 10, 294, 430, 411, 1, 7.58%, 3, 0, 4, 11.93, 13233
1648634565, 10, 294, 432, 413, 1, 7.58%, 3, 0, 4, 11.75, 13294
1648634570, 10, 294, 433, 414, 1, 7.58%, 3, 0, 4, 13.08, 13363
1648634575, 10, 294, 436, 417, 1, 7.58%, 3, 0, 4, 12.34, 13424
1648634580, 11, 272, 438, 418, 8, 7.58%, 4, 0, 5, 12.68, 13489
1648634595, 11, 272, 440, 420, 8, 7.58%, 6, 0, 5, 13.24, 13700
1648634600, 11, 272, 441, 421, 8, 7.58%, 6, 0, 5, 14.73, 13776
1648634606, 11, 294, 441, 420, 1, 7.58%, 6, 0, 5, 13.07, 13844
1648634641, 11, 319, 445, 424, 1, 7.59%, 6, 0, 5, 10.24, 14145
1648634647, 11, 319, 447, 426, 1, 7.61%, 6, 0, 5, 7.13, 14197
1648634652, 11, 319, 448, 427, 1, 7.61%, 6, 0, 5, 7.97, 14240
1648634683, 11, 319, 449, 428, 1, 7.61%, 6, 0, 5, 7.64, 14498
1648634693, 12, 5, 450, 428, 8, 7.61%, 6, 0, 5, 12.70, 14613
1648634708, 12, 5, 454, 432, 8, 7.61%, 7, 0, 5, 13.19, 14824
1648634713, 12, 346, 456, 433, 1, 7.61%, 7, 0, 5, 13.46, 14890
1648634723, 12, 346, 458, 435, 1, 7.61%, 7, 0, 5, 15.06, 15040
1648634728, 12, 346, 461, 438, 1, 7.61%, 8, 0, 5, 13.12, 15102
1648634733, 12, 346, 462, 439, 1, 7.61%, 8, 0, 5, 13.33, 15169
1648634738, 12, 346, 464, 441, 1, 7.61%, 9, 0, 5, 13.73, 15241
1648634743, 12, 346, 467, 444, 1, 7.61%, 9, 0, 5, 14.11, 15314
1648634749, 12, 346, 469, 446, 1, 7.61%, 9, 0, 5, 12.90, 15376
1648634754, 12, 346, 471, 448, 1, 7.61%, 9, 0, 5, 12.86, 15442
1648634759, 12, 350, 473, 449, 1, 7.61%, 9, 0, 5, 11.61, 15500
1648634769, 12, 350, 474, 450, 1, 7.61%, 9, 0, 5, 11.17, 15610
1648634774, 12, 350, 475, 451, 1, 7.62%, 9, 0, 5, 10.84, 15665
1648634785, 12, 350, 477, 453, 1, 7.62%, 9, 0, 5, 11.33, 15779
1648634790, 12, 350, 479, 455, 1, 7.62%, 9, 0, 5, 10.79, 15836
1648634795, 12, 350, 480, 456, 1, 7.62%, 9, 0, 5, 9.83, 15884
1648634811, 12, 350, 482, 458, 1, 7.62%, 9, 0, 5, 9.69, 16038
1648634821, 13, 5, 482, 457, 8, 7.62%, 9, 0, 5, 11.92, 16149
1648634826, 13, 5, 483, 458, 8, 7.62%, 9, 0, 5, 11.91, 16209
1648634831, 13, 5, 484, 459, 8, 7.62%, 9, 0, 5, 13.58, 16279
1648634836, 13, 5, 485, 460, 8, 7.62%, 10, 0, 5, 14.04, 16354
1648634841, 13, 338, 485, 460, 8, 7.62%, 10, 0, 5, 12.71, 16420
1648634846, 13, 338, 486, 461, 8, 7.62%, 10, 0, 5, 9.53, 16463
1648634852, 13, 338, 487, 462, 8, 7.62%, 10, 0, 5, 8.79, 16507
1648634882, 13, 340, 487, 461, 3, 7.62%, 10, 0, 5, 10.62, 16780
1648634913, 13, 340, 488, 462, 3, 7.62%, 10, 0, 5, 9.54, 17080
1648634918, 14, 6, 489, 462, 2, 7.62%, 10, 0, 5, 11.95, 17149
1648634923, 14, 6, 490, 463, 2, 7.62%, 10, 0, 5, 14.26, 17224
1648634934, 14, 6, 491, 464, 2, 7.62%, 10, 0, 5, 13.79, 17361
1648634944, 14, 37, 492, 464, 7, 7.62%, 11, 0, 5, 12.14, 17495
1648634949, 14, 37, 493, 465, 7, 7.62%, 11, 0, 5, 11.10, 17549
1648634969, 14, 87, 493, 464, 7, 7.62%, 11, 0, 5, 15.93, 17837
1648634975, 14, 87, 494, 465, 7, 7.62%, 11, 0, 5, 14.89, 17911
1648634985, 15, 6, 494, 464, 7, 7.62%, 11, 0, 5, 15.34, 18078
1648634990, 15, 6, 495, 465, 7, 7.62%, 11, 0, 5, 13.02, 18141
1648635005, 16, 4, 496, 466, 7, 7.62%, 12, 0, 5, 13.49, 18353
1648635026, 16, 90, 497, 467, 7, 7.62%, 12, 0, 5, 12.90, 18618
1648635041, 16, 90, 498, 468, 7, 7.62%, 12, 0, 5, 12.60, 18816
1648635047, 16, 390, 498, 467, 3, 7.62%, 12, 0, 5, 11.38, 18877
1648635052, 16, 390, 499, 468, 3, 7.62%, 12, 0, 5, 9.04, 18919
1648635062, 16, 390, 500, 469, 3, 7.62%, 13, 0, 5, 8.28, 19005
1648635088, 17, 5, 504, 472, 4, 7.62%, 13, 0, 5, 10.24, 19214
1648635093, 17, 5, 505, 473, 4, 7.62%, 13, 0, 5, 12.52, 19283
1648635098, 17, 5, 508, 476, 4, 7.62%, 13, 0, 5, 12.83, 19347
1648635103, 17, 5, 509, 477, 4, 7.62%, 13, 0, 5, 13.17, 19417
1648635108, 17, 5, 510, 478, 4, 7.62%, 13, 0, 5, 14.05, 19487
1648635113, 18, 4, 510, 478, 4, 7.62%, 13, 0, 5, 14.11, 19559
1648635118, 18, 4, 511, 479, 4, 7.62%, 13, 0, 5, 13.64, 19628
1648635123, 18, 4, 513, 481, 4, 7.63%, 13, 0, 5, 12.38, 19690
1648635133, 18, 4, 514, 482, 4, 7.63%, 13, 0, 5, 11.54, 19809
1648635139, 18, 5, 515, 483, 5, 7.63%, 13, 0, 5, 14.54, 19890
1648635144, 18, 5, 516, 484, 5, 7.63%, 13, 0, 5, 12.63, 19954
1648635149, 18, 5, 517, 485, 5, 7.63%, 13, 0, 5, 16.77, 20043
1648635159, 18, 239, 517, 485, 7, 7.63%, 13, 0, 5, 12.43, 20179
1648635164, 18, 239, 518, 486, 7, 7.63%, 13, 0, 5, 11.46, 20237
1648635185, 19, 6, 519, 486, 6, 7.63%, 13, 0, 5, 11.53, 20467
1648635190, 19, 6, 520, 487, 6, 7.63%, 13, 0, 5, 12.73, 20533
1648635205, 19, 6, 521, 488, 7, 7.63%, 13, 0, 5, 12.33, 20731
1648635210, 19, 6, 522, 489, 7, 7.63%, 13, 0, 5, 11.72, 20791
1648635215, 19, 6, 523, 490, 7, 7.63%, 13, 0, 5, 11.97, 20855
1648635221, 19, 6, 524, 491, 7, 7.63%, 13, 0, 5, 12.10, 20916
1648635226, 19, 6, 525, 492, 7, 7.63%, 13, 0, 5, 12.19, 20975
1648635231, 19, 74, 525, 492, 7, 7.63%, 13, 0, 5, 11.37, 21033
1648635257, 19, 143, 525, 491, 7, 7.63%, 13, 0, 5, 9.73, 21273
1648635267, 19, 143, 525, 491, 7, 7.63%, 15, 0, 5, 11.53, 21398
1648635277, 19, 302, 525, 490, 6, 7.63%, 15, 0, 5, 13.18, 21528
1648635287, 19, 302, 526, 491, 6, 7.63%, 16, 0, 5, 12.91, 21643
1648635297, 19, 302, 527, 492, 6, 7.63%, 16, 0, 5, 11.01, 21765
1648635313, 19, 345, 528, 492, 4, 7.63%, 17, 0, 5, 11.67, 21935
1648635343, 19, 345, 529, 493, 4, 7.63%, 17, 0, 5, 12.74, 22341
1648635354, 19, 345, 529, 493, 4, 7.63%, 18, 0, 5, 13.76, 22480
1648635359, 19, 345, 530, 494, 4, 7.63%, 18, 0, 5, 11.89, 22540
1648635364, 20, 179, 531, 494, 7, 7.63%, 18, 0, 5, 11.12, 22598
1648635390, 20, 254, 531, 493, 7, 7.63%, 18, 0, 5, 11.53, 22877
1648635395, 20, 254, 532, 494, 7, 7.63%, 18, 0, 5, 10.91, 22933
1648635400, 20, 254, 533, 495, 7, 7.63%, 18, 0, 5, 11.35, 22992
1648635405, 20, 254, 534, 496, 7, 7.63%, 18, 0, 5, 11.51, 23051
1648635416, 20, 399, 536, 497, 6, 7.63%, 18, 0, 5, 9.99, 23160
1648635426, 20, 399, 538, 499, 6, 7.63%, 18, 0, 5, 9.21, 23253
1648635446, 20, 399, 538, 499, 6, 7.63%, 21, 0, 5, 9.74, 23460
1648635452, 21, 349, 538, 498, 4, 7.63%, 21, 0, 5, 9.26, 23507
1648635457, 21, 349, 539, 499, 4, 7.63%, 21, 0, 5, 10.10, 23563
1648635462, 21, 349, 540, 500, 4, 7.63%, 21, 0, 5, 11.02, 23618
1648635498, 21, 349, 541, 501, 4, 7.63%, 21, 0, 5, 10.85, 24004
1648635509, 21, 349, 544, 504, 4, 7.63%, 22, 0, 5, 10.19, 24116
1648635514, 21, 406, 545, 504, 5, 7.63%, 22, 0, 5, 9.35, 24164
1648635545, 21, 406, 545, 504, 5, 7.63%, 23, 0, 5, 8.47, 24437
1648635550, 21, 409, 545, 503, 4, 7.63%, 23, 0, 5, 10.93, 24491
1648635555, 21, 409, 547, 505, 4, 7.63%, 23, 0, 5, 14.26, 24572
1648635565, 21, 409, 547, 505, 4, 7.63%, 24, 0, 5, 14.80, 24722
1648635571, 21, 409, 549, 507, 4, 7.63%, 24, 0, 5, 13.38, 24788
1648635576, 22, 406, 550, 507, 7, 7.63%, 24, 0, 5, 11.70, 24847
1648635581, 22, 406, 551, 508, 7, 7.63%, 24, 0, 5, 10.26, 24898
1648635601, 22, 406, 551, 508, 7, 7.63%, 25, 0, 5, 10.17, 25109
1648635612, 22, 422, 553, 510, 2, 7.63%, 25, 0, 5, 11.10, 25207
1648635627, 22, 422, 554, 511, 2, 7.66%, 25, 0, 5, 8.52, 25338
1648635632, 22, 422, 555, 512, 2, 7.66%, 25, 0, 5, 8.45, 25380
1648635647, 23, 309, 555, 511, 5, 7.66%, 25, 0, 5, 10.87, 25522
1648635658, 23, 309, 556, 512, 5, 7.66%, 25, 0, 5, 12.91, 25664
1648635663, 23, 309, 556, 512, 5, 7.66%, 26, 0, 5, 13.29, 25733
1648635668, 23, 309, 557, 513, 5, 7.66%, 26, 0, 5, 12.79, 25797
1648635673, 23, 403, 557, 512, 4, 7.66%, 26, 0, 5, 12.98, 25865
1648635678, 23, 403, 558, 513, 4, 7.66%, 26, 0, 5, 13.17, 25933
1648635694, 23, 403, 560, 515, 4, 7.66%, 26, 0, 5, 12.28, 26126
1648635704, 23, 439, 560, 514, 7, 7.66%, 26, 0, 5, 12.45, 26258
1648635709, 23, 439, 561, 515, 7, 7.66%, 26, 0, 6, 12.19, 26319
1648635735, 23, 439, 562, 516, 7, 7.66%, 26, 0, 6, 12.87, 26642
1648635745, 23, 439, 563, 517, 7, 7.66%, 26, 0, 6, 13.42, 26778
1648635750, 24, 436, 563, 516, 4, 7.66%, 26, 0, 6, 11.06, 26833
1648635796, 24, 468, 565, 517, 3, 7.66%, 26, 0, 6, 5.41, 27176
1648635832, 24, 481, 566, 517, 2, 7.66%, 26, 0, 6, 8.05, 27471
1648635837, 24, 481, 567, 518, 2, 7.66%, 26, 0, 6, 12.46, 27541
1648635847, 24, 481, 567, 518, 2, 7.66%, 27, 0, 6, 14.08, 27684
1648635862, 24, 481, 567, 518, 2, 7.66%, 28, 0, 6, 13.37, 27888
1648635867, 25, 6, 567, 517, 3, 7.66%, 28, 0, 6, 14.33, 27961
1648635888, 25, 332, 567, 517, 3, 7.66%, 28, 0, 6, 12.81, 28217
1648635898, 25, 375, 569, 518, 2, 7.66%, 28, 0, 6, 13.79, 28359
1648635924, 25, 375, 570, 519, 2, 7.66%, 28, 0, 6, 8.99, 28624
1648635929, 25, 453, 570, 518, 7, 7.66%, 28, 0, 6, 10.01, 28677
1648635976, 26, 445, 571, 518, 6, 7.66%, 28, 0, 6, 9.65, 29150
1648636016, 27, 448, 571, 517, 5, 7.66%, 28, 0, 6, 10.76, 29483
1648636022, 27, 448, 575, 521, 5, 7.71%, 28, 0, 6, 14.48, 29562
1648636027, 27, 448, 576, 522, 5, 7.71%, 28, 0, 6, 14.14, 29635
1648636032, 27, 448, 577, 523, 5, 7.72%, 28, 0, 6, 16.79, 29722
1648636037, 27, 448, 579, 525, 5, 7.72%, 28, 0, 6, 15.37, 29801
1648636042, 28, 440, 579, 524, 8, 7.72%, 28, 0, 6, 18.38, 29893
1648636047, 28, 440, 580, 525, 8, 7.72%, 28, 0, 6, 18.19, 29987
1648636052, 28, 440, 581, 526, 8, 7.72%, 29, 0, 6, 17.96, 30081
1648636068, 28, 440, 582, 527, 8, 7.72%, 31, 0, 6, 16.19, 30320
1648636073, 28, 440, 582, 527, 8, 7.72%, 33, 0, 6, 14.75, 30395
1648636078, 28, 465, 583, 527, 6, 7.72%, 33, 0, 6, 12.88, 30461
1648636104, 28, 465, 583, 527, 6, 7.72%, 34, 0, 6, 8.40, 30672
1648636129, 29, 406, 583, 526, 5, 7.72%, 34, 0, 6, 10.32, 30913
1648636139, 29, 406, 585, 528, 5, 7.72%, 34, 0, 6, 11.37, 31033
1648636150, 29, 406, 586, 529, 5, 7.73%, 34, 0, 6, 10.38, 31148
1648636155, 29, 469, 586, 529, 6, 7.73%, 34, 0, 6, 9.53, 31198
1648636206, 30, 458, 586, 528, 5, 7.73%, 34, 0, 6, 4.08, 31629
1648636242, 30, 491, 586, 527, 5, 7.73%, 35, 0, 6, 10.85, 31927
1648636247, 30, 491, 587, 528, 5, 7.73%, 37, 0, 6, 12.67, 31993
1648636252, 30, 491, 588, 529, 5, 7.73%, 37, 0, 6, 11.51, 32050
1648636257, 30, 491, 588, 529, 5, 7.73%, 38, 0, 6, 12.10, 32111
1648636263, 30, 491, 589, 530, 5, 7.73%, 38, 0, 6, 12.12, 32174
1648636268, 30, 491, 589, 530, 5, 7.73%, 40, 0, 6, 12.24, 32235
1648636273, 30, 491, 592, 533, 5, 7.73%, 40, 0, 6, 10.55, 32286
1648636278, 31, 376, 593, 533, 7, 7.73%, 40, 0, 6, 12.94, 32353
1648636283, 31, 376, 596, 536, 7, 7.73%, 40, 0, 6, 13.64, 32424
1648636298, 31, 376, 597, 537, 7, 7.73%, 40, 0, 6, 13.37, 32635
1648636303, 32, 534, 597, 536, 0, 7.73%, 41, 0, 6, 12.18, 32699
1648636324, 32, 534, 598, 537, 0, 7.73%, 41, 0, 6, 9.96, 32913
1648636329, 32, 534, 599, 538, 0, 7.73%, 41, 0, 6, 10.46, 32969
1648636339, 33, 461, 599, 537, 3, 7.73%, 41, 0, 6, 6.17, 33066
1648636370, 34, 406, 599, 536, 2, 7.73%, 41, 0, 6, 9.13, 33313
1648636396, 34, 453, 599, 536, 2, 7.73%, 41, 0, 6, 10.76, 33597
1648636432, 34, 453, 600, 537, 2, 7.74%, 41, 0, 6, 9.48, 33968
1648636437, 35, 411, 601, 538, 2, 7.75%, 41, 0, 6, 11.33, 34024
1648636442, 35, 411, 605, 542, 2, 7.75%, 41, 0, 6, 12.16, 34090
1648636447, 35, 411, 609, 546, 2, 7.75%, 41, 0, 6, 12.81, 34156
1648636452, 35, 411, 611, 548, 2, 7.75%, 41, 0, 6, 11.68, 34216
1648636468, 35, 411, 615, 552, 2, 7.75%, 41, 0, 6, 13.56, 34432
1648636473, 35, 537, 616, 552, 10, 7.75%, 41, 0, 6, 13.23, 34500
1648636508, 36, 461, 617, 552, 9, 7.75%, 42, 0, 6, 11.24, 34860
1648636514, 36, 461, 620, 555, 9, 7.75%, 42, 0, 6, 10.44, 34913
1648636554, 38, 369, 620, 555, 0, 7.75%, 42, 0, 6, 18.92, 35455
1648636565, 38, 556, 620, 554, 0, 7.75%, 42, 0, 6, 27.86, 35768
1648636606, 39, 499, 621, 554, 0, 7.75%, 42, 0, 6, 9.40, 36131
1648636642, 39, 499, 622, 555, 0, 7.75%, 42, 0, 6, 8.50, 36440
1648636657, 40, 418, 623, 555, 0, 7.75%, 42, 0, 6, 9.79, 36573
1648636668, 40, 418, 624, 556, 0, 7.75%, 42, 0, 6, 11.62, 36700
1648636673, 40, 418, 626, 558, 0, 7.75%, 42, 0, 6, 11.40, 36756
1648636683, 40, 418, 627, 559, 0, 7.75%, 42, 0, 6, 11.42, 36875
1648636688, 40, 418, 628, 560, 0, 7.76%, 42, 0, 6, 11.08, 36931
1648636693, 41, 412, 630, 561, 6, 7.76%, 42, 0, 6, 18.84, 37010
1648636698, 41, 412, 631, 562, 6, 7.76%, 42, 0, 6, 17.28, 37093
1648636713, 41, 412, 632, 563, 6, 7.76%, 42, 0, 6, 15.35, 37322
1648636719, 41, 557, 632, 562, 6, 7.76%, 42, 0, 6, 12.09, 37380
1648636739, 41, 557, 632, 562, 6, 7.76%, 43, 0, 6, 9.02, 37570
1648636754, 42, 464, 632, 561, 5, 7.76%, 43, 0, 6, 6.36, 37706
1648636785, 42, 547, 632, 560, 4, 7.76%, 43, 0, 6, 8.96, 37952
1648636790, 42, 547, 633, 561, 4, 7.76%, 43, 0, 6, 10.43, 38010
1648636795, 42, 547, 635, 563, 4, 7.76%, 43, 0, 6, 9.73, 38061
1648636806, 42, 547, 636, 564, 4, 7.76%, 43, 0, 6, 10.06, 38169
1648636811, 42, 547, 639, 567, 4, 7.77%, 43, 0, 6, 9.51, 38218
1648636816, 42, 547, 641, 569, 4, 7.77%, 44, 0, 6, 10.08, 38274
1648636826, 42, 547, 642, 570, 4, 7.77%, 44, 0, 6, 10.48, 38383
1648636837, 42, 549, 642, 569, 6, 7.77%, 44, 0, 6, 10.83, 38493
1648636857, 42, 583, 643, 569, 7, 7.77%, 45, 0, 6, 9.95, 38697
1648636867, 42, 583, 644, 570, 7, 7.77%, 45, 0, 6, 8.67, 38785
1648636893, 43, 507, 647, 572, 6, 7.77%, 45, 0, 6, 9.87, 39017
1648636924, 44, 474, 648, 572, 5, 7.77%, 45, 0, 6, 10.83, 39350
1648636955, 45, 464, 648, 571, 4, 7.77%, 45, 0, 6, 7.79, 39998
1648636985, 45, 465, 649, 572, 4, 7.77%, 45, 0, 6, 7.96, 40238
1648637011, 45, 465, 650, 573, 4, 7.77%, 45, 0, 6, 10.11, 40489
1648637021, 45, 465, 651, 574, 4, 7.77%, 45, 0, 6, 10.67, 40596
1648637036, 45, 465, 651, 574, 4, 7.77%, 47, 0, 6, 10.70, 40761
1648637047, 45, 511, 652, 575, 5, 7.77%, 47, 0, 6, 14.49, 40883
1648637052, 45, 511, 655, 578, 5, 7.77%, 47, 0, 6, 10.45, 40955
1648637077, 46, 35, 656, 578, 0, 7.77%, 47, 0, 6, 10.63, 41227
1648637088, 46, 35, 657, 579, 0, 7.77%, 47, 0, 6, 9.02, 41321
1648637108, 46, 593, 658, 579, 0, 7.77%, 47, 0, 6, 10.17, 41511
1648637123, 46, 593, 659, 580, 0, 7.77%, 48, 0, 6, 11.67, 41686
1648637133, 47, 566, 659, 579, 7, 7.77%, 48, 0, 6, 4.02, 41798
1648637170, 47, 594, 659, 578, 6, 7.77%, 48, 0, 6, 9.22, 42097
1648637196, 48, 614, 660, 578, 0, 7.77%, 48, 0, 6, 10.00, 42371
1648637226, 48, 614, 662, 580, 0, 7.77%, 48, 0, 6, 9.79, 42664
1648637231, 49, 474, 663, 580, 3, 7.77%, 48, 0, 6, 10.33, 42716
1648637242, 49, 474, 664, 581, 3, 7.77%, 48, 0, 6, 11.21, 42831
1648637267, 49, 474, 665, 582, 3, 7.77%, 48, 0, 6, 11.40, 43126
1648637283, 49, 619, 665, 582, 11, 7.77%, 48, 0, 6, 10.73, 43295
1648637313, 49, 619, 666, 583, 11, 7.77%, 48, 0, 7, 8.69, 43552
1648637329, 50, 514, 667, 583, 10, 7.77%, 48, 0, 7, 10.76, 43692
1648637334, 50, 514, 668, 584, 10, 7.77%, 48, 0, 7, 14.88, 43779
1648637344, 50, 514, 669, 585, 10, 7.77%, 48, 0, 7, 12.09, 43908
1648637354, 50, 656, 669, 584, 0, 7.77%, 48, 0, 7, 12.36, 44036
1648637395, 50, 665, 669, 583, 0, 7.77%, 48, 0, 7, 8.29, 44372
1648637441, 51, 487, 669, 582, 0, 7.77%, 48, 0, 7, 9.47, 44786
1648637466, 51, 487, 670, 583, 0, 7.77%, 48, 0, 7, 13.49, 45122
1648637477, 51, 518, 670, 582, 0, 7.77%, 48, 0, 7, 13.03, 45258
1648637492, 51, 518, 671, 583, 0, 7.77%, 48, 0, 7, 10.53, 45433
1648637497, 51, 518, 672, 584, 0, 7.77%, 48, 0, 7, 10.71, 45491
1648637507, 51, 522, 672, 583, 0, 7.77%, 48, 0, 7, 13.08, 45622
1648637512, 51, 522, 673, 584, 0, 7.77%, 48, 0, 7, 12.54, 45687
1648637523, 51, 522, 674, 585, 0, 7.77%, 48, 0, 7, 12.44, 45820
1648637528, 51, 522, 675, 586, 0, 7.77%, 48, 0, 7, 12.56, 45884
1648637533, 51, 608, 675, 585, 0, 7.77%, 48, 0, 7, 13.47, 45957
1648637549, 52, 10, 675, 585, 0, 7.77%, 48, 0, 7, 14.49, 46167
1648637554, 52, 10, 675, 585, 0, 7.77%, 49, 0, 7, 15.09, 46246
1648637569, 52, 558, 675, 584, 0, 7.77%, 49, 0, 7, 11.71, 46460
1648637579, 52, 558, 676, 585, 0, 7.77%, 49, 0, 7, 10.49, 46569
1648637589, 52, 558, 676, 585, 0, 7.77%, 50, 0, 7, 10.22, 46676
1648637595, 53, 27, 677, 586, 0, 7.77%, 50, 0, 7, 10.87, 46732
1648637600, 53, 27, 678, 587, 0, 7.77%, 50, 0, 7, 10.93, 46787
1648637620, 54, 14, 678, 586, 0, 7.77%, 50, 0, 7, 10.87, 47003
1648637635, 54, 14, 678, 586, 0, 7.77%, 51, 0, 7, 11.15, 47175
1648637640, 54, 21, 678, 585, 0, 7.77%, 51, 0, 7, 10.82, 47229
1648637661, 54, 24, 678, 584, 0, 7.77%, 51, 0, 7, 15.00, 47515
1648637666, 54, 24, 679, 585, 0, 7.77%, 51, 0, 7, 15.63, 47598
1648637671, 54, 24, 680, 586, 0, 7.77%, 51, 0, 7, 14.53, 47666
1648637682, 54, 24, 681, 587, 0, 7.77%, 51, 0, 7, 12.68, 47797
1648637687, 54, 29, 681, 586, 0, 7.77%, 51, 0, 7, 15.44, 47884
1648637697, 54, 29, 682, 587, 0, 7.77%, 51, 0, 7, 15.56, 48043
1648637702, 54, 571, 683, 587, 0, 7.77%, 51, 0, 7, 15.65, 48123
1648637707, 54, 571, 685, 589, 0, 7.77%, 51, 0, 7, 16.03, 48204
1648637723, 54, 571, 686, 590, 0, 7.77%, 51, 0, 7, 17.73, 48474
1648637733, 54, 571, 687, 591, 0, 7.77%, 51, 0, 7, 15.05, 48635
1648637738, 55, 239, 687, 590, 0, 7.77%, 51, 0, 7, 16.34, 48719
1648637758, 55, 239, 688, 591, 0, 7.77%, 51, 0, 7, 9.44, 48912
1648637764, 55, 239, 689, 592, 0, 7.77%, 51, 0, 7, 9.75, 48961
1648637774, 56, 38, 690, 593, 0, 7.77%, 51, 0, 7, 12.32, 49077
1648637794, 56, 475, 691, 593, 0, 7.77%, 51, 0, 7, 12.69, 49339
1648637814, 56, 475, 692, 594, 0, 7.77%, 51, 0, 7, 11.82, 49590
1648637819, 56, 475, 693, 595, 0, 7.86%, 51, 0, 7, 11.77, 49649
1648637825, 56, 475, 694, 596, 0, 7.87%, 52, 0, 7, 11.86, 49710
1648637845, 57, 591, 694, 595, 0, 7.87%, 52, 0, 7, 13.10, 49960
1648637860, 57, 591, 695, 596, 0, 7.87%, 52, 0, 7, 12.91, 50160
1648637876, 57, 594, 695, 595, 6, 7.87%, 52, 0, 7, 12.36, 50365
1648637912, 58, 40, 695, 595, 6, 7.87%, 52, 0, 7, 11.09, 50694
1648637917, 58, 40, 696, 596, 6, 7.87%, 52, 0, 7, 11.72, 50756
1648637933, 58, 497, 696, 596, 6, 7.87%, 52, 0, 7, 11.73, 50949
1648637963, 58, 497, 697, 597, 6, 7.87%, 52, 0, 7, 9.66, 51256
1648637968, 58, 618, 699, 598, 1, 7.87%, 52, 0, 7, 14.19, 51329
1648637999, 58, 618, 700, 599, 1, 7.87%, 52, 0, 7, 17.03, 51846
1648638004, 59, 517, 700, 598, 10, 7.87%, 52, 0, 7, 13.29, 51914
1648638035, 59, 517, 702, 600, 10, 7.90%, 52, 0, 7, 9.61, 52221
1648638040, 59, 624, 702, 599, 6, 7.90%, 52, 0, 7, 9.76, 52271
1648638050, 59, 624, 703, 600, 6, 7.90%, 52, 0, 7, 9.62, 52369
1648638071, 60, 464, 703, 599, 5, 7.90%, 52, 0, 7, 9.58, 52564
1648638107, 60, 543, 703, 599, 5, 7.90%, 52, 0, 7, 7.92, 52842
1648638112, 60, 543, 705, 601, 5, 7.90%, 52, 0, 7, 8.32, 52887
1648638138, 60, 543, 706, 602, 5, 7.90%, 52, 0, 7, 9.48, 53116
1648638148, 60, 543, 706, 602, 5, 7.90%, 53, 0, 7, 9.04, 53208
1648638158, 61, 533, 706, 601, 9, 7.90%, 53, 0, 7, 11.04, 53309
1648638179, 61, 533, 707, 602, 9, 7.90%, 53, 0, 7, 12.25, 53571
1648638184, 61, 569, 707, 601, 5, 7.90%, 53, 0, 7, 11.76, 53631
1648638220, 62, 554, 707, 600, 4, 7.90%, 53, 0, 7, 8.71, 53968
1648638260, 62, 626, 710, 602, 3, 7.92%, 54, 0, 7, 10.88, 54312
1648638265, 62, 626, 713, 605, 3, 7.94%, 54, 0, 7, 12.83, 54377
1648638270, 62, 626, 714, 606, 3, 7.95%, 55, 0, 7, 14.73, 54455
1648638276, 62, 626, 715, 607, 3, 7.95%, 55, 0, 7, 14.11, 54527
1648638286, 62, 626, 717, 609, 3, 7.95%, 55, 0, 7, 12.11, 54655
1648638291, 62, 626, 718, 610, 3, 7.95%, 55, 0, 7, 12.04, 54715
1648638296, 62, 627, 721, 612, 4, 7.95%, 55, 0, 7, 12.83, 54781
1648638332, 63, 587, 721, 611, 3, 7.95%, 56, 0, 7, 11.66, 55138
1648638337, 63, 587, 722, 612, 3, 7.95%, 57, 0, 7, 11.68, 55202
1648638342, 63, 587, 724, 614, 3, 7.95%, 57, 0, 7, 12.41, 55266
1648638347, 63, 587, 724, 614, 3, 7.95%, 58, 0, 7, 12.98, 55330
1648638363, 63, 587, 724, 614, 3, 7.95%, 60, 0, 7, 10.86, 55507
1648638368, 63, 587, 724, 614, 3, 7.95%, 61, 0, 7, 11.15, 55563
1648638373, 63, 587, 725, 615, 3, 7.95%, 61, 0, 7, 12.63, 55629
1648638383, 63, 589, 725, 614, 3, 7.95%, 61, 0, 7, 26.17, 55842
1648638393, 64, 557, 725, 613, 2, 7.95%, 61, 0, 7, 27.92, 56143
1648638434, 64, 582, 725, 613, 2, 7.95%, 61, 0, 7, 7.93, 56474
1648638465, 64, 594, 725, 612, 1, 7.95%, 61, 0, 7, 8.90, 56719
1648638485, 64, 594, 726, 613, 1, 7.95%, 61, 0, 7, 10.72, 56933
1648638495, 65, 517, 726, 613, 1, 7.95%, 61, 0, 7, 10.25, 57035
1648638537, 65, 599, 726, 613, 1, 7.95%, 61, 0, 7, 8.92, 57393
1648638542, 65, 599, 727, 614, 1, 7.95%, 61, 0, 7, 8.91, 57439
1648638552, 65, 599, 728, 615, 1, 7.95%, 61, 0, 7, 9.98, 57541
1648638567, 66, 588, 728, 614, 10, 7.95%, 61, 0, 7, 9.91, 57697
1648638572, 66, 588, 728, 614, 10, 7.95%, 62, 0, 7, 12.34, 57763
1648638577, 66, 588, 729, 615, 10, 7.95%, 62, 0, 7, 12.49, 57827
1648638583, 66, 588, 729, 615, 10, 7.95%, 63, 0, 7, 13.92, 57899
1648638588, 66, 588, 729, 615, 10, 7.95%, 64, 0, 7, 13.48, 57967
1648638618, 66, 589, 729, 614, 9, 7.95%, 64, 0, 7, 10.08, 58321
1648638639, 66, 589, 730, 615, 9, 7.95%, 64, 0, 7, 9.33, 58520
1648638659, 66, 594, 730, 615, 9, 7.95%, 64, 0, 7, 9.80, 58728
1648638664, 66, 594, 731, 616, 9, 7.96%, 64, 0, 7, 10.88, 58786
1648638690, 66, 617, 731, 616, 4, 7.96%, 64, 0, 7, 10.13, 59053
1648638705, 66, 617, 732, 617, 4, 7.96%, 64, 0, 7, 10.04, 59206
1648638736, 66, 694, 733, 617, 2, 7.96%, 64, 0, 7, 12.77, 59558
1648638741, 66, 694, 734, 618, 2, 7.96%, 64, 0, 7, 13.89, 59633
1648638746, 66, 694, 735, 619, 2, 7.96%, 64, 0, 7, 15.19, 59710
1648638751, 66, 694, 737, 621, 2, 7.96%, 64, 0, 7, 15.81, 59791
1648638756, 66, 694, 739, 623, 2, 7.96%, 64, 0, 7, 14.77, 59864
1648638762, 66, 694, 740, 624, 2, 7.96%, 64, 0, 7, 15.18, 59943
1648638767, 66, 694, 743, 627, 2, 7.96%, 64, 0, 7, 14.39, 60017
1648638772, 66, 694, 744, 628, 2, 7.97%, 64, 0, 7, 13.36, 60085
1648638787, 66, 694, 745, 629, 2, 7.97%, 64, 0, 7, 14.87, 60312
1648638797, 66, 694, 746, 630, 2, 7.98%, 64, 0, 7, 12.45, 60444
1648638803, 66, 694, 747, 631, 2, 7.98%, 64, 0, 7, 12.96, 60512
1648638808, 67, 646, 749, 632, 3, 7.98%, 64, 0, 7, 12.30, 60575
1648638818, 67, 646, 750, 633, 3, 7.98%, 64, 0, 7, 10.30, 60682
1648638839, 68, 638, 750, 632, 3, 7.98%, 64, 0, 7, 8.88, 60892
1648638885, 68, 638, 751, 633, 3, 7.98%, 64, 0, 7, 9.74, 61286
1648638890, 68, 686, 753, 634, 3, 7.98%, 65, 0, 7, 10.57, 61336
1648638905, 68, 686, 754, 635, 3, 7.98%, 65, 0, 7, 11.87, 61524
1648638910, 68, 686, 755, 636, 3, 7.98%, 65, 0, 7, 11.58, 61582
1648638921, 68, 686, 756, 637, 3, 7.98%, 65, 0, 7, 11.92, 61707
1648638931, 69, 642, 756, 636, 4, 7.98%, 65, 0, 7, 11.11, 61823
1648638951, 69, 642, 757, 637, 4, 7.98%, 65, 0, 7, 10.60, 62038
1648638956, 69, 642, 758, 638, 4, 7.98%, 65, 0, 7, 9.49, 62086
1648638961, 69, 642, 759, 639, 4, 7.98%, 65, 0, 7, 10.60, 62143
1648638972, 70, 630, 759, 638, 5, 7.98%, 65, 0, 7, 11.26, 62253
1648638997, 71, 598, 759, 637, 4, 7.98%, 65, 0, 7, 11.30, 62615
1648639018, 71, 598, 759, 637, 4, 7.98%, 67, 0, 7, 9.55, 62803
1648639043, 72, 582, 760, 637, 3, 7.98%, 67, 0, 7, 9.34, 63050
1648639049, 72, 582, 761, 638, 3, 7.98%, 67, 0, 7, 9.11, 63097
1648639069, 72, 582, 762, 639, 3, 7.98%, 67, 0, 7, 8.68, 63279
1648639074, 72, 582, 763, 640, 3, 7.98%, 67, 0, 7, 9.18, 63324
1648639084, 72, 582, 764, 641, 3, 7.98%, 67, 0, 7, 9.08, 63422
1648639094, 72, 582, 765, 642, 3, 7.98%, 67, 0, 7, 9.26, 63517
1648639110, 72, 639, 765, 642, 2, 7.98%, 67, 0, 7, 10.22, 63667
1648639130, 72, 639, 766, 643, 2, 7.98%, 67, 0, 7, 11.96, 63927
1648639156, 73, 627, 767, 643, 6, 7.98%, 67, 0, 7, 11.71, 64255
1648639166, 73, 627, 768, 644, 6, 7.98%, 67, 0, 7, 10.99, 64359
1648639187, 73, 655, 768, 644, 6, 7.98%, 67, 0, 7, 18.96, 64622
1648639197, 73, 668, 769, 644, 5, 7.98%, 67, 0, 7, 20.71, 64848
1648639207, 73, 668, 770, 645, 5, 7.98%, 67, 0, 7, 13.13, 64978
1648639212, 73, 668, 771, 646, 5, 7.98%, 67, 0, 7, 12.01, 65037
1648639228, 73, 699, 771, 645, 3, 7.98%, 67, 0, 7, 6.64, 65212
1648639258, 74, 658, 771, 644, 2, 7.98%, 67, 0, 7, 8.59, 65456
1648639305, 74, 658, 771, 644, 2, 7.98%, 68, 0, 7, 9.95, 65923
1648639315, 75, 639, 771, 643, 1, 7.98%, 68, 0, 7, 10.83, 66030
1648639361, 75, 704, 771, 643, 1, 7.98%, 68, 0, 7, 28.46, 66711
1648639371, 76, 671, 771, 642, 0, 7.98%, 68, 0, 7, 26.56, 67046
1648639376, 76, 671, 772, 643, 0, 7.98%, 68, 0, 7, 13.56, 67091
1648639407, 76, 678, 773, 643, 0, 7.98%, 68, 0, 7, 13.50, 67419
1648639422, 76, 678, 774, 644, 0, 7.98%, 68, 0, 7, 11.78, 67614
1648639433, 76, 736, 775, 644, 2, 7.98%, 68, 0, 7, 16.75, 67768
1648639479, 77, 701, 775, 643, 2, 7.98%, 68, 0, 7, 13.20, 68630
1648639489, 77, 701, 776, 644, 2, 7.98%, 68, 0, 7, 9.76, 68728
1648639504, 77, 701, 778, 646, 2, 7.98%, 68, 0, 7, 11.79, 68895
1648639515, 77, 701, 779, 647, 2, 7.99%, 68, 0, 7, 10.45, 68999
1648639525, 77, 701, 780, 648, 2, 7.99%, 68, 0, 7, 9.62, 69099
1648639530, 78, 662, 780, 647, 4, 7.99%, 68, 0, 7, 4.92, 69142
1648639561, 78, 744, 780, 646, 3, 7.99%, 68, 0, 7, 9.32, 69395
1648639607, 79, 675, 780, 645, 2, 7.99%, 68, 0, 7, 16.46, 70281
1648639632, 79, 675, 780, 645, 2, 7.99%, 69, 0, 7, 10.02, 70527
1648639643, 79, 675, 781, 646, 2, 7.99%, 69, 0, 7, 9.09, 70622
1648639668, 80, 619, 781, 645, 1, 7.99%, 69, 0, 7, 8.05, 70864
1648639699, 80, 723, 781, 645, 1, 7.99%, 69, 0, 7, 8.34, 71106
1648639709, 80, 723, 783, 647, 1, 8.01%, 69, 0, 7, 10.67, 71228
1648639719, 80, 723, 784, 648, 1, 8.01%, 69, 0, 7, 11.96, 71347
1648639745, 80, 723, 786, 650, 1, 8.01%, 71, 0, 7, 11.46, 71636
1648639750, 80, 723, 786, 650, 1, 8.01%, 72, 0, 7, 11.92, 71698
1648639755, 80, 724, 786, 649, 7, 8.01%, 72, 0, 7, 11.82, 71762
1648639786, 80, 724, 787, 650, 7, 8.01%, 72, 0, 7, 9.88, 72062
1648639801, 81, 658, 787, 649, 6, 8.01%, 72, 0, 7, 14.38, 72236
1648639806, 81, 658, 788, 650, 6, 8.01%, 73, 0, 7, 17.56, 72336
1648639816, 81, 658, 788, 650, 6, 8.01%, 74, 0, 7, 18.96, 72542
1648639821, 81, 658, 788, 650, 6, 8.01%, 76, 0, 7, 18.74, 72633
1648639827, 81, 658, 788, 650, 6, 8.01%, 77, 0, 7, 19.46, 72735
1648639832, 81, 754, 788, 650, 6, 8.01%, 77, 0, 7, 13.41, 72803
1648639858, 81, 754, 788, 650, 6, 8.01%, 78, 0, 7, 8.80, 73030
1648639899, 82, 746, 788, 649, 5, 8.01%, 78, 0, 7, 17.57, 73453
1648639930, 83, 714, 790, 650, 4, 8.01%, 78, 0, 7, 20.34, 74318
1648639935, 83, 714, 795, 655, 4, 8.01%, 78, 0, 7, 16.36, 74397
1648639940, 83, 714, 796, 656, 4, 8.01%, 78, 0, 7, 14.03, 74465
1648639945, 83, 714, 797, 657, 4, 8.01%, 78, 0, 7, 14.42, 74539
1648639955, 83, 714, 799, 659, 4, 8.01%, 78, 0, 7, 12.72, 74671
1648639960, 83, 714, 800, 660, 4, 8.01%, 78, 0, 7, 13.27, 74739
1648639970, 83, 714, 800, 660, 4, 8.01%, 79, 0, 7, 13.80, 74881
1648639975, 83, 718, 800, 659, 5, 8.01%, 79, 0, 7, 14.02, 74954
1648639981, 83, 718, 805, 664, 5, 8.01%, 79, 0, 7, 19.93, 75068
1648639986, 83, 718, 807, 666, 5, 8.01%, 79, 0, 7, 24.73, 75188
1648639991, 83, 718, 809, 668, 5, 8.01%, 79, 0, 7, 20.26, 75293
1648639996, 83, 718, 810, 669, 5, 8.01%, 79, 0, 7, 20.39, 75393
1648640001, 83, 718, 812, 671, 5, 8.01%, 79, 0, 7, 17.76, 75484
1648640011, 83, 718, 813, 672, 5, 8.01%, 79, 0, 7, 17.49, 75657
1648640017, 83, 747, 816, 674, 4, 8.01%, 79, 0, 7, 17.15, 75744
1648640037, 83, 747, 817, 675, 4, 8.01%, 79, 0, 7, 14.93, 76063
1648640058, 83, 748, 817, 674, 0, 8.01%, 79, 0, 7, 68.52, 76519
1648640063, 84, 672, 817, 673, 0, 8.01%, 79, 0, 7, 11.42, 76732
1648640093, 84, 752, 817, 672, 0, 8.01%, 79, 0, 7, 5.99, 77052
1648640124, 85, 676, 817, 671, 0, 8.01%, 79, 0, 7, 9.02, 77298
1648640139, 85, 676, 818, 672, 0, 8.01%, 79, 0, 7, 11.64, 77480
1648640160, 85, 676, 819, 673, 0, 8.01%, 79, 0, 7, 11.57, 77719
1648640165, 85, 754, 819, 672, 2, 8.01%, 79, 0, 7, 6.14, 77760
1648640196, 86, 704, 819, 672, 2, 8.01%, 79, 0, 7, 8.02, 78001
1648640237, 86, 704, 820, 673, 2, 8.01%, 79, 0, 7, 9.94, 78371
1648640247, 86, 765, 820, 673, 2, 8.01%, 79, 0, 7, 9.94, 78469
1648640253, 86, 765, 821, 674, 2, 8.01%, 79, 0, 7, 10.66, 78526
1648640268, 86, 765, 822, 675, 2, 8.01%, 79, 0, 7, 10.62, 78685
1648640289, 87, 662, 822, 674, 5, 8.01%, 79, 0, 7, 7.97, 78911
1648640319, 87, 773, 822, 674, 5, 8.01%, 79, 0, 7, 8.22, 79153
1648640366, 87, 777, 823, 674, 4, 8.02%, 79, 0, 7, 12.05, 79602
1648640416, 88, 754, 823, 673, 4, 8.02%, 79, 0, 7, 9.14, 80189
1648640452, 88, 755, 824, 674, 4, 8.02%, 79, 0, 7, 11.62, 80492
1648640467, 88, 755, 824, 674, 4, 8.02%, 80, 0, 7, 9.83, 80644
1648640483, 88, 755, 825, 675, 4, 8.02%, 80, 0, 7, 11.70, 80807
1648640503, 88, 755, 826, 676, 4, 8.02%, 80, 0, 7, 9.46, 81027
1648640509, 88, 778, 826, 675, 5, 8.02%, 80, 0, 7, 10.23, 81082
1648640555, 88, 824, 827, 675, 4, 8.02%, 80, 0, 7, 7.97, 81528
1648640586, 89, 820, 827, 674, 3, 8.02%, 80, 0, 7, 7.73, 81769
1648640596, 89, 820, 828, 675, 3, 8.02%, 80, 0, 7, 10.33, 81875
1648640627, 89, 820, 829, 676, 3, 8.02%, 80, 0, 7, 10.89, 82218
1648640637, 89, 820, 830, 677, 3, 8.02%, 80, 0, 7, 12.13, 82341
1648640642, 89, 825, 830, 676, 2, 8.02%, 80, 0, 7, 5.38, 82386
1648640673, 90, 686, 830, 675, 1, 8.02%, 80, 0, 7, 0.00, 82623
1648640739, 90, 829, 831, 676, 1, 8.02%, 80, 0, 8, 7.88, 83137
1648640745, 90, 829, 833, 678, 1, 8.04%, 80, 0, 8, 8.65, 83184
1648640750, 90, 829, 835, 680, 1, 8.04%, 80, 0, 8, 8.79, 83231
1648640755, 90, 829, 837, 682, 1, 8.04%, 80, 0, 8, 9.23, 83280
1648640780, 90, 829, 838, 683, 1, 8.04%, 80, 0, 8, 11.67, 83563
1648640791, 90, 831, 839, 683, 2, 8.04%, 80, 0, 8, 7.98, 83677
1648640821, 91, 779, 839, 682, 2, 8.04%, 80, 0, 8, 8.00, 83924
1648640867, 91, 783, 839, 681, 1, 8.04%, 80, 0, 8, 10.16, 84373
1648640872, 91, 783, 839, 681, 1, 8.04%, 81, 0, 8, 12.36, 84438
1648640918, 92, 832, 839, 680, 0, 8.04%, 81, 0, 8, 8.05, 84970
1648640949, 93, 748, 839, 679, 0, 8.04%, 81, 0, 8, 10.24, 85222
1648640989, 94, 113, 839, 679, 0, 8.04%, 81, 0, 8, 10.49, 85671
1648641010, 94, 113, 840, 680, 0, 8.04%, 81, 0, 8, 9.78, 85879
1648641015, 94, 761, 840, 679, 0, 8.04%, 81, 0, 8, 9.89, 85930
1648641020, 94, 761, 841, 680, 0, 8.04%, 81, 0, 8, 10.25, 85980
1648641025, 94, 761, 842, 681, 0, 8.04%, 81, 0, 8, 9.73, 86030
1648641030, 94, 761, 843, 682, 0, 8.04%, 81, 0, 8, 10.46, 86084
1648641035, 94, 761, 844, 683, 0, 8.04%, 81, 0, 8, 10.88, 86141
1648641056, 95, 692, 844, 682, 2, 8.04%, 81, 0, 8, 11.58, 86381
1648641076, 95, 692, 844, 682, 2, 8.04%, 82, 0, 8, 9.63, 86572
1648641112, 96, 662, 844, 681, 1, 8.04%, 82, 0, 8, 5.25, 86955
1648641142, 96, 835, 844, 681, 1, 8.04%, 82, 0, 8, 7.71, 87194
1648641177, 97, 207, 844, 680, 0, 8.04%, 82, 0, 8, 13.67, 87501
1648641193, 97, 453, 844, 679, 0, 8.04%, 82, 0, 8, 13.43, 87758
1648641229, 98, 221, 844, 679, 0, 8.04%, 82, 0, 8, 11.57, 88097
1648641249, 98, 789, 844, 678, 0, 8.04%, 82, 0, 8, 13.27, 88360
1648641254, 98, 789, 847, 681, 0, 8.04%, 82, 0, 8, 13.26, 88430
1648641259, 98, 789, 848, 682, 0, 8.04%, 82, 0, 8, 14.24, 88503
1648641270, 98, 789, 848, 682, 0, 8.04%, 83, 0, 8, 14.33, 88647
1648641275, 98, 822, 848, 682, 2, 8.04%, 83, 0, 8, 10.14, 88692
1648641321, 99, 72, 848, 681, 1, 8.04%, 83, 0, 8, 10.58, 89102
1648641341, 99, 769, 848, 680, 1, 8.04%, 83, 0, 8, 11.81, 89361
1648641356, 99, 769, 849, 681, 1, 8.04%, 83, 0, 8, 8.42, 89492
1648641387, 99, 798, 851, 682, 4, 8.04%, 83, 0, 8, 10.96, 89819
1648641393, 99, 798, 854, 685, 4, 8.05%, 83, 0, 8, 10.32, 89875
1648641398, 99, 798, 855, 686, 4, 8.05%, 83, 0, 8, 10.18, 89926
1648641403, 99, 798, 856, 687, 4, 8.05%, 83, 0, 8, 12.28, 89992
1648641418, 99, 798, 857, 688, 4, 8.05%, 83, 0, 8, 13.08, 90185
1648641428, 99, 798, 857, 688, 4, 8.05%, 84, 0, 8, 12.55, 90311
1648641433, 99, 836, 857, 687, 1, 8.05%, 84, 0, 8, 7.94, 90357
1648641464, 100, 771, 857, 686, 0, 8.05%, 84, 0, 8, 9.51, 90604
1648641495, 101, 231, 857, 685, 0, 8.05%, 84, 0, 8, 12.80, 91059
1648641526, 101, 840, 857, 684, 0, 8.05%, 84, 0, 8, 6.53, 91346
1648641556, 102, 677, 857, 683, 0, 8.05%, 84, 0, 8, 8.84, 91592
1648641561, 102, 677, 858, 684, 0, 8.05%, 84, 0, 8, 9.08, 91639
1648641582, 102, 677, 859, 685, 0, 8.05%, 84, 0, 8, 8.50, 91819
1648641592, 103, 128, 859, 684, 0, 8.05%, 84, 0, 8, 10.48, 91918
1648641612, 103, 704, 859, 683, 0, 8.05%, 84, 0, 8, 11.58, 92156
1648641659, 104, 73, 859, 683, 0, 8.05%, 84, 0, 8, 10.38, 92601
1648641679, 104, 73, 860, 684, 0, 8.05%, 84, 0, 8, 10.16, 92816
1648641684, 104, 188, 860, 683, 0, 8.05%, 84, 0, 8, 11.13, 92874
1648641720, 104, 724, 860, 682, 0, 8.05%, 84, 0, 8, 16.36, 93214
1648641740, 105, 80, 860, 682, 0, 8.05%, 84, 0, 8, 16.68, 93597
1648641761, 105, 82, 860, 681, 0, 8.05%, 84, 0, 8, 12.28, 93865
1648641786, 105, 801, 860, 680, 0, 8.05%, 84, 0, 8, 11.04, 94140
1648641822, 105, 801, 862, 682, 0, 8.05%, 84, 0, 8, 10.42, 94522
1648641843, 105, 801, 862, 682, 0, 8.05%, 85, 0, 8, 10.20, 94742
1648641853, 105, 801, 863, 683, 0, 8.05%, 85, 0, 8, 9.76, 94842
1648641863, 105, 801, 864, 684, 0, 8.05%, 85, 0, 8, 9.79, 94943
1648641899, 106, 675, 864, 683, 2, 8.05%, 85, 0, 8, 11.11, 95321
1648641904, 106, 675, 865, 684, 2, 8.05%, 85, 0, 8, 11.99, 95384
1648641924, 106, 675, 866, 685, 2, 8.05%, 85, 0, 8, 12.04, 95639
1648641945, 107, 190, 866, 685, 0, 8.05%, 85, 0, 8, 13.15, 95901
1648641970, 107, 734, 866, 684, 0, 8.05%, 85, 0, 8, 12.51, 96202
1648641975, 107, 734, 867, 685, 0, 8.05%, 85, 0, 8, 12.70, 96266
1648642011, 107, 773, 867, 684, 4, 8.05%, 85, 0, 8, 11.35, 96768
1648642067, 108, 569, 867, 684, 4, 8.05%, 85, 0, 8, 8.01, 97209
1648642108, 108, 693, 867, 684, 4, 8.05%, 85, 0, 8, 8.95, 97537
1648642165, 108, 754, 867, 683, 3, 8.05%, 85, 0, 8, 6.22, 98108
1648642195, 108, 778, 867, 683, 3, 8.05%, 85, 0, 8, 10.55, 98361
1648642206, 108, 778, 869, 685, 3, 8.05%, 86, 0, 8, 15.44, 98520
1648642226, 108, 816, 870, 686, 6, 8.05%, 86, 0, 8, 12.96, 98802
1648642231, 108, 816, 872, 688, 6, 8.05%, 86, 0, 8, 10.88, 98857
1648642257, 108, 816, 873, 689, 6, 8.05%, 86, 0, 8, 12.70, 99196
1648642277, 109, 754, 873, 688, 2, 8.05%, 86, 0, 8, 7.69, 99448
1648642308, 110, 599, 873, 688, 2, 8.05%, 86, 0, 8, 13.17, 99708
1648642318, 110, 796, 874, 689, 2, 8.05%, 86, 0, 8, 26.72, 100011
1648642323, 110, 796, 878, 693, 2, 8.05%, 86, 0, 8, 17.83, 100089
1648642328, 110, 796, 878, 693, 2, 8.05%, 87, 0, 8, 17.68, 100178
1648642333, 110, 796, 879, 694, 2, 8.05%, 87, 0, 8, 16.97, 100264
1648642359, 110, 847, 880, 694, 7, 8.06%, 87, 0, 8, 15.60, 100667
1648642364, 110, 847, 881, 695, 7, 8.06%, 87, 0, 8, 15.06, 100745
1648642369, 110, 847, 882, 696, 7, 8.06%, 87, 0, 8, 13.85, 100818
1648642374, 110, 847, 883, 697, 7, 8.06%, 87, 0, 8, 13.75, 100892
1648642385, 110, 847, 884, 698, 7, 8.06%, 87, 0, 8, 12.99, 101022
1648642390, 110, 847, 885, 699, 7, 8.06%, 87, 0, 8, 13.03, 101085
1648642405, 111, 762, 885, 698, 3, 8.06%, 87, 0, 8, 5.95, 101273
1648642435, 112, 686, 885, 697, 2, 8.06%, 87, 0, 8, 4.56, 101509
1648642471, 112, 857, 885, 697, 2, 8.06%, 87, 0, 8, 8.32, 101793
1648642517, 113, 851, 886, 697, 1, 8.06%, 87, 0, 8, 8.79, 102196
1648642522, 113, 851, 887, 698, 1, 8.06%, 87, 0, 8, 11.08, 102256
1648642538, 113, 851, 888, 699, 1, 8.06%, 87, 0, 8, 12.52, 102453
1648642548, 113, 851, 890, 701, 1, 8.06%, 87, 0, 8, 11.47, 102578
1648642558, 113, 851, 891, 702, 1, 8.06%, 87, 0, 8, 12.54, 102701
1648642569, 114, 103, 891, 701, 1, 8.06%, 87, 0, 8, 12.12, 102818
1648642579, 114, 103, 891, 701, 1, 8.06%, 88, 0, 8, 17.66, 102996
1648642589, 114, 520, 891, 700, 1, 8.06%, 88, 0, 8, 10.91, 103122
1648642620, 114, 662, 891, 699, 0, 8.06%, 88, 0, 8, 6.47, 103427
1648642650, 115, 620, 891, 699, 0, 8.06%, 88, 0, 8, 8.28, 103669
1648642701, 115, 784, 891, 698, 0, 8.06%, 89, 0, 8, 9.63, 104105
1648642716, 115, 784, 891, 698, 0, 8.06%, 90, 0, 8, 12.07, 104287
1648642722, 115, 784, 892, 699, 0, 8.06%, 91, 0, 8, 11.69, 104346
1648642752, 116, 765, 892, 698, 0, 8.06%, 91, 0, 8, 7.97, 104688
1648642783, 117, 648, 892, 698, 0, 8.06%, 91, 0, 8, 7.67, 104929
1648642839, 117, 765, 892, 697, 0, 8.06%, 91, 0, 8, 5.85, 105375
1648642870, 117, 852, 893, 698, 0, 8.06%, 91, 0, 8, 8.40, 105617
1648642875, 117, 852, 895, 700, 0, 8.06%, 91, 0, 8, 10.66, 105672
1648642880, 117, 852, 895, 700, 0, 8.06%, 92, 0, 8, 11.99, 105734
1648642900, 117, 852, 897, 702, 0, 8.06%, 92, 0, 8, 11.17, 105988
1648642910, 117, 852, 898, 703, 0, 8.06%, 92, 0, 8, 11.61, 106106
1648642921, 117, 852, 899, 704, 0, 8.06%, 92, 0, 8, 11.83, 106230
1648642926, 118, 659, 899, 703, 1, 8.06%, 92, 0, 8, 10.35, 106283
1648642982, 118, 858, 899, 702, 0, 8.06%, 92, 0, 8, 17.94, 106909
1648643003, 119, 685, 900, 702, 0, 8.06%, 92, 0, 8, 7.96, 107288
1648643033, 119, 692, 901, 702, 3, 8.06%, 92, 0, 8, 9.63, 107535
1648643069, 119, 856, 901, 702, 9, 8.06%, 92, 0, 8, 10.98, 107843
1648643099, 119, 856, 902, 703, 9, 8.06%, 93, 0, 8, 16.84, 108336
1648643104, 119, 863, 903, 703, 8, 8.06%, 93, 0, 8, 14.46, 108410
1648643140, 119, 863, 904, 704, 8, 8.06%, 93, 0, 8, 8.43, 108705
1648643161, 120, 822, 904, 703, 7, 8.06%, 93, 0, 8, 8.78, 108875
1648643212, 121, 675, 904, 703, 7, 8.06%, 93, 0, 8, 9.50, 109319
1648643263, 121, 770, 904, 703, 7, 8.06%, 93, 0, 8, 9.90, 109818
1648643304, 121, 770, 904, 703, 7, 8.06%, 94, 0, 8, 9.44, 110203
1648643309, 122, 699, 904, 702, 6, 8.06%, 94, 0, 8, 5.06, 110247
1648643345, 122, 825, 904, 702, 6, 8.06%, 94, 0, 8, 6.53, 110523
1648643375, 122, 871, 906, 704, 6, 8.06%, 94, 0, 8, 7.79, 110763
1648643447, 123, 733, 906, 703, 0, 8.06%, 94, 0, 8, 17.14, 111500
1648643472, 123, 828, 906, 702, 0, 8.06%, 94, 0, 8, 17.48, 111990
1648643524, 124, 805, 907, 702, 0, 8.06%, 94, 0, 8, 15.06, 112506
1648643575, 124, 848, 907, 701, 7, 8.06%, 94, 0, 8, 12.93, 113334
1648643585, 124, 848, 908, 702, 7, 8.06%, 94, 0, 8, 8.76, 113420
1648643621, 125, 794, 908, 701, 0, 8.06%, 94, 0, 8, 15.02, 113811
1648643626, 125, 794, 909, 702, 0, 8.06%, 94, 0, 8, 16.20, 113894
1648643631, 125, 794, 910, 703, 0, 8.06%, 94, 0, 8, 15.26, 113969
1648643657, 125, 866, 911, 703, 3, 8.06%, 94, 0, 8, 15.56, 114367
1648643703, 126, 728, 911, 702, 2, 8.06%, 94, 0, 8, 11.95, 114943
1648643718, 126, 728, 911, 702, 2, 8.06%, 95, 0, 8, 12.99, 115147
1648643723, 126, 825, 911, 702, 2, 8.06%, 95, 0, 8, 13.50, 115217
1648643764, 126, 825, 912, 703, 2, 8.06%, 95, 0, 8, 9.43, 115566
1648643815, 126, 882, 912, 703, 2, 8.06%, 95, 0, 8, 11.81, 116073
1648643820, 126, 882, 914, 705, 2, 8.06%, 95, 0, 8, 14.91, 116157
1648643836, 126, 882, 915, 706, 2, 8.06%, 95, 0, 8, 13.78, 116378
1648643856, 126, 897, 915, 705, 5, 8.06%, 95, 0, 8, 13.68, 116669
1648643861, 126, 897, 916, 706, 5, 8.06%, 95, 0, 8, 10.82, 116717
1648643867, 126, 897, 917, 707, 5, 8.06%, 95, 0, 8, 10.24, 116766
1648643882, 126, 897, 917, 707, 5, 8.06%, 96, 0, 8, 11.16, 116935
1648643897, 126, 897, 918, 708, 5, 8.06%, 96, 0, 8, 10.33, 117100
1648643908, 126, 897, 918, 708, 5, 8.06%, 97, 0, 8, 10.65, 117212
1648643913, 127, 757, 918, 707, 2, 8.06%, 97, 0, 8, 11.30, 117271
1648643928, 127, 757, 919, 708, 2, 8.06%, 97, 0, 8, 8.66, 117400
1648643944, 127, 757, 920, 709, 2, 8.06%, 97, 0, 8, 8.27, 117528
1648643954, 127, 757, 921, 710, 2, 8.06%, 97, 0, 8, 9.02, 117621
1648643969, 127, 865, 921, 709, 0, 8.06%, 97, 0, 8, 8.48, 117752
1648644000, 127, 865, 922, 710, 0, 8.06%, 97, 0, 8, 9.83, 118023
1648644015, 127, 872, 922, 709, 0, 8.06%, 97, 0, 8, 9.44, 118169
1648644057, 128, 116, 922, 708, 0, 8.06%, 97, 0, 8, 16.96, 118611
1648644067, 128, 798, 922, 707, 0, 8.06%, 97, 0, 8, 7.84, 118867
1648644072, 128, 798, 923, 708, 0, 8.07%, 98, 0, 8, 9.82, 118921
1648644077, 128, 798, 923, 708, 0, 8.07%, 99, 0, 8, 10.55, 118975
1648644087, 128, 798, 924, 709, 0, 8.07%, 99, 0, 8, 10.96, 119085
1648644108, 128, 798, 925, 710, 0, 8.07%, 99, 0, 8, 11.53, 119315
1648644113, 128, 827, 925, 710, 0, 8.07%, 99, 0, 8, 10.30, 119369
1648644159, 128, 901, 925, 709, 0, 8.07%, 99, 0, 8, 12.39, 119830
1648644164, 128, 901, 926, 710, 0, 8.07%, 99, 0, 8, 15.10, 119910
1648644185, 128, 901, 927, 711, 0, 8.07%, 99, 0, 8, 13.56, 120224
1648644200, 129, 837, 927, 710, 0, 8.07%, 99, 0, 8, 6.13, 120425
1648644230, 130, 821, 927, 709, 0, 8.07%, 99, 0, 8, 4.89, 120661
1648644266, 130, 873, 928, 709, 0, 8.12%, 99, 0, 8, 10.22, 120957
1648644271, 130, 873, 929, 710, 0, 8.12%, 99, 0, 8, 11.05, 121014
1648644286, 130, 873, 930, 711, 0, 8.12%, 99, 0, 8, 10.34, 121176
1648644317, 131, 787, 930, 710, 3, 8.12%, 99, 0, 8, 13.12, 121514
1648644353, 131, 877, 930, 709, 2, 8.12%, 99, 0, 8, 12.63, 122051
1648644363, 131, 877, 931, 710, 2, 8.12%, 99, 0, 8, 10.72, 122159
1648644368, 131, 877, 932, 711, 2, 8.12%, 99, 0, 8, 10.44, 122212
1648644378, 131, 877, 933, 712, 2, 8.12%, 99, 0, 8, 12.37, 122332
1648644393, 131, 877, 934, 713, 2, 8.12%, 99, 0, 8, 10.53, 122501
1648644404, 131, 877, 935, 714, 2, 8.12%, 99, 0, 8, 12.74, 122631
1648644409, 132, 203, 935, 713, 3, 8.12%, 99, 0, 8, 11.75, 122686
1648644435, 132, 835, 935, 712, 3, 8.12%, 99, 0, 8, 7.93, 122954
1648644465, 132, 898, 936, 713, 3, 8.12%, 99, 0, 8, 8.65, 123196
1648644470, 132, 898, 937, 714, 3, 8.12%, 99, 0, 8, 15.96, 123284
1648644485, 132, 898, 937, 714, 3, 8.12%, 100, 0, 8, 15.86, 123527
1648644490, 132, 898, 938, 715, 3, 8.12%, 100, 0, 8, 15.93, 123604
1648644495, 132, 927, 938, 714, 2, 8.12%, 100, 0, 8, 15.23, 123684
1648644541, 132, 929, 938, 713, 1, 8.12%, 100, 0, 8, 11.70, 124260
1648644597, 133, 728, 938, 712, 0, 8.12%, 100, 0, 8, 10.89, 124825
1648644613, 134, 9, 938, 712, 0, 8.12%, 100, 0, 8, 18.12, 125136
1648644633, 134, 15, 938, 711, 0, 8.12%, 100, 0, 8, 14.71, 125421
1648644648, 134, 16, 938, 710, 0, 8.12%, 100, 0, 8, 14.71, 125640
1648644669, 134, 837, 938, 709, 0, 8.12%, 100, 0, 8, 6.66, 125884
1648644699, 134, 907, 938, 709, 0, 8.12%, 100, 0, 8, 8.76, 126129
1648644740, 135, 24, 938, 708, 0, 8.12%, 100, 0, 8, 14.42, 126608
1648644756, 135, 909, 938, 708, 0, 8.12%, 100, 0, 8, 13.58, 126832
1648644761, 135, 909, 939, 709, 0, 8.12%, 100, 0, 8, 13.99, 126900
1648644771, 135, 909, 940, 710, 0, 8.12%, 100, 0, 8, 12.83, 127034
1648644781, 135, 909, 941, 711, 0, 8.12%, 100, 0, 8, 12.73, 127172
1648644802, 136, 905, 942, 711, 1, 8.12%, 100, 0, 8, 10.49, 127445
1648644863, 136, 913, 943, 711, 4, 8.12%, 100, 0, 9, 13.04, 128098
1648644873, 136, 913, 945, 713, 4, 8.12%, 100, 0, 9, 13.37, 128235
1648644884, 136, 913, 946, 714, 4, 8.12%, 100, 0, 9, 13.12, 128372
1648644889, 136, 913, 947, 715, 4, 8.12%, 100, 0, 9, 13.91, 128443
1648644914, 136, 913, 948, 716, 4, 8.12%, 100, 0, 9, 11.94, 128782
1648644925, 136, 913, 949, 717, 4, 8.12%, 100, 0, 9, 13.13, 128919
1648644930, 136, 913, 951, 719, 4, 8.12%, 101, 0, 9, 14.55, 128996
1648644935, 137, 39, 951, 718, 1, 8.12%, 101, 0, 9, 15.78, 129076
1648644945, 137, 39, 952, 719, 1, 8.12%, 101, 0, 9, 14.91, 129231
1648644950, 137, 937, 952, 718, 1, 8.12%, 101, 0, 9, 4.63, 129294
1648644986, 138, 204, 952, 717, 0, 8.12%, 101, 0, 9, 9.12, 129582
1648645007, 138, 204, 953, 718, 0, 8.12%, 101, 0, 9, 10.41, 129804
1648645012, 138, 939, 955, 720, 0, 8.12%, 101, 0, 9, 10.44, 129857
1648645033, 138, 939, 956, 721, 0, 8.12%, 101, 0, 9, 13.41, 130129
1648645038, 138, 939, 957, 722, 0, 8.12%, 101, 0, 9, 12.36, 130187
1648645048, 139, 914, 959, 723, 7, 8.12%, 101, 0, 9, 13.23, 130330
1648645053, 139, 914, 960, 724, 7, 8.12%, 101, 0, 9, 11.71, 130386
1648645063, 139, 914, 961, 725, 7, 8.12%, 101, 0, 9, 11.28, 130500
1648645104, 139, 914, 962, 726, 7, 8.12%, 101, 0, 9, 11.96, 130991
1648645115, 139, 914, 963, 727, 7, 8.12%, 101, 0, 9, 11.58, 131109
1648645120, 139, 914, 963, 727, 7, 8.12%, 102, 0, 9, 12.51, 131173
1648645125, 140, 744, 963, 726, 2, 8.12%, 102, 0, 9, 11.79, 131234
1648645166, 140, 744, 963, 726, 2, 8.12%, 103, 0, 9, 11.05, 131698
1648645176, 140, 857, 963, 726, 2, 8.12%, 103, 0, 9, 20.65, 131857
1648645191, 141, 48, 963, 726, 2, 8.12%, 103, 0, 9, 20.73, 132263
1648645212, 142, 917, 963, 725, 2, 8.12%, 103, 0, 9, 11.26, 132499
1648645283, 142, 919, 963, 724, 1, 8.12%, 103, 0, 9, 8.82, 133187
1648645330, 143, 918, 963, 723, 0, 8.12%, 103, 0, 9, 21.45, 133666
1648645345, 144, 50, 963, 722, 0, 8.12%, 103, 0, 9, 18.73, 134061
1648645356, 144, 50, 963, 722, 0, 8.12%, 104, 0, 9, 11.91, 134175
1648645366, 144, 958, 963, 721, 0, 8.12%, 104, 0, 9, 11.05, 134287
1648645371, 144, 958, 964, 722, 0, 8.12%, 104, 0, 10, 12.05, 134351
1648645381, 144, 958, 965, 723, 0, 8.12%, 105, 0, 10, 13.05, 134486
1648645391, 144, 958, 966, 724, 0, 8.12%, 105, 0, 10, 12.34, 134609
1648645397, 144, 958, 966, 724, 0, 8.12%, 106, 0, 10, 12.62, 134676
1648645412, 144, 958, 967, 725, 0, 8.12%, 106, 0, 10, 12.22, 134870
1648645422, 144, 958, 967, 725, 0, 8.12%, 107, 0, 10, 12.81, 135007
1648645438, 145, 919, 967, 724, 5, 8.12%, 107, 0, 10, 13.49, 135208
1648645448, 145, 919, 968, 725, 5, 8.12%, 107, 0, 10, 14.50, 135359
1648645463, 145, 919, 969, 726, 5, 8.12%, 107, 0, 10, 14.73, 135594
1648645468, 145, 933, 969, 726, 6, 8.12%, 108, 0, 10, 12.59, 135659
1648645474, 145, 933, 969, 726, 6, 8.12%, 109, 0, 10, 9.27, 135699
1648645520, 146, 68, 969, 725, 5, 8.12%, 109, 0, 10, 9.92, 136106
1648645540, 146, 390, 969, 725, 5, 8.12%, 109, 0, 10, 11.98, 136372
1648645576, 146, 924, 970, 726, 5, 8.12%, 109, 0, 10, 16.31, 136745
1648645581, 146, 924, 971, 727, 5, 8.12%, 109, 0, 10, 19.07, 136848
1648645592, 146, 924, 971, 727, 5, 8.12%, 111, 0, 10, 16.56, 137012
1648645602, 146, 924, 971, 726, 2, 8.12%, 111, 0, 10, 11.20, 137149
1648645607, 146, 924, 971, 726, 2, 8.12%, 112, 0, 10, 8.77, 137189
1648645654, 147, 448, 971, 726, 2, 8.12%, 112, 0, 10, 9.00, 137604
1648645679, 147, 937, 972, 727, 2, 8.12%, 112, 0, 10, 9.34, 137858
1648645684, 147, 937, 974, 729, 2, 8.12%, 112, 0, 10, 8.14, 137896
1648645695, 147, 937, 975, 730, 2, 8.12%, 112, 0, 10, 7.53, 137972
1648645741, 147, 937, 976, 731, 2, 8.12%, 112, 0, 10, 8.16, 138354
1648645786, 147, 941, 976, 731, 7, 8.12%, 112, 0, 10, 8.95, 138779
1648645853, 148, 274, 976, 730, 6, 8.12%, 112, 0, 10, 12.28, 139442
1648645863, 148, 274, 977, 731, 6, 8.12%, 113, 0, 10, 13.47, 139589
1648645868, 148, 274, 978, 732, 6, 8.12%, 113, 0, 10, 14.40, 139662
1648645878, 148, 947, 980, 733, 6, 8.13%, 113, 0, 10, 11.36, 139794
1648645925, 148, 947, 981, 734, 6, 8.13%, 113, 0, 10, 10.64, 140276
1648645945, 149, 932, 981, 733, 6, 8.13%, 113, 0, 10, 10.55, 140501
1648645991, 149, 979, 981, 732, 5, 8.13%, 113, 0, 10, 11.26, 141037
1648646068, 150, 966, 982, 732, 2, 8.13%, 113, 0, 11, 9.94, 141920
1648646073, 150, 966, 983, 733, 2, 8.13%, 113, 0, 11, 9.31, 141968
1648646135, 150, 981, 984, 733, 2, 8.13%, 114, 0, 12, 9.81, 142586
1648646140, 150, 981, 985, 734, 2, 8.13%, 118, 0, 12, 10.19, 142638
1648646175, 150, 981, 986, 735, 2, 8.13%, 118, 0, 12, 11.79, 143039
1648646196, 151, 926, 987, 735, 0, 8.13%, 118, 0, 12, 10.45, 143260
1648646206, 151, 926, 988, 736, 0, 8.13%, 118, 0, 12, 10.72, 143372
1648646273, 151, 987, 988, 735, 0, 8.13%, 118, 0, 12, 10.25, 144148
1648646319, 151, 987, 989, 736, 0, 8.13%, 118, 0, 12, 11.05, 144604
1648646334, 151, 987, 989, 736, 0, 8.13%, 119, 0, 12, 9.98, 144753
1648646339, 152, 934, 989, 735, 0, 8.13%, 119, 0, 12, 9.92, 144803
1648646391, 152, 988, 990, 735, 0, 8.13%, 119, 0, 12, 10.46, 145279
1648646406, 152, 988, 991, 736, 0, 8.13%, 119, 0, 12, 9.92, 145442
1648646411, 152, 988, 992, 737, 0, 8.13%, 119, 0, 12, 10.49, 145498
1648646467, 153, 275, 992, 736, 0, 8.13%, 119, 0, 12, 9.32, 146170
1648646483, 153, 275, 992, 736, 0, 8.13%, 120, 0, 12, 9.52, 146316
1648646498, 153, 449, 992, 735, 0, 8.13%, 120, 0, 12, 10.15, 146460
1648646534, 154, 276, 992, 734, 0, 8.13%, 120, 0, 12, 9.53, 146813
1648646570, 154, 279, 992, 733, 0, 8.13%, 120, 0, 12, 8.95, 147144
1648646606, 154, 745, 992, 732, 0, 8.13%, 120, 0, 12, 6.55, 147463
1648646637, 155, 230, 992, 731, 0, 8.13%, 120, 0, 12, 9.24, 147710
1648646662, 156, 107, 992, 730, 0, 8.13%, 120, 0, 12, 10.15, 147971
1648646693, 156, 949, 992, 729, 0, 8.13%, 120, 0, 12, 10.36, 148280
1648646698, 156, 949, 992, 729, 0, 8.13%, 121, 0, 12, 9.79, 148331
1648646770, 156, 949, 993, 730, 0, 8.13%, 121, 0, 12, 9.19, 149084
1648646776, 157, 59, 993, 729, 0, 8.13%, 121, 0, 12, 15.77, 149162
1648646786, 158, 14, 993, 728, 0, 8.13%, 121, 0, 12, 20.68, 149387
1648646816, 158, 452, 993, 728, 0, 8.13%, 121, 0, 12, 10.88, 149680
1648646847, 158, 493, 993, 727, 0, 8.13%, 121, 0, 12, 10.96, 150032
1648646877, 159, 354, 993, 726, 0, 8.13%, 121, 0, 12, 17.99, 150409
1648646898, 159, 391, 993, 725, 0, 8.13%, 121, 0, 12, 16.11, 150786
1648646923, 159, 950, 993, 724, 0, 8.13%, 121, 0, 12, 12.06, 151085
1648646959, 159, 950, 994, 725, 0, 8.13%, 121, 0, 12, 11.89, 151552
1648646969, 159, 950, 995, 726, 0, 8.13%, 121, 0, 12, 12.07, 151678
1648646980, 159, 950, 995, 726, 0, 8.13%, 122, 0, 12, 12.27, 151799
1648646995, 160, 940, 995, 725, 0, 8.13%, 123, 0, 12, 10.23, 151992
1648647041, 160, 988, 996, 725, 0, 8.13%, 123, 0, 12, 12.42, 152430
1648647098, 161, 746, 996, 725, 0, 8.13%, 123, 0, 12, 14.66, 153345
1648647139, 162, 67, 996, 725, 0, 8.13%, 123, 0, 12, 14.34, 153930
1648647159, 162, 956, 996, 724, 0, 8.13%, 123, 0, 12, 9.28, 154157
1648647210, 162, 956, 997, 725, 0, 8.13%, 123, 0, 12, 9.72, 154600
1648647236, 163, 280, 997, 724, 0, 8.13%, 123, 0, 12, 18.63, 154890
1648647251, 163, 962, 998, 724, 0, 8.13%, 123, 0, 12, 20.50, 155208
1648647271, 163, 962, 999, 725, 0, 8.13%, 123, 0, 12, 16.91, 155603
1648647297, 163, 993, 999, 724, 5, 8.13%, 123, 0, 12, 17.48, 156035
1648647302, 163, 993, 1000, 725, 5, 8.13%, 123, 0, 12, 19.04, 156135
1648647317, 163, 993, 1001, 726, 5, 8.13%, 123, 0, 12, 14.82, 156384
1648647338, 163, 999, 1001, 725, 6, 8.13%, 125, 0, 12, 12.66, 156711
1648647405, 163, 999, 1002, 726, 6, 8.13%, 125, 0, 12, 9.26, 157271
1648647420, 163, 999, 1002, 726, 6, 8.13%, 126, 0, 12, 9.95, 157417
1648647446, 164, 61, 1002, 725, 0, 8.13%, 127, 0, 12, 9.28, 157643
1648647472, 164, 125, 1002, 724, 0, 8.13%, 127, 0, 12, 11.24, 157896
1648647477, 164, 125, 1003, 725, 0, 8.13%, 127, 0, 12, 12.63, 157964
1648647492, 164, 754, 1004, 725, 2, 8.13%, 127, 0, 12, 4.37, 158159
1648647528, 164, 968, 1004, 725, 2, 8.13%, 127, 0, 12, 10.33, 158454
1648647538, 164, 968, 1005, 726, 2, 8.13%, 127, 0, 12, 11.17, 158571
1648647574, 165, 754, 1005, 725, 2, 8.13%, 127, 0, 12, 5.25, 159007
1648647605, 165, 974, 1005, 725, 2, 8.13%, 127, 0, 12, 7.59, 159245
1648647682, 165, 980, 1005, 724, 1, 8.13%, 127, 0, 12, 8.62, 159909
1648647734, 165, 980, 1005, 724, 1, 8.13%, 128, 0, 12, 10.27, 160343
1648647760, 165, 989, 1006, 724, 0, 8.13%, 128, 0, 12, 6.89, 160571
1648647780, 165, 989, 1007, 725, 0, 8.13%, 128, 0, 12, 11.55, 160800
1648647790, 165, 989, 1007, 725, 0, 8.13%, 129, 0, 12, 11.39, 160915
1648647841, 166, 126, 1007, 724, 0, 8.13%, 129, 0, 12, 9.18, 161444
1648647847, 166, 126, 1008, 725, 0, 8.13%, 129, 0, 12, 12.54, 161516
1648647862, 166, 281, 1008, 724, 0, 8.13%, 129, 0, 12, 11.89, 161722
1648647898, 166, 839, 1008, 723, 0, 8.13%, 129, 0, 12, 11.84, 162094
1648647918, 166, 990, 1008, 722, 0, 8.13%, 129, 0, 12, 3.92, 162368
1648647954, 167, 282, 1008, 721, 0, 8.13%, 129, 0, 12, 8.30, 162650
1648647985, 168, 128, 1008, 720, 0, 8.13%, 129, 0, 12, 10.92, 162974
1648648006, 168, 535, 1008, 720, 0, 8.13%, 129, 0, 12, 11.79, 163202
1648648042, 169, 129, 1008, 719, 0, 8.13%, 129, 0, 12, 13.76, 163589
1648648062, 169, 994, 1008, 718, 0, 8.13%, 129, 0, 12, 10.90, 163822
1648648124, 170, 755, 1008, 717, 0, 8.13%, 130, 0, 12, 4.37, 164432
1648648159, 171, 164, 1008, 717, 0, 8.13%, 130, 0, 12, 8.86, 164720
1648648185, 171, 283, 1008, 716, 0, 8.13%, 130, 0, 12, 9.51, 164959
1648648216, 171, 552, 1009, 716, 0, 8.13%, 130, 0, 12, 9.72, 165273
1648648247, 172, 188, 1009, 715, 0, 8.13%, 130, 0, 12, 9.14, 165600
1648648277, 172, 442, 1009, 715, 0, 8.13%, 130, 0, 12, 8.36, 165845
1648648313, 172, 963, 1009, 714, 0, 8.13%, 130, 0, 12, 8.05, 166138
1648648380, 173, 188, 1009, 713, 0, 8.13%, 130, 0, 12, 9.74, 166807
1648648416, 173, 965, 1010, 714, 0, 8.13%, 131, 0, 12, 8.16, 167088
1648648483, 174, 173, 1010, 713, 6, 8.13%, 131, 0, 12, 11.68, 167758
1648648503, 174, 468, 1010, 712, 6, 8.13%, 131, 0, 12, 10.67, 167991
1648648554, 174, 848, 1010, 712, 6, 8.13%, 131, 0, 12, 12.31, 168590
1648648590, 175, 520, 1010, 712, 6, 8.13%, 131, 0, 12, 12.36, 169008
1648648600, 175, 520, 1011, 713, 6, 8.13%, 131, 0, 12, 13.19, 169141
1648648615, 175, 828, 1011, 713, 2, 8.13%, 131, 0, 12, 9.66, 169321
1648648661, 175, 996, 1011, 713, 2, 8.13%, 131, 0, 12, 11.61, 169770
1648648702, 175, 996, 1012, 714, 2, 8.13%, 131, 0, 12, 11.59, 170239
1648648728, 175, 996, 1012, 714, 2, 8.13%, 132, 0, 12, 11.21, 170528
1648648738, 176, 130, 1012, 713, 0, 8.13%, 132, 0, 12, 13.65, 170663
1648648759, 176, 132, 1012, 712, 0, 8.13%, 132, 0, 12, 16.46, 170943
1648648774, 176, 1006, 1012, 711, 0, 8.13%, 132, 0, 12, 4.39, 171157
1648648810, 177, 853, 1012, 710, 0, 8.13%, 132, 0, 12, 8.54, 171442
1648648846, 177, 954, 1012, 709, 0, 8.13%, 132, 0, 12, 10.00, 171787
1648648907, 177, 954, 1013, 710, 0, 8.13%, 132, 0, 12, 9.03, 172330
1648648913, 178, 872, 1013, 709, 0, 8.13%, 132, 0, 12, 11.29, 172386
1648648944, 179, 284, 1013, 709, 0, 8.13%, 132, 0, 12, 12.36, 172818
1648648954, 179, 284, 1014, 710, 0, 8.13%, 132, 0, 12, 11.22, 172936
1648648974, 180, 970, 1014, 709, 0, 8.13%, 132, 0, 12, 9.53, 173163
1648648990, 180, 970, 1014, 709, 0, 8.13%, 133, 0, 12, 8.87, 173306
1648649000, 180, 989, 1014, 709, 0, 8.13%, 133, 0, 12, 8.70, 173399
1648649087, 181, 521, 1014, 709, 0, 8.13%, 133, 0, 12, 10.61, 174179
1648649129, 181, 982, 1014, 708, 0, 8.13%, 133, 0, 12, 8.06, 174524
1648649191, 182, 524, 1014, 707, 0, 8.13%, 133, 0, 12, 12.23, 175167
1648649211, 182, 911, 1014, 706, 0, 8.13%, 133, 0, 12, 15.11, 175516
1648649257, 183, 136, 1014, 705, 0, 8.13%, 133, 0, 12, 14.74, 176148
1648649262, 183, 136, 1015, 706, 0, 8.13%, 133, 0, 12, 15.40, 176224
1648649277, 183, 993, 1015, 705, 0, 8.13%, 133, 0, 12, 11.40, 176433
1648649323, 184, 919, 1015, 705, 0, 8.13%, 133, 0, 12, 28.10, 176989
1648649334, 185, 287, 1015, 705, 0, 8.13%, 133, 0, 12, 23.48, 177285
1648649359, 186, 144, 1015, 704, 0, 8.13%, 133, 0, 12, 13.06, 177593
1648649375, 186, 567, 1015, 703, 0, 8.13%, 133, 0, 12, 15.54, 177843
1648649411, 186, 939, 1015, 702, 0, 8.13%, 133, 0, 12, 7.80, 178205
1648649442, 187, 443, 1015, 702, 0, 8.13%, 133, 0, 12, 8.17, 178447
1648649488, 188, 568, 1015, 701, 0, 8.13%, 133, 0, 12, 12.04, 178834
1648649513, 188, 594, 1015, 700, 0, 8.13%, 133, 0, 12, 11.01, 179150
1648649539, 189, 288, 1015, 700, 0, 8.13%, 133, 0, 12, 10.71, 179420
1648649570, 190, 8, 1015, 699, 0, 8.13%, 133, 0, 12, 14.02, 179781
1648649575, 190, 8, 1016, 700, 0, 8.13%, 133, 0, 12, 14.69, 179857
1648649590, 190, 595, 1016, 699, 0, 8.13%, 133, 0, 12, 13.71, 180084
1648649615, 191, 288, 1016, 698, 0, 8.13%, 133, 0, 12, 11.18, 180375
1648649621, 191, 288, 1017, 699, 0, 8.13%, 133, 0, 12, 11.14, 180432
1648649646, 191, 447, 1017, 699, 0, 8.13%, 133, 0, 12, 18.05, 180761
