# unix_time, cycles_done, cur_path, paths_total, pending_total, pending_favs, map_size, unique_crashes, unique_hangs, max_depth, execs_per_sec, total_execs
1648633531, 0, 0, 2, 2, 1, 19.87%, 0, 0, 2, 3.51, 41
1648633537, 0, 0, 5, 5, 1, 19.93%, 0, 0, 2, 4.92, 71
1648633542, 0, 0, 7, 7, 1, 19.93%, 0, 0, 2, 5.43, 101
1648633547, 0, 0, 8, 8, 1, 19.94%, 0, 0, 2, 5.64, 131
1648633552, 0, 0, 10, 10, 1, 19.98%, 0, 0, 2, 4.83, 156
1648633557, 0, 0, 12, 12, 1, 19.98%, 0, 0, 2, 5.12, 179
1648633563, 0, 0, 14, 14, 1, 20.00%, 0, 0, 2, 4.85, 202
1648633568, 0, 0, 17, 17, 1, 20.03%, 0, 0, 2, 4.68, 227
1648633573, 0, 0, 20, 20, 1, 20.04%, 0, 0, 2, 5.18, 256
1648633583, 0, 0, 21, 21, 1, 20.04%, 0, 0, 2, 5.31, 308
1648633589, 0, 0, 23, 23, 1, 20.05%, 0, 0, 2, 4.24, 328
1648633594, 0, 0, 25, 25, 1, 20.05%, 0, 0, 2, 4.25, 349
1648633604, 0, 0, 26, 26, 1, 20.05%, 0, 0, 2, 4.80, 390
1648633609, 0, 0, 27, 27, 1, 20.05%, 0, 0, 2, 4.21, 409
1648633615, 0, 0, 28, 28, 1, 20.05%, 0, 0, 2, 4.25, 429
1648633620, 0, 0, 30, 30, 1, 20.06%, 0, 0, 2, 5.05, 458
1648633630, 0, 0, 31, 31, 1, 20.06%, 0, 0, 2, 5.21, 508
1648633635, 0, 0, 33, 33, 1, 20.06%, 0, 0, 2, 4.64, 532
1648633641, 0, 0, 34, 34, 1, 20.06%, 0, 0, 2, 4.15, 550
1648633651, 0, 0, 35, 35, 1, 20.07%, 0, 0, 2, 5.27, 604
1648633656, 0, 31, 36, 35, 0, 20.27%, 0, 0, 3, 0.00, 610
1648633714, 0, 34, 37, 35, 0, 20.27%, 0, 0, 3, 0.00, 884
1648633761, 1, 8, 37, 34, 15, 20.27%, 0, 0, 3, 5.70, 1146
1648633766, 1, 8, 38, 35, 15, 20.27%, 0, 0, 3, 5.51, 1174
1648633772, 1, 8, 40, 37, 15, 20.28%, 0, 0, 3, 5.48, 1203
1648633777, 1, 8, 41, 38, 15, 20.28%, 0, 0, 3, 4.70, 1225
1648633782, 1, 8, 42, 39, 15, 20.28%, 0, 0, 3, 4.85, 1247
1648633787, 1, 8, 43, 40, 15, 20.28%, 0, 0, 3, 5.17, 1275
1648633792, 1, 8, 44, 41, 15, 20.28%, 0, 0, 3, 4.37, 1295
1648633798, 1, 8, 45, 42, 15, 20.28%, 0, 0, 3, 3.76, 1311
1648633803, 1, 8, 46, 43, 15, 20.28%, 0, 0, 3, 4.53, 1336
1648633814, 1, 8, 48, 45, 15, 20.30%, 0, 0, 3, 5.07, 1387
1648633819, 1, 8, 49, 46, 15, 20.30%, 0, 0, 3, 4.86, 1411
1648633839, 1, 8, 50, 47, 15, 20.30%, 0, 0, 3, 4.85, 1500
1648633845, 1, 22, 51, 47, 0, 20.30%, 0, 0, 3, 0.00, 1514
1648633896, 1, 22, 52, 48, 0, 20.30%, 0, 0, 3, 3.50, 1690
1648633927, 2, 3, 53, 48, 0, 20.30%, 0, 0, 3, 0.00, 1796
1648633937, 2, 3, 54, 49, 0, 20.30%, 0, 0, 3, 5.64, 1844
1648633980, 2, 13, 54, 48, 15, 20.30%, 0, 0, 3, 5.35, 2079
1648633985, 2, 13, 56, 50, 15, 20.30%, 0, 0, 3, 5.26, 2104
1648634000, 2, 13, 57, 51, 15, 20.31%, 0, 0, 3, 5.18, 2182
1648634016, 2, 13, 58, 52, 15, 20.32%, 0, 0, 3, 5.12, 2258
1648634021, 2, 13, 59, 53, 15, 20.32%, 0, 0, 3, 4.64, 2282
1648634031, 2, 13, 60, 54, 15, 20.32%, 0, 0, 3, 4.96, 2331
1648634041, 2, 59, 61, 54, 0, 20.32%, 0, 0, 4, 2.96, 2367
1648634104, 3, 37, 61, 53, 1, 20.32%, 0, 0, 4, 5.68, 2698
1648634136, 3, 37, 62, 54, 1, 20.33%, 0, 0, 4, 5.69, 2878
1648634156, 4, 14, 63, 54, 17, 20.34%, 0, 0, 4, 5.62, 2997
1648634198, 4, 14, 64, 55, 17, 20.34%, 0, 0, 4, 4.22, 3189
1648634208, 4, 14, 65, 56, 17, 20.34%, 0, 0, 4, 4.48, 3230
1648634219, 4, 31, 65, 55, 0, 20.34%, 0, 0, 4, 5.38, 3282
1648634266, 4, 31, 66, 56, 0, 20.34%, 0, 0, 4, 5.35, 3534
1648634271, 4, 47, 67, 57, 1, 20.34%, 0, 0, 4, 5.65, 3548
1648634324, 5, 18, 67, 56, 17, 20.34%, 0, 0, 4, 5.31, 3843
1648634329, 5, 18, 68, 57, 17, 20.34%, 0, 0, 4, 4.27, 3861
1648634349, 5, 18, 69, 58, 17, 20.34%, 0, 0, 4, 5.31, 3967
1648634359, 5, 18, 70, 59, 17, 20.34%, 0, 0, 4, 5.20, 4016
1648634375, 5, 18, 71, 60, 17, 20.34%, 0, 0, 4, 5.23, 4095
1648634385, 5, 44, 72, 60, 0, 20.34%, 0, 0, 4, 3.48, 4129
1648634478, 5, 53, 73, 60, 1, 20.35%, 0, 0, 4, 6.71, 4463
1648634489, 6, 23, 74, 60, 18, 20.35%, 0, 0, 4, 5.52, 4520
1648634494, 6, 23, 75, 61, 18, 20.35%, 0, 0, 4, 4.53, 4540
1648634510, 6, 23, 76, 62, 18, 20.35%, 0, 0, 4, 5.27, 4622
1648634536, 6, 23, 77, 63, 18, 20.94%, 0, 0, 4, 4.84, 4752
1648634541, 6, 23, 78, 64, 18, 20.94%, 0, 0, 4, 5.07, 4777
1648634546, 6, 23, 79, 65, 18, 20.94%, 0, 0, 4, 4.57, 4801
1648634551, 6, 61, 80, 65, 0, 20.94%, 0, 0, 5, 5.78, 4816
1648634562, 6, 61, 81, 66, 0, 20.94%, 0, 0, 5, 6.33, 4881
1648634614, 7, 27, 81, 65, 0, 20.94%, 0, 0, 5, 5.53, 5178
1648634624, 7, 27, 82, 66, 0, 20.94%, 0, 0, 5, 5.41, 5234
1648634630, 7, 27, 83, 67, 0, 20.95%, 0, 0, 5, 4.84, 5259
1648634645, 7, 27, 84, 68, 0, 20.95%, 0, 0, 5, 5.19, 5339
1648634650, 7, 27, 85, 69, 0, 20.95%, 0, 0, 5, 6.38, 5371
1648634661, 7, 27, 86, 70, 0, 20.95%, 0, 0, 5, 4.37, 5420
1648634672, 7, 28, 86, 69, 21, 20.95%, 0, 0, 5, 4.41, 5466
1648634692, 7, 28, 87, 70, 21, 20.95%, 0, 0, 5, 5.05, 5564
1648634718, 7, 28, 88, 71, 21, 20.96%, 0, 0, 5, 5.45, 5693
1648634728, 7, 45, 89, 71, 2, 20.96%, 0, 0, 5, 0.00, 5738
1648634791, 8, 38, 89, 70, 20, 20.96%, 0, 0, 5, 4.87, 6061
1648634801, 8, 38, 90, 71, 20, 20.96%, 0, 0, 5, 5.17, 6116
1648634849, 8, 51, 90, 70, 2, 20.96%, 0, 0, 5, 3.44, 6350
1648634941, 9, 46, 91, 70, 1, 20.97%, 0, 0, 5, 4.56, 6683
1648634946, 9, 46, 92, 71, 1, 20.97%, 0, 0, 5, 5.12, 6711
1648635003, 9, 48, 92, 70, 21, 20.97%, 0, 0, 5, 4.64, 6974
1648635008, 9, 48, 93, 71, 21, 20.97%, 0, 0, 5, 4.46, 6996
1648635019, 9, 48, 94, 72, 21, 20.97%, 0, 0, 5, 4.79, 7043
1648635034, 9, 48, 95, 73, 21, 20.97%, 0, 0, 5, 5.20, 7122
1648635044, 9, 48, 96, 74, 21, 20.97%, 0, 0, 5, 5.23, 7171
1648635065, 9, 48, 97, 75, 21, 20.99%, 0, 0, 5, 4.87, 7279
1648635082, 9, 76, 99, 76, 0, 21.00%, 0, 0, 5, 3.09, 7428
1648635098, 10, 74, 100, 76, 1, 21.00%, 0, 0, 5, 3.43, 7685
1648635155, 10, 74, 101, 77, 1, 21.00%, 0, 0, 5, 7.83, 7904
1648635191, 10, 95, 102, 77, 1, 21.00%, 0, 0, 5, 0.00, 8035
1648635238, 10, 95, 103, 78, 1, 21.00%, 0, 0, 5, 6.23, 8285
1648635301, 11, 81, 103, 77, 2, 21.00%, 0, 0, 5, 33.65, 8626
1648635306, 11, 81, 104, 78, 2, 21.00%, 0, 0, 5, 28.50, 8751
1648635322, 12, 49, 104, 77, 0, 21.00%, 0, 0, 5, 6.26, 8980
1648635353, 12, 49, 105, 78, 0, 21.00%, 0, 0, 5, 6.05, 9137
1648635358, 12, 49, 106, 79, 0, 21.01%, 0, 0, 5, 5.75, 9165
1648635373, 12, 49, 107, 80, 0, 21.01%, 0, 0, 5, 5.15, 9242
1648635384, 12, 55, 107, 79, 19, 21.01%, 0, 0, 5, 5.16, 9296
1648635405, 12, 55, 108, 80, 19, 21.02%, 0, 0, 5, 5.60, 9407
1648635425, 12, 55, 109, 81, 19, 21.02%, 0, 0, 5, 5.48, 9519
1648635441, 13, 0, 110, 81, 2, 21.03%, 0, 0, 5, 0.00, 9587
1648635456, 13, 0, 111, 82, 2, 21.03%, 0, 0, 5, 3.45, 9605
1648635467, 13, 0, 112, 83, 2, 21.03%, 0, 0, 5, 3.47, 9641
1648635477, 13, 0, 113, 84, 2, 21.03%, 0, 0, 5, 3.50, 9677
1648635487, 13, 0, 115, 86, 2, 21.03%, 0, 0, 5, 3.51, 9713
1648635508, 13, 0, 116, 87, 2, 21.03%, 0, 0, 5, 3.64, 9786
1648635524, 13, 0, 117, 88, 2, 21.04%, 0, 0, 5, 3.46, 9840
1648635539, 13, 0, 118, 89, 2, 21.04%, 0, 0, 5, 3.50, 9894
1648635544, 13, 0, 120, 91, 2, 21.04%, 0, 0, 5, 3.46, 9912
1648635560, 13, 0, 122, 93, 2, 21.04%, 0, 0, 5, 3.47, 9966
1648635565, 13, 0, 123, 94, 2, 21.04%, 0, 0, 5, 3.51, 9984
1648635575, 13, 0, 124, 95, 2, 21.04%, 0, 0, 5, 3.56, 10021
1648635586, 13, 0, 125, 96, 2, 21.04%, 0, 0, 5, 3.52, 10057
1648635591, 13, 0, 126, 97, 2, 21.04%, 0, 0, 5, 3.51, 10075
1648635596, 13, 0, 127, 98, 2, 21.04%, 0, 0, 5, 3.48, 10093
1648635606, 13, 0, 128, 99, 2, 21.04%, 0, 0, 5, 3.53, 10129
1648635616, 13, 0, 129, 100, 2, 21.04%, 0, 0, 5, 3.48, 10165
1648635632, 13, 20, 129, 100, 0, 21.04%, 0, 0, 5, 5.68, 10219
1648635679, 13, 57, 129, 99, 0, 21.04%, 0, 0, 5, 5.42, 10486
1648635726, 13, 57, 130, 100, 0, 21.30%, 0, 0, 5, 4.70, 10720
1648635737, 13, 68, 131, 100, 21, 21.30%, 0, 0, 5, 4.39, 10765
1648635747, 13, 68, 132, 101, 21, 21.30%, 0, 0, 5, 4.53, 10808
1648635763, 13, 68, 133, 102, 21, 21.30%, 0, 0, 5, 4.24, 10874
1648635768, 13, 68, 134, 103, 21, 21.30%, 0, 0, 5, 4.29, 10895
1648635783, 13, 68, 135, 104, 21, 21.30%, 0, 0, 5, 3.65, 10957
1648635794, 13, 68, 136, 105, 21, 21.30%, 0, 0, 5, 4.99, 11010
1648635800, 13, 68, 137, 106, 21, 21.31%, 0, 0, 5, 5.24, 11040
1648635820, 13, 68, 138, 107, 21, 21.31%, 0, 0, 5, 5.38, 11142
1648635825, 13, 68, 139, 108, 21, 21.64%, 0, 0, 5, 5.13, 11167
1648635831, 13, 91, 140, 108, 3, 21.64%, 0, 0, 5, 3.16, 11293
1648635851, 14, 0, 141, 108, 4, 21.64%, 0, 0, 5, 0.00, 11756
1648635862, 14, 0, 142, 109, 4, 21.64%, 0, 0, 5, 3.48, 11763
1648635867, 14, 0, 143, 110, 4, 21.64%, 0, 0, 5, 3.49, 11781
1648635872, 14, 0, 144, 111, 4, 21.64%, 0, 0, 5, 3.50, 11799
1648635877, 14, 0, 145, 112, 4, 21.64%, 0, 0, 5, 3.49, 11817
1648635882, 14, 0, 146, 113, 4, 21.64%, 0, 0, 5, 3.49, 11835
1648635898, 14, 0, 147, 114, 4, 21.64%, 0, 0, 5, 3.50, 11889
1648635903, 14, 0, 148, 115, 4, 21.64%, 0, 0, 5, 3.48, 11907
1648635908, 14, 0, 149, 116, 4, 21.64%, 0, 0, 5, 3.50, 11925
1648635913, 14, 0, 150, 117, 4, 21.64%, 0, 0, 5, 3.50, 11943
1648635934, 14, 0, 151, 118, 4, 21.64%, 0, 0, 5, 3.54, 12017
1648635950, 14, 0, 152, 119, 4, 21.64%, 0, 0, 5, 3.48, 12072
1648635965, 14, 0, 153, 120, 4, 21.64%, 0, 0, 5, 3.50, 12127
1648635975, 14, 69, 153, 120, 24, 21.64%, 0, 0, 5, 4.27, 12169
1648635996, 14, 69, 154, 121, 24, 21.65%, 0, 0, 5, 5.06, 12276
1648636016, 14, 69, 155, 122, 24, 21.65%, 0, 0, 5, 4.48, 12368
1648636022, 14, 69, 156, 123, 24, 21.65%, 0, 0, 5, 4.90, 12395
1648636042, 14, 69, 157, 124, 24, 21.65%, 0, 0, 5, 5.32, 12497
1648636048, 14, 70, 157, 123, 27, 21.65%, 0, 0, 5, 5.05, 12521
1648636068, 14, 70, 158, 124, 27, 21.66%, 0, 0, 5, 5.03, 12627
1648636105, 14, 70, 159, 125, 27, 21.66%, 0, 0, 5, 4.71, 12816
1648636110, 14, 70, 160, 126, 27, 21.66%, 0, 0, 5, 4.23, 12836
1648636115, 14, 70, 161, 127, 27, 21.66%, 0, 0, 5, 4.77, 12862
1648636120, 14, 70, 162, 128, 27, 21.66%, 0, 0, 5, 5.09, 12889
1648636125, 14, 71, 163, 128, 0, 21.66%, 0, 0, 5, 4.48, 12912
1648636141, 14, 71, 164, 129, 0, 21.66%, 0, 0, 5, 4.76, 12982
1648636151, 14, 71, 165, 130, 0, 21.66%, 0, 0, 5, 4.18, 13027
1648636161, 14, 71, 166, 131, 0, 21.66%, 0, 0, 5, 4.58, 13074
1648636172, 14, 71, 167, 132, 0, 21.66%, 0, 0, 5, 4.98, 13123
1648636208, 14, 71, 168, 133, 0, 21.66%, 0, 0, 5, 4.51, 13294
1648636223, 14, 71, 169, 134, 0, 21.66%, 0, 0, 5, 4.82, 13364
1648636234, 14, 76, 170, 134, 0, 21.66%, 0, 0, 5, 5.43, 13403
1648636286, 15, 73, 170, 134, 32, 21.66%, 0, 0, 5, 5.42, 13683
1648636301, 15, 73, 171, 135, 32, 21.66%, 0, 0, 5, 5.42, 13765
1648636306, 15, 73, 172, 136, 32, 21.79%, 0, 0, 5, 5.53, 13793
1648636321, 15, 73, 173, 137, 32, 21.79%, 0, 0, 5, 5.14, 13868
1648636353, 15, 73, 174, 138, 32, 21.79%, 0, 0, 5, 5.21, 14025
1648636363, 15, 103, 175, 138, 0, 21.79%, 0, 0, 5, 21.28, 14120
1648636452, 16, 77, 175, 137, 31, 21.79%, 0, 0, 5, 4.90, 14657
1648636514, 16, 77, 176, 138, 31, 21.80%, 0, 0, 5, 5.17, 14979
1648636519, 16, 82, 176, 137, 31, 21.80%, 0, 0, 5, 5.17, 15005
1648636545, 16, 82, 178, 139, 31, 21.80%, 0, 0, 5, 4.75, 15129
1648636571, 16, 82, 179, 140, 31, 21.80%, 0, 0, 5, 5.10, 15265
1648636592, 16, 86, 180, 140, 33, 21.80%, 0, 0, 5, 5.46, 15373
1648636603, 16, 86, 181, 141, 33, 21.81%, 0, 0, 5, 5.39, 15428
1648636654, 16, 86, 182, 142, 33, 21.81%, 0, 0, 5, 5.06, 15678
1648636665, 16, 111, 183, 142, 3, 21.81%, 0, 0, 5, 0.00, 15721
1648636670, 16, 111, 184, 143, 3, 21.81%, 0, 0, 5, 3.53, 15733
1648636706, 16, 111, 185, 144, 3, 21.81%, 0, 0, 5, 3.48, 15860
1648636716, 16, 111, 186, 145, 3, 21.81%, 0, 0, 5, 3.47, 15896
1648636721, 16, 111, 187, 146, 3, 21.81%, 0, 0, 5, 3.46, 15914
1648636726, 16, 111, 188, 147, 3, 21.81%, 0, 0, 5, 3.51, 15932
1648636737, 16, 111, 189, 148, 3, 21.81%, 0, 0, 5, 3.46, 15968
1648636768, 16, 111, 190, 149, 3, 21.81%, 0, 0, 5, 3.50, 16076
1648636773, 16, 111, 191, 150, 3, 21.81%, 0, 0, 5, 3.50, 16094
1648636778, 16, 111, 192, 151, 3, 21.81%, 0, 0, 5, 3.50, 16112
1648636783, 16, 111, 193, 152, 3, 21.81%, 0, 0, 5, 3.49, 16130
1648636794, 16, 111, 194, 153, 3, 21.81%, 0, 0, 5, 3.51, 16166
1648636799, 17, 91, 194, 152, 0, 21.81%, 0, 0, 5, 3.97, 16187
1648636804, 17, 91, 195, 153, 0, 21.81%, 0, 0, 5, 4.51, 16212
1648636835, 17, 91, 196, 154, 0, 21.81%, 0, 0, 5, 5.14, 16365
1648636856, 17, 91, 197, 155, 0, 21.81%, 0, 0, 5, 4.99, 16465
1648636861, 17, 91, 198, 156, 0, 21.82%, 0, 0, 5, 4.32, 16486
1648636893, 17, 91, 199, 157, 0, 21.82%, 0, 0, 5, 4.48, 16632
1648636924, 17, 139, 200, 158, 3, 21.82%, 0, 0, 6, 33.02, 16820
1648636929, 17, 139, 201, 159, 3, 21.82%, 0, 0, 6, 28.15, 16953
1648637034, 17, 156, 202, 159, 0, 21.82%, 0, 0, 6, 0.00, 17959
1648637201, 18, 92, 202, 158, 4294967295, 21.82%, 0, 0, 6, 4.05, 18552
1648637206, 18, 92, 203, 159, 4294967295, 21.82%, 0, 0, 6, 3.22, 18564
1648637211, 18, 92, 204, 160, 4294967295, 21.82%, 0, 0, 6, 2.72, 18575
1648637315, 18, 97, 204, 159, 36, 21.82%, 0, 0, 6, 4.43, 18994
1648637321, 18, 97, 205, 160, 36, 21.83%, 0, 0, 6, 5.06, 19024
1648637326, 18, 97, 206, 161, 36, 21.83%, 0, 0, 6, 4.86, 19047
1648637331, 18, 97, 208, 163, 36, 22.66%, 0, 0, 6, 4.97, 19073
1648637363, 18, 97, 209, 164, 36, 22.66%, 0, 0, 6, 4.67, 19211
1648637378, 18, 97, 210, 165, 36, 22.66%, 0, 0, 6, 4.97, 19289
1648637404, 18, 97, 211, 166, 36, 22.66%, 0, 0, 6, 5.04, 19409
1648637440, 18, 97, 212, 167, 36, 22.66%, 0, 0, 6, 5.16, 19584
1648637445, 18, 97, 213, 168, 36, 22.67%, 0, 0, 6, 5.47, 19613
1648637461, 18, 97, 214, 169, 36, 22.67%, 0, 0, 6, 5.08, 19689
1648637466, 18, 97, 215, 170, 36, 22.67%, 0, 0, 6, 5.44, 19719
1648637471, 18, 97, 216, 171, 36, 22.67%, 0, 0, 6, 5.58, 19749
1648637538, 18, 97, 217, 172, 36, 22.67%, 0, 0, 6, 4.74, 20079
1648637554, 18, 97, 218, 173, 36, 22.67%, 0, 0, 6, 4.35, 20148
1648637585, 18, 105, 219, 173, 42, 22.67%, 0, 0, 6, 5.21, 20298
1648637590, 18, 105, 220, 174, 42, 22.67%, 0, 0, 6, 5.17, 20325
1648637611, 18, 105, 221, 175, 42, 22.68%, 0, 0, 6, 5.36, 20433
1648637632, 18, 105, 222, 176, 42, 22.68%, 0, 0, 6, 5.37, 20539
1648637637, 18, 105, 223, 177, 42, 22.68%, 0, 0, 6, 5.44, 20567
1648637642, 18, 105, 224, 178, 42, 22.68%, 0, 0, 6, 4.43, 20587
1648637653, 18, 105, 225, 179, 42, 22.68%, 0, 0, 6, 4.82, 20637
1648637710, 18, 106, 225, 178, 43, 22.68%, 0, 0, 6, 5.25, 20932
1648637803, 18, 106, 226, 179, 43, 22.68%, 0, 0, 6, 5.07, 21390
1648637829, 18, 107, 226, 178, 42, 22.68%, 0, 0, 6, 4.62, 21512
1648637845, 18, 107, 227, 179, 42, 22.71%, 0, 0, 6, 3.93, 21577
1648637855, 18, 107, 228, 180, 42, 22.71%, 0, 0, 6, 4.59, 21622
1648637876, 18, 107, 229, 181, 42, 22.71%, 0, 0, 6, 4.93, 21726
1648637886, 18, 107, 230, 182, 42, 22.72%, 0, 0, 6, 4.79, 21774
1648637891, 18, 107, 231, 183, 42, 22.72%, 0, 0, 6, 5.39, 21804
1648637907, 18, 107, 232, 184, 42, 22.72%, 0, 0, 6, 5.17, 21878
1648637927, 18, 107, 233, 185, 42, 22.80%, 0, 0, 6, 5.45, 21983
1648637943, 18, 107, 234, 186, 42, 22.85%, 0, 0, 6, 5.25, 22060
1648637948, 18, 107, 234, 186, 42, 22.85%, 0, 1, 6, 4.90, 22079
1648637964, 18, 108, 235, 186, 48, 22.85%, 0, 1, 6, 4.90, 22155
1648637985, 18, 108, 236, 187, 48, 22.85%, 0, 1, 6, 5.44, 22263
1648638078, 18, 147, 236, 186, 2, 22.85%, 0, 1, 6, 5.48, 22737
1648638109, 18, 147, 237, 187, 2, 22.85%, 0, 1, 6, 3.46, 22847
1648638130, 18, 147, 238, 188, 2, 22.85%, 0, 1, 6, 3.50, 22919
1648638135, 18, 147, 239, 189, 2, 22.85%, 0, 1, 6, 3.50, 22937
1648638140, 18, 147, 240, 190, 2, 22.85%, 0, 1, 6, 3.49, 22955
1648638186, 18, 176, 241, 190, 0, 22.85%, 0, 1, 6, 0.00, 23105
1648638352, 19, 129, 241, 189, 48, 22.85%, 0, 1, 6, 3.61, 23684
1648638367, 19, 129, 242, 190, 48, 22.85%, 0, 1, 6, 5.86, 23760
1648638393, 19, 129, 242, 190, 48, 22.85%, 0, 2, 6, 5.00, 23877
1648638419, 19, 129, 243, 191, 48, 22.85%, 0, 2, 6, 5.20, 23993
1648638424, 19, 129, 244, 192, 48, 22.85%, 0, 2, 6, 5.38, 24021
1648638472, 19, 129, 245, 193, 48, 22.89%, 0, 2, 6, 5.28, 24243
1648638477, 19, 172, 246, 193, 3, 22.89%, 0, 2, 6, 0.00, 24267
1648638586, 19, 175, 247, 193, 3, 22.89%, 0, 2, 6, 0.00, 24842
1648638695, 20, 73, 248, 193, 0, 22.89%, 0, 2, 6, 5.21, 25417
1648638753, 20, 156, 249, 194, 0, 22.89%, 0, 2, 6, 3.62, 25715
1648638909, 21, 130, 249, 194, 46, 22.89%, 0, 2, 6, 3.99, 26285
1648638940, 21, 130, 250, 195, 46, 22.89%, 0, 2, 6, 4.97, 26439
1648638956, 21, 130, 251, 196, 46, 22.89%, 0, 2, 6, 4.38, 26506
1648638997, 21, 130, 252, 197, 46, 22.90%, 0, 2, 6, 5.43, 26724
1648639008, 21, 130, 253, 198, 46, 22.90%, 0, 2, 6, 4.40, 26773
1648639034, 21, 135, 253, 197, 47, 22.90%, 0, 2, 6, 5.26, 26911
1648639137, 21, 135, 254, 198, 47, 22.90%, 0, 2, 6, 4.34, 27435
1648639148, 21, 136, 254, 197, 47, 22.90%, 0, 2, 6, 5.16, 27487
1648639205, 21, 136, 255, 198, 47, 22.90%, 0, 2, 6, 4.54, 27736
1648639221, 21, 136, 256, 199, 47, 22.90%, 0, 2, 6, 3.93, 27799
1648639232, 21, 136, 257, 200, 47, 22.90%, 0, 2, 6, 4.28, 27843
1648639252, 21, 136, 258, 201, 47, 22.90%, 0, 2, 6, 3.84, 27927
1648639289, 21, 153, 258, 200, 50, 22.90%, 0, 2, 6, 4.50, 28094
1648639409, 21, 153, 259, 201, 50, 22.90%, 0, 2, 6, 5.23, 28672
1648639415, 21, 156, 260, 201, 48, 22.91%, 0, 2, 6, 5.15, 28695
1648639445, 21, 156, 261, 202, 48, 22.91%, 0, 2, 6, 5.37, 28857
1648639492, 21, 156, 262, 203, 48, 22.91%, 0, 2, 6, 5.59, 29103
1648639529, 21, 157, 262, 203, 50, 22.91%, 0, 2, 6, 4.82, 29290
1648639555, 21, 157, 263, 204, 50, 22.91%, 0, 2, 6, 5.25, 29424
1648639576, 21, 157, 264, 205, 50, 22.91%, 0, 2, 6, 5.41, 29536
1648639612, 21, 157, 265, 206, 50, 22.91%, 0, 2, 6, 4.52, 29717
1648639643, 21, 157, 266, 207, 50, 22.91%, 0, 2, 6, 5.30, 29874
1648639648, 21, 161, 266, 206, 0, 22.91%, 0, 2, 6, 5.41, 29902
1648639669, 21, 161, 267, 207, 0, 22.91%, 0, 2, 6, 5.10, 30006
1648639706, 21, 161, 268, 208, 0, 22.92%, 0, 2, 6, 5.18, 30192
1648639767, 21, 163, 268, 207, 54, 22.92%, 0, 2, 6, 5.20, 30510
1648639814, 21, 163, 269, 208, 54, 22.92%, 0, 2, 6, 4.16, 30712
1648639820, 21, 163, 270, 209, 54, 22.92%, 0, 2, 6, 4.09, 30733
1648639861, 21, 163, 271, 210, 54, 22.92%, 0, 2, 6, 3.90, 30909
1648639877, 21, 163, 272, 211, 54, 22.92%, 0, 2, 6, 5.04, 30986
1648639892, 21, 163, 273, 212, 54, 22.93%, 0, 2, 6, 5.20, 31065
1648639903, 21, 200, 274, 212, 1, 22.93%, 0, 2, 7, 30.27, 31135
1648640085, 22, 164, 274, 211, 54, 22.93%, 0, 2, 7, 5.23, 32310
1648640096, 22, 164, 275, 212, 54, 22.93%, 0, 2, 7, 5.06, 32356
1648640137, 22, 164, 276, 213, 54, 22.93%, 0, 2, 7, 5.03, 32543
1648640148, 22, 164, 277, 214, 54, 22.93%, 0, 2, 7, 5.42, 32598
1648640164, 22, 164, 279, 216, 54, 22.93%, 0, 2, 7, 4.98, 32671
1648640216, 22, 177, 279, 215, 55, 22.93%, 0, 2, 7, 5.23, 32915
1648640237, 22, 177, 280, 216, 55, 22.93%, 0, 2, 7, 5.39, 33024
1648640330, 22, 181, 280, 215, 0, 22.93%, 0, 2, 7, 5.02, 33509
1648640356, 22, 181, 281, 216, 0, 22.94%, 0, 2, 7, 5.25, 33630
1648640387, 22, 181, 282, 217, 0, 22.94%, 0, 2, 7, 5.29, 33779
1648640454, 22, 193, 282, 216, 56, 22.94%, 0, 2, 7, 4.95, 34099
1648640464, 22, 193, 283, 217, 56, 22.94%, 0, 2, 7, 4.96, 34147
1648640501, 22, 193, 284, 218, 56, 22.94%, 0, 2, 7, 4.88, 34305
1648640511, 23, 156, 284, 217, 0, 22.94%, 0, 2, 7, 0.00, 34346
1648640605, 23, 187, 285, 218, 0, 22.94%, 0, 2, 7, 0.00, 34684
1648640713, 24, 92, 286, 218, 0, 22.94%, 0, 2, 7, 0.00, 35022
1648640881, 24, 191, 286, 218, 2, 22.94%, 0, 2, 7, 3.34, 35458
1648640963, 24, 191, 287, 219, 2, 22.94%, 0, 2, 7, 3.52, 35746
1648640979, 24, 191, 288, 220, 2, 22.94%, 0, 2, 7, 3.49, 35800
1648640984, 24, 193, 289, 220, 3, 22.94%, 0, 2, 7, 0.00, 35810
1648640994, 24, 193, 290, 221, 3, 22.94%, 0, 2, 7, 3.46, 35842
1648640999, 24, 193, 292, 223, 3, 22.94%, 0, 2, 7, 3.49, 35860
1648641010, 24, 193, 293, 224, 3, 22.94%, 0, 2, 7, 3.46, 35896
1648641046, 24, 193, 294, 225, 3, 22.94%, 0, 2, 7, 3.60, 36022
1648641071, 24, 193, 295, 226, 3, 22.94%, 0, 2, 7, 3.51, 36111
1648641097, 24, 196, 295, 226, 55, 22.94%, 0, 2, 7, 3.91, 36204
1648641128, 24, 196, 296, 227, 55, 22.94%, 0, 2, 7, 5.00, 36354
1648641195, 24, 196, 297, 228, 55, 22.94%, 0, 2, 7, 5.43, 36683
1648641222, 24, 197, 297, 227, 54, 22.94%, 0, 2, 7, 4.66, 36810
1648641285, 24, 197, 298, 228, 54, 22.94%, 0, 2, 7, 4.54, 37096
1648641311, 24, 197, 299, 229, 54, 22.94%, 0, 2, 7, 4.96, 37224
1648641322, 24, 197, 300, 230, 54, 22.95%, 0, 2, 7, 4.87, 37275
1648641348, 24, 198, 300, 229, 0, 22.95%, 0, 2, 7, 4.91, 37405
1648641369, 24, 198, 301, 230, 0, 23.05%, 0, 2, 7, 4.60, 37495
1648641478, 24, 271, 301, 229, 1, 23.05%, 0, 2, 7, 21.55, 37992
1648641499, 25, 161, 302, 229, 0, 23.05%, 0, 2, 7, 0.00, 38560
1648641608, 25, 237, 302, 229, 4, 23.05%, 0, 2, 7, 0.00, 39135
1648641643, 25, 237, 303, 230, 4, 23.05%, 0, 2, 7, 3.51, 39259
1648641705, 25, 237, 304, 231, 4, 23.05%, 0, 2, 7, 3.68, 39478
1648641711, 25, 272, 305, 231, 1, 23.05%, 0, 2, 7, 4.35, 39497
1648641779, 25, 272, 306, 232, 1, 23.05%, 0, 2, 7, 5.97, 39901
1648641816, 26, 206, 306, 231, 54, 23.05%, 0, 2, 7, 4.80, 40085
1648641841, 26, 206, 307, 232, 54, 23.05%, 0, 2, 7, 4.73, 40204
1648641846, 26, 206, 308, 233, 54, 23.05%, 0, 2, 7, 4.48, 40226
1648641897, 26, 206, 309, 234, 54, 23.05%, 0, 2, 7, 5.37, 40489
1648641939, 26, 287, 309, 233, 4, 23.05%, 0, 2, 7, 3.69, 40688
1648642047, 26, 287, 310, 234, 4, 23.05%, 0, 2, 7, 3.46, 41069
1648642052, 26, 287, 311, 235, 4, 23.05%, 0, 2, 7, 3.57, 41088
1648642110, 27, 208, 311, 234, 55, 23.05%, 0, 2, 7, 4.42, 41293
1648642218, 27, 208, 312, 235, 55, 23.06%, 0, 2, 7, 5.58, 41834
1648642223, 27, 291, 312, 234, 4, 23.06%, 0, 2, 7, 0.00, 41856
1648642229, 27, 291, 313, 235, 4, 23.06%, 0, 2, 7, 3.44, 41872
1648642285, 27, 291, 314, 236, 4, 23.06%, 0, 2, 7, 3.50, 42070
1648642394, 28, 214, 314, 235, 55, 23.06%, 0, 2, 7, 3.85, 42453
1648642502, 28, 214, 315, 236, 55, 23.06%, 0, 2, 7, 5.10, 42994
1648642512, 28, 215, 315, 235, 55, 23.06%, 0, 2, 7, 4.83, 43045
1648642564, 28, 215, 316, 236, 55, 23.06%, 0, 2, 7, 5.32, 43302
1648642584, 28, 215, 317, 237, 55, 23.06%, 0, 2, 7, 5.24, 43401
1648642621, 28, 215, 318, 238, 55, 23.06%, 0, 2, 7, 4.87, 43579
1648642636, 28, 217, 318, 237, 56, 23.06%, 0, 2, 7, 4.92, 43657
1648642641, 28, 217, 319, 238, 56, 23.06%, 0, 2, 7, 4.43, 43680
1648642750, 28, 292, 320, 238, 3, 23.06%, 0, 2, 7, 0.00, 44199
1648642797, 28, 292, 321, 239, 3, 23.06%, 0, 2, 7, 3.48, 44359
1648642802, 28, 292, 322, 240, 3, 23.06%, 0, 2, 7, 3.52, 44377
1648642812, 28, 292, 323, 241, 3, 23.06%, 0, 2, 7, 3.48, 44413
1648642926, 29, 219, 323, 240, 54, 23.06%, 0, 2, 7, 4.31, 44819
1648643040, 29, 273, 323, 239, 53, 23.06%, 0, 2, 7, 5.12, 45378
1648643218, 29, 298, 323, 238, 52, 23.06%, 0, 2, 7, 5.36, 46559
1648643327, 30, 220, 323, 237, 51, 23.06%, 0, 2, 7, 5.36, 47148
1648643343, 30, 220, 324, 238, 51, 23.06%, 0, 2, 7, 5.26, 47231
1648643441, 30, 223, 324, 237, 50, 23.06%, 0, 2, 7, 4.68, 47718
1648643483, 30, 223, 325, 238, 50, 23.07%, 0, 2, 7, 5.02, 47910
1648643498, 30, 223, 326, 239, 50, 23.07%, 0, 2, 7, 5.24, 47988
1648643551, 30, 223, 327, 240, 50, 23.08%, 0, 2, 7, 4.01, 48233
1648643571, 30, 303, 327, 239, 4, 23.08%, 0, 2, 7, 3.43, 48324
1648643577, 30, 303, 328, 240, 4, 23.08%, 0, 2, 7, 3.42, 48342
1648643618, 30, 303, 329, 241, 4, 23.08%, 0, 2, 7, 3.44, 48485
1648643670, 30, 303, 330, 242, 4, 23.08%, 0, 2, 7, 3.45, 48665
1648643681, 30, 303, 331, 243, 4, 23.08%, 0, 2, 7, 3.46, 48702
1648643743, 30, 320, 331, 242, 3, 23.08%, 0, 2, 7, 0.00, 48919
1648643825, 30, 320, 332, 243, 3, 23.08%, 0, 2, 7, 3.45, 49208
1648643913, 31, 224, 332, 242, 51, 23.08%, 0, 2, 7, 3.87, 49519
1648644032, 31, 279, 332, 241, 50, 23.08%, 0, 2, 7, 41.37, 50099
1648644053, 32, 226, 332, 240, 49, 23.08%, 0, 2, 7, 5.24, 50677
1648644073, 32, 226, 333, 241, 49, 23.09%, 0, 2, 7, 4.61, 50775
1648644141, 32, 228, 333, 240, 50, 23.09%, 0, 2, 7, 5.47, 51120
1648644152, 32, 228, 334, 241, 50, 23.09%, 0, 2, 7, 5.42, 51173
1648644261, 32, 235, 334, 240, 0, 23.09%, 0, 2, 7, 4.83, 51713
1648644370, 33, 65, 335, 240, 0, 23.09%, 0, 2, 7, 0.00, 52272
1648644436, 33, 107, 335, 239, 4, 23.09%, 0, 2, 7, 5.88, 52633
1648644525, 33, 295, 336, 240, 4, 23.09%, 0, 2, 7, 5.33, 53191
1648644634, 34, 242, 336, 239, 47, 23.09%, 0, 2, 7, 5.08, 53779
1648644696, 34, 242, 337, 240, 47, 23.10%, 0, 2, 7, 5.24, 54082
1648644753, 34, 243, 337, 239, 47, 23.10%, 0, 2, 7, 5.10, 54368
1648644790, 34, 243, 338, 240, 47, 23.12%, 0, 2, 7, 4.79, 54526
1648644857, 34, 243, 339, 241, 47, 23.12%, 0, 2, 7, 4.92, 54849
1648644879, 34, 244, 339, 240, 49, 23.12%, 0, 2, 7, 4.54, 54947
1648644884, 34, 244, 340, 241, 49, 23.12%, 0, 2, 7, 4.82, 54971
1648644951, 34, 244, 341, 242, 49, 23.12%, 0, 2, 7, 5.37, 55307
1648644956, 34, 244, 342, 243, 49, 23.12%, 0, 3, 7, 5.19, 55328
1648645003, 34, 321, 343, 243, 4, 23.12%, 0, 3, 7, 0.00, 55546
1648645008, 34, 321, 344, 244, 4, 23.12%, 0, 3, 7, 3.45, 55549
1648645172, 34, 322, 344, 243, 2, 23.12%, 0, 3, 7, 3.45, 56124
1648645177, 34, 322, 345, 244, 2, 23.12%, 0, 3, 7, 3.46, 56142
1648645311, 34, 322, 346, 245, 2, 23.12%, 0, 3, 7, 3.47, 56617
1648645343, 35, 156, 346, 244, 0, 23.12%, 0, 3, 7, 3.62, 56720
1648645436, 35, 256, 346, 244, 0, 23.12%, 0, 3, 7, 4.26, 57062
1648645447, 35, 256, 348, 246, 0, 23.12%, 0, 3, 7, 4.98, 57115
1648645540, 35, 256, 349, 247, 0, 23.12%, 0, 3, 7, 4.56, 57559
1648645550, 35, 256, 350, 248, 0, 23.12%, 0, 3, 7, 4.79, 57605
1648645566, 35, 327, 350, 247, 0, 23.12%, 0, 3, 7, 3.49, 57675
1648645706, 35, 327, 351, 248, 0, 23.12%, 0, 3, 7, 3.54, 58164
1648645732, 35, 329, 351, 247, 0, 23.12%, 0, 3, 7, 3.34, 58250
1648645896, 35, 331, 351, 246, 0, 23.12%, 0, 3, 7, 3.53, 58824
1648646029, 35, 331, 352, 247, 0, 23.12%, 0, 3, 7, 3.53, 59293
1648646072, 36, 300, 352, 246, 0, 23.12%, 0, 4, 7, 3.54, 59440
1648646098, 37, 261, 353, 246, 0, 23.13%, 0, 4, 7, 4.84, 60035
1648646119, 37, 261, 354, 247, 0, 23.13%, 0, 4, 7, 5.14, 60131
1648646186, 37, 261, 355, 248, 0, 23.13%, 0, 4, 7, 4.92, 60454
1648646191, 37, 261, 356, 249, 0, 23.32%, 0, 4, 7, 4.77, 60476
1648646228, 37, 262, 356, 248, 53, 23.32%, 0, 4, 7, 4.75, 60646
1648646336, 37, 263, 356, 247, 52, 23.32%, 0, 4, 7, 5.41, 61214
1648646462, 37, 351, 356, 246, 51, 23.32%, 0, 4, 7, 4.98, 61783
1648646565, 37, 351, 357, 247, 51, 23.32%, 0, 4, 8, 3.51, 62141
1648646632, 37, 356, 357, 246, 1, 23.32%, 0, 4, 8, 3.40, 62371
1648646678, 37, 356, 358, 247, 1, 23.32%, 0, 4, 9, 3.47, 62533
1648646864, 37, 356, 359, 248, 1, 23.32%, 0, 4, 9, 3.50, 63182
1648646895, 38, 264, 359, 247, 51, 23.32%, 0, 4, 9, 3.68, 63292
1648646952, 38, 264, 360, 248, 51, 23.33%, 0, 4, 9, 5.29, 63582
1648646962, 38, 264, 361, 249, 51, 23.33%, 0, 4, 9, 4.51, 63631
1648647009, 38, 267, 361, 248, 51, 23.33%, 0, 4, 9, 5.16, 63870
1648647124, 38, 268, 361, 247, 50, 23.33%, 0, 4, 9, 4.73, 64442
1648647251, 38, 357, 361, 246, 49, 23.33%, 0, 4, 9, 3.43, 65025
1648647469, 38, 357, 362, 247, 49, 23.33%, 0, 4, 10, 3.43, 65782
1648647505, 39, 270, 362, 246, 49, 23.33%, 0, 4, 10, 3.49, 65908
1648647573, 39, 270, 362, 246, 49, 23.33%, 0, 5, 10, 4.45, 66197
1648647604, 39, 271, 363, 246, 48, 23.33%, 0, 5, 10, 5.33, 66346
1648647615, 39, 271, 364, 247, 48, 23.33%, 0, 5, 10, 4.92, 66394
1648647687, 39, 271, 365, 248, 48, 23.33%, 0, 5, 10, 5.33, 66743
1648647729, 39, 358, 365, 248, 2, 23.33%, 0, 5, 10, 3.43, 66943
1648647935, 39, 358, 366, 249, 2, 23.33%, 0, 5, 10, 3.43, 67664
1648647982, 39, 361, 366, 248, 2, 23.33%, 0, 5, 10, 3.67, 67822
1648648028, 39, 361, 367, 249, 2, 23.33%, 0, 5, 11, 3.45, 67984
1648648079, 39, 361, 368, 250, 2, 23.33%, 0, 5, 11, 3.48, 68165
1648648172, 39, 361, 369, 251, 2, 23.33%, 0, 5, 11, 3.49, 68491
1648648249, 40, 308, 370, 251, 0, 23.33%, 0, 5, 11, 5.69, 68756
1648648347, 41, 272, 370, 250, 46, 23.33%, 0, 5, 11, 5.78, 69326
1648648472, 41, 355, 370, 250, 46, 23.33%, 0, 5, 11, 29.95, 69961
1648648498, 42, 279, 370, 249, 45, 23.33%, 0, 5, 11, 4.45, 70509
1648648529, 42, 279, 371, 250, 45, 23.33%, 0, 5, 11, 5.22, 70657
1648648613, 42, 280, 371, 250, 46, 23.33%, 0, 5, 11, 5.03, 71091
1648648659, 42, 280, 372, 251, 46, 23.34%, 0, 5, 11, 4.92, 71315
1648648733, 42, 282, 372, 250, 0, 23.34%, 0, 5, 11, 4.58, 71662
1648648852, 43, 97, 372, 249, 0, 23.34%, 0, 5, 11, 41.69, 72374
1648648892, 43, 98, 372, 249, 0, 23.34%, 0, 5, 11, 29.91, 73523
1648648914, 43, 365, 372, 248, 0, 23.34%, 0, 5, 11, 3.44, 73998
1648649158, 43, 365, 373, 249, 0, 23.34%, 0, 5, 11, 3.43, 74849
1648649168, 43, 372, 373, 248, 0, 23.34%, 0, 5, 11, 3.45, 74881
1648649418, 44, 297, 373, 247, 0, 23.34%, 0, 5, 11, 3.63, 75752
1648649542, 45, 161, 373, 246, 0, 23.34%, 0, 5, 11, 3.46, 76334
1648649646, 45, 316, 373, 246, 0, 23.34%, 0, 5, 11, 5.43, 76905
