# unix_time, cycles_done, cur_path, paths_total, pending_total, pending_favs, map_size, unique_crashes, unique_hangs, max_depth, execs_per_sec, total_execs
1648633518, 0, 0, 2, 2, 1, 19.42%, 0, 0, 2, 3.50, 41
1648633523, 0, 0, 5, 5, 1, 19.48%, 0, 0, 2, 4.85, 71
1648633528, 0, 0, 8, 8, 1, 19.57%, 0, 0, 2, 5.32, 101
1648633534, 0, 0, 10, 10, 1, 19.58%, 0, 0, 2, 4.56, 124
1648633539, 0, 0, 14, 14, 1, 19.58%, 0, 0, 2, 5.13, 153
1648633544, 0, 0, 16, 16, 1, 19.58%, 0, 0, 2, 4.95, 177
1648633549, 0, 0, 19, 19, 1, 19.60%, 0, 0, 2, 4.28, 199
1648633554, 0, 0, 20, 20, 1, 19.60%, 0, 0, 2, 4.33, 220
1648633559, 0, 0, 21, 21, 1, 19.61%, 0, 0, 2, 3.83, 239
1648633570, 0, 0, 23, 23, 1, 19.61%, 0, 0, 2, 4.76, 285
1648633575, 0, 0, 24, 24, 1, 19.62%, 0, 0, 2, 5.35, 315
1648633580, 0, 0, 25, 25, 1, 19.62%, 0, 0, 2, 5.45, 344
1648633585, 0, 0, 27, 27, 1, 19.63%, 0, 0, 2, 5.35, 371
1648633590, 0, 0, 28, 28, 1, 19.63%, 0, 0, 2, 5.13, 392
1648633596, 0, 0, 30, 30, 1, 19.63%, 0, 0, 2, 5.33, 421
1648633601, 0, 0, 31, 31, 1, 19.63%, 0, 0, 2, 5.56, 451
1648633606, 0, 0, 34, 34, 1, 19.64%, 0, 0, 2, 5.52, 480
1648633617, 0, 0, 35, 35, 1, 19.64%, 0, 0, 2, 5.43, 530
1648633622, 0, 0, 36, 36, 1, 19.64%, 0, 0, 2, 5.51, 558
1648633627, 0, 0, 37, 37, 1, 19.90%, 0, 0, 2, 4.71, 580
1648633632, 0, 0, 39, 39, 1, 19.91%, 0, 0, 2, 5.09, 610
1648633638, 0, 0, 40, 40, 1, 19.91%, 0, 0, 2, 3.70, 623
1648633643, 0, 0, 41, 41, 1, 19.91%, 0, 0, 2, 3.97, 644
1648633648, 0, 0, 42, 42, 1, 20.48%, 0, 0, 2, 4.71, 671
1648633654, 0, 0, 44, 44, 1, 20.48%, 0, 0, 2, 4.99, 698
1648633659, 0, 43, 45, 44, 0, 21.14%, 0, 0, 3, 0.00, 715
1648633721, 1, 41, 46, 44, 0, 21.14%, 0, 0, 3, 0.00, 989
1648633773, 1, 41, 50, 47, 0, 21.17%, 0, 0, 3, 2.22, 1356
1648633778, 1, 41, 51, 48, 0, 21.17%, 0, 0, 3, 41.64, 1554
1648633784, 2, 4, 53, 50, 21, 21.17%, 0, 0, 3, 5.94, 1579
1648633789, 2, 4, 54, 51, 21, 21.17%, 0, 0, 3, 4.86, 1599
1648633794, 2, 4, 55, 52, 21, 21.17%, 0, 0, 3, 4.83, 1624
1648633799, 2, 4, 56, 53, 21, 21.17%, 0, 0, 3, 5.04, 1651
1648633806, 2, 4, 57, 54, 21, 21.17%, 0, 1, 3, 4.87, 1677
1648633817, 2, 4, 58, 55, 21, 21.17%, 0, 1, 3, 3.61, 1716
1648633837, 2, 4, 59, 56, 21, 21.17%, 0, 1, 3, 5.09, 1819
1648633848, 2, 4, 60, 57, 21, 21.17%, 0, 1, 3, 4.58, 1863
1648633858, 2, 13, 61, 57, 0, 21.17%, 0, 1, 3, 0.00, 1893
1648633936, 3, 3, 62, 57, 0, 21.17%, 0, 1, 3, 0.00, 2157
1648633983, 3, 41, 62, 56, 0, 21.17%, 0, 1, 3, 40.14, 2497
1648633994, 4, 8, 62, 56, 0, 21.17%, 0, 1, 3, 5.76, 2669
1648633999, 4, 8, 63, 57, 0, 21.17%, 0, 1, 3, 5.43, 2695
1648634004, 4, 8, 64, 58, 0, 21.22%, 0, 1, 3, 5.06, 2720
1648634009, 4, 8, 65, 59, 0, 21.23%, 0, 1, 3, 5.26, 2746
1648634019, 4, 8, 66, 60, 0, 21.23%, 0, 1, 3, 4.82, 2789
1648634030, 4, 8, 67, 61, 0, 21.23%, 0, 1, 3, 5.04, 2838
1648634040, 4, 8, 68, 62, 0, 21.24%, 0, 1, 3, 5.36, 2891
1648634061, 4, 9, 69, 62, 0, 21.24%, 0, 1, 3, 0.00, 2978
1648634133, 4, 9, 70, 63, 0, 21.24%, 0, 1, 3, 4.26, 3226
1648634138, 5, 5, 71, 63, 0, 21.24%, 0, 1, 3, 0.00, 3241
1648634191, 5, 48, 71, 62, 0, 21.24%, 0, 1, 3, 34.32, 3635
1648634206, 6, 13, 72, 62, 0, 21.25%, 0, 1, 3, 5.01, 3959
1648634257, 6, 13, 74, 64, 0, 21.26%, 0, 1, 3, 5.28, 4203
1648634263, 6, 25, 76, 66, 0, 21.26%, 0, 1, 3, 5.38, 4217
1648634315, 7, 22, 76, 65, 0, 21.26%, 0, 1, 3, 5.76, 4494
1648634363, 7, 49, 76, 64, 0, 21.26%, 0, 1, 3, 3.07, 4772
1648634441, 8, 14, 76, 63, 0, 21.26%, 0, 1, 3, 5.21, 5192
1648634462, 8, 14, 77, 64, 0, 21.27%, 0, 1, 3, 5.23, 5299
1648634488, 8, 14, 78, 65, 0, 21.28%, 0, 1, 3, 5.13, 5432
1648634493, 8, 36, 79, 65, 0, 21.28%, 0, 1, 3, 0.00, 5452
1648634571, 9, 21, 79, 64, 0, 21.28%, 0, 1, 3, 5.49, 5711
1648634618, 9, 41, 79, 63, 0, 21.28%, 0, 1, 3, 39.19, 6038
1648634628, 10, 20, 80, 64, 0, 21.28%, 0, 1, 3, 4.42, 6242
1648634654, 10, 20, 81, 65, 0, 21.28%, 0, 1, 3, 4.63, 6356
1648634691, 10, 20, 82, 66, 0, 22.11%, 0, 1, 3, 4.74, 6506
1648634696, 10, 58, 83, 66, 1, 22.11%, 0, 1, 4, 0.00, 6520
1648634807, 11, 50, 83, 65, 2, 22.11%, 0, 1, 4, 1.24, 6810
1648634823, 12, 0, 84, 65, 1, 22.12%, 0, 1, 4, 0.00, 7212
1648634838, 12, 0, 85, 66, 1, 22.12%, 0, 1, 4, 0.00, 7212
1648634849, 12, 0, 86, 67, 1, 22.12%, 0, 1, 4, 3.41, 7220
1648634864, 12, 0, 87, 68, 1, 22.12%, 0, 1, 4, 3.42, 7274
1648634875, 12, 0, 88, 69, 1, 22.12%, 0, 1, 4, 3.43, 7310
1648634880, 12, 0, 89, 70, 1, 22.13%, 0, 1, 4, 3.45, 7328
1648634896, 12, 0, 91, 72, 1, 22.13%, 0, 1, 4, 3.46, 7382
1648634906, 12, 0, 92, 73, 1, 22.13%, 0, 1, 4, 3.48, 7418
1648634911, 12, 0, 93, 74, 1, 22.14%, 0, 1, 4, 3.51, 7436
1648634922, 12, 0, 94, 75, 1, 22.14%, 0, 1, 4, 3.43, 7472
1648634927, 12, 0, 95, 76, 1, 22.14%, 0, 1, 4, 3.45, 7490
1648634932, 12, 0, 96, 77, 1, 22.14%, 0, 1, 4, 3.47, 7508
1648634953, 12, 0, 97, 78, 1, 22.14%, 0, 1, 4, 3.45, 7580
1648634958, 12, 0, 98, 79, 1, 22.14%, 0, 1, 4, 3.51, 7598
1648634974, 12, 0, 99, 80, 1, 22.14%, 0, 1, 4, 3.51, 7654
1648634979, 12, 0, 100, 81, 1, 22.14%, 0, 1, 4, 3.52, 7672
1648634984, 12, 0, 101, 82, 1, 22.14%, 0, 1, 4, 3.47, 7690
1648635000, 12, 0, 102, 83, 1, 22.14%, 0, 1, 4, 3.47, 7744
1648635015, 12, 0, 103, 84, 1, 22.14%, 0, 1, 4, 3.48, 7798
1648635020, 12, 0, 104, 85, 1, 22.14%, 0, 1, 4, 3.47, 7816
1648635026, 12, 0, 105, 86, 6, 22.14%, 0, 1, 4, 3.48, 7830
1648635036, 12, 0, 106, 87, 6, 22.14%, 0, 1, 4, 3.46, 7866
1648635046, 12, 0, 107, 88, 6, 22.14%, 0, 1, 4, 3.45, 7902
1648635062, 12, 0, 108, 89, 6, 22.14%, 0, 1, 4, 3.46, 7956
1648635067, 12, 0, 109, 90, 6, 22.14%, 0, 1, 4, 3.45, 7974
1648635104, 12, 0, 110, 91, 6, 22.14%, 0, 1, 4, 3.43, 8100
1648635125, 12, 26, 110, 91, 24, 22.14%, 0, 1, 4, 4.13, 8177
1648635145, 12, 26, 111, 92, 24, 22.14%, 0, 1, 4, 5.15, 8277
1648635181, 12, 88, 111, 91, 7, 22.14%, 0, 1, 4, 3.50, 8442
1648635202, 12, 88, 112, 92, 7, 22.14%, 0, 1, 4, 3.47, 8514
1648635213, 12, 88, 113, 93, 7, 22.14%, 0, 1, 4, 3.47, 8550
1648635228, 12, 88, 114, 94, 7, 22.14%, 0, 1, 4, 3.47, 8604
1648635233, 12, 88, 115, 95, 7, 22.14%, 0, 1, 4, 3.46, 8622
1648635254, 12, 88, 116, 96, 7, 22.14%, 0, 1, 4, 3.46, 8694
1648635265, 12, 88, 117, 97, 7, 22.15%, 0, 1, 4, 3.73, 8733
1648635275, 12, 88, 118, 98, 7, 22.15%, 0, 1, 4, 3.47, 8769
1648635306, 12, 99, 118, 97, 6, 22.15%, 0, 1, 4, 3.45, 8873
1648635353, 12, 99, 119, 98, 6, 22.15%, 0, 1, 4, 3.49, 9035
1648635358, 12, 99, 120, 99, 6, 22.15%, 0, 1, 4, 3.51, 9053
1648635394, 12, 99, 121, 100, 6, 22.15%, 0, 1, 4, 3.51, 9179
1648635404, 12, 99, 122, 101, 6, 22.15%, 0, 1, 4, 3.52, 9215
1648635419, 12, 102, 123, 101, 5, 22.15%, 0, 1, 4, 0.00, 9262
1648635430, 12, 102, 124, 102, 5, 22.15%, 0, 1, 4, 3.44, 9291
1648635481, 12, 102, 125, 103, 5, 22.15%, 0, 1, 4, 3.50, 9471
1648635492, 12, 102, 126, 104, 5, 22.15%, 0, 1, 4, 3.50, 9507
1648635518, 12, 102, 127, 105, 5, 22.15%, 0, 1, 4, 3.44, 9597
1648635528, 13, 28, 127, 104, 24, 22.15%, 0, 1, 4, 3.50, 9634
1648635533, 13, 28, 128, 105, 24, 22.15%, 0, 1, 4, 4.69, 9662
1648635538, 13, 28, 129, 106, 24, 22.15%, 0, 1, 4, 4.22, 9682
1648635544, 13, 28, 130, 107, 24, 22.15%, 0, 1, 4, 4.71, 9708
1648635590, 13, 32, 130, 106, 26, 22.15%, 0, 1, 4, 4.79, 9925
1648635595, 13, 32, 131, 107, 26, 22.16%, 0, 1, 4, 4.33, 9947
1648635606, 13, 32, 132, 108, 26, 22.17%, 0, 1, 4, 4.57, 9992
1648635616, 13, 32, 133, 109, 26, 22.17%, 0, 1, 4, 5.07, 10046
1648635627, 13, 32, 134, 110, 26, 22.18%, 0, 1, 4, 5.29, 10101
1648635632, 13, 32, 135, 111, 26, 22.18%, 0, 1, 4, 5.43, 10128
1648635647, 13, 32, 136, 112, 26, 22.19%, 0, 1, 4, 4.97, 10203
1648635653, 13, 32, 137, 113, 26, 22.19%, 0, 1, 4, 5.42, 10233
1648635658, 13, 115, 137, 112, 2, 22.19%, 0, 1, 4, 3.49, 10250
1648635731, 13, 115, 139, 114, 2, 22.19%, 0, 1, 4, 3.49, 10502
1648635762, 14, 79, 139, 113, 1, 22.19%, 0, 1, 4, 39.69, 10674
1648635767, 14, 79, 140, 114, 1, 22.19%, 0, 1, 4, 3.17, 10744
1648635777, 15, 50, 140, 113, 29, 22.19%, 0, 1, 4, 7.64, 10956
1648635782, 15, 50, 141, 114, 29, 22.26%, 0, 1, 4, 5.11, 10974
1648635787, 15, 50, 142, 115, 29, 22.26%, 0, 1, 4, 4.40, 10994
1648635808, 15, 50, 143, 116, 29, 22.27%, 0, 1, 4, 5.02, 11097
1648635819, 15, 50, 144, 117, 29, 22.27%, 0, 1, 4, 4.66, 11148
1648635824, 15, 50, 145, 118, 29, 22.27%, 0, 1, 4, 4.14, 11168
1648635850, 15, 50, 146, 119, 29, 22.27%, 0, 1, 4, 5.14, 11297
1648635856, 15, 51, 146, 119, 32, 22.27%, 0, 1, 4, 5.12, 11324
1648635861, 15, 51, 147, 120, 32, 22.27%, 0, 1, 4, 5.21, 11350
1648635866, 15, 51, 148, 121, 32, 22.28%, 0, 1, 4, 5.15, 11378
1648635872, 15, 51, 149, 122, 32, 22.28%, 0, 1, 4, 4.94, 11402
1648635877, 15, 51, 150, 123, 32, 22.28%, 0, 1, 4, 4.32, 11419
1648635887, 15, 51, 151, 124, 32, 22.28%, 0, 1, 4, 4.79, 11467
1648635898, 15, 51, 152, 125, 32, 22.29%, 0, 1, 4, 4.96, 11515
1648635918, 15, 51, 153, 126, 32, 22.29%, 0, 1, 4, 4.82, 11615
1648635924, 15, 51, 154, 127, 32, 22.29%, 0, 1, 4, 4.91, 11640
1648635934, 15, 115, 154, 126, 3, 22.29%, 0, 1, 4, 3.44, 11672
1648635981, 15, 115, 155, 127, 3, 22.29%, 0, 1, 4, 3.45, 11834
1648636033, 15, 115, 156, 128, 3, 22.29%, 0, 1, 4, 3.50, 12014
1648636038, 15, 119, 156, 128, 4, 22.29%, 0, 1, 4, 3.47, 12028
1648636048, 15, 119, 157, 129, 4, 22.29%, 0, 1, 4, 3.49, 12064
1648636064, 15, 119, 158, 130, 4, 22.29%, 0, 1, 4, 3.49, 12118
1648636141, 15, 125, 159, 130, 3, 22.29%, 0, 1, 4, 0.00, 12374
1648636152, 15, 125, 160, 131, 3, 22.29%, 0, 1, 4, 0.00, 12374
1648636157, 15, 125, 161, 132, 3, 22.29%, 0, 1, 4, 3.37, 12377
1648636167, 15, 125, 162, 133, 3, 22.29%, 0, 1, 4, 3.40, 12412
1648636172, 15, 125, 163, 134, 3, 22.29%, 0, 1, 4, 3.41, 12430
1648636209, 15, 125, 164, 135, 3, 22.29%, 0, 1, 4, 3.45, 12556
1648636214, 15, 125, 165, 136, 3, 22.29%, 0, 1, 4, 3.46, 12574
1648636219, 15, 125, 166, 137, 3, 22.29%, 0, 1, 4, 3.43, 12592
1648636256, 15, 125, 167, 138, 3, 22.29%, 0, 1, 4, 3.43, 12718
1648636271, 16, 53, 167, 137, 34, 22.29%, 0, 1, 4, 3.82, 12774
1648636344, 16, 57, 167, 136, 33, 22.29%, 0, 1, 4, 4.76, 13077
1648636354, 16, 57, 168, 137, 33, 22.30%, 0, 1, 4, 5.39, 13132
1648636391, 16, 57, 170, 139, 33, 22.30%, 0, 1, 4, 5.06, 13319
1648636396, 16, 60, 170, 138, 34, 22.30%, 0, 1, 4, 5.17, 13346
1648636401, 16, 60, 171, 139, 34, 22.30%, 0, 1, 4, 4.07, 13362
1648636406, 16, 60, 173, 141, 34, 22.30%, 0, 1, 4, 4.77, 13389
1648636411, 16, 60, 174, 142, 34, 22.34%, 0, 1, 4, 5.00, 13415
1648636422, 16, 60, 175, 143, 34, 22.35%, 0, 1, 4, 4.97, 13464
1648636437, 16, 60, 176, 144, 34, 22.35%, 0, 1, 4, 4.86, 13537
1648636468, 16, 62, 176, 143, 37, 22.35%, 0, 1, 4, 5.03, 13688
1648636484, 16, 62, 177, 144, 37, 22.35%, 0, 1, 4, 5.21, 13772
1648636494, 16, 62, 178, 145, 37, 22.36%, 0, 1, 4, 5.13, 13825
1648636521, 16, 62, 178, 145, 37, 22.36%, 0, 2, 4, 4.77, 13955
1648636526, 16, 62, 179, 146, 37, 22.36%, 0, 2, 4, 4.25, 13975
1648636542, 16, 64, 179, 145, 39, 22.36%, 0, 2, 4, 4.34, 14046
1648636552, 16, 64, 180, 146, 39, 22.36%, 0, 2, 4, 4.92, 14095
1648636557, 16, 64, 181, 147, 39, 22.36%, 0, 2, 4, 5.05, 14122
1648636599, 16, 64, 182, 148, 39, 22.36%, 0, 2, 4, 5.37, 14327
1648636614, 16, 139, 182, 147, 1, 22.36%, 0, 2, 4, 43.90, 14415
1648636634, 17, 81, 182, 146, 0, 22.36%, 0, 2, 4, 2.92, 14982
1648636639, 17, 81, 183, 147, 0, 22.79%, 0, 2, 4, 3.99, 15006
1648636656, 17, 81, 184, 148, 0, 22.79%, 0, 2, 4, 4.64, 15078
1648636686, 17, 81, 185, 149, 0, 22.80%, 0, 2, 4, 5.18, 15227
1648636713, 17, 81, 186, 150, 0, 22.81%, 0, 2, 4, 4.57, 15344
1648636718, 17, 161, 187, 150, 3, 22.81%, 0, 2, 5, 3.37, 15351
1648636739, 17, 161, 188, 151, 3, 22.81%, 0, 2, 5, 3.44, 15423
1648636770, 17, 161, 189, 152, 3, 22.81%, 0, 2, 5, 3.49, 15531
1648636842, 17, 161, 190, 153, 3, 22.81%, 0, 2, 5, 3.49, 15783
1648636894, 18, 82, 190, 152, 43, 22.81%, 0, 2, 5, 3.83, 15966
1648636900, 18, 82, 191, 153, 43, 22.81%, 0, 2, 5, 4.45, 15992
1648636905, 18, 82, 192, 154, 43, 22.81%, 0, 2, 5, 4.81, 16018
1648636915, 18, 82, 193, 155, 43, 22.81%, 0, 2, 5, 5.14, 16070
1648636930, 18, 82, 194, 156, 43, 22.81%, 0, 2, 5, 4.20, 16137
1648636967, 18, 82, 195, 157, 43, 22.81%, 0, 2, 5, 5.01, 16315
1648636992, 18, 187, 195, 156, 1, 22.81%, 0, 2, 5, 0.00, 16426
1648637044, 18, 187, 196, 157, 1, 22.81%, 0, 2, 6, 3.48, 16606
1648637049, 18, 187, 197, 158, 1, 22.81%, 0, 2, 6, 3.53, 16624
1648637054, 18, 187, 198, 159, 1, 22.81%, 0, 2, 6, 3.50, 16642
1648637142, 18, 187, 199, 160, 1, 22.81%, 0, 2, 6, 3.43, 16947
1648637169, 19, 116, 199, 159, 0, 22.81%, 0, 2, 6, 0.00, 17033
1648637261, 19, 116, 199, 158, 4294967295, 22.81%, 0, 2, 6, 4.46, 17395
1648637277, 19, 116, 200, 159, 4294967295, 22.81%, 0, 2, 6, 4.84, 17468
1648637324, 19, 116, 200, 159, 0, 22.81%, 0, 2, 6, 3.65, 17672
1648637413, 19, 122, 200, 159, 0, 22.81%, 0, 2, 6, 4.34, 18012
1648637449, 20, 46, 200, 158, 0, 22.81%, 0, 2, 6, 2.73, 18226
1648637460, 20, 46, 201, 159, 0, 22.82%, 0, 2, 6, 35.37, 18449
1648637490, 20, 127, 201, 158, 44, 22.82%, 0, 2, 6, 5.08, 18625
1648637496, 20, 127, 202, 159, 44, 22.82%, 0, 2, 6, 4.13, 18644
1648637511, 20, 127, 203, 160, 44, 22.82%, 0, 2, 6, 4.80, 18714
1648637517, 20, 127, 204, 161, 44, 22.83%, 0, 2, 6, 4.95, 18741
1648637522, 20, 127, 205, 162, 44, 22.83%, 0, 2, 6, 4.98, 18766
1648637542, 20, 127, 206, 163, 44, 22.83%, 0, 2, 6, 5.29, 18870
1648637553, 20, 127, 207, 164, 44, 22.83%, 0, 2, 6, 5.21, 18917
1648637563, 20, 189, 207, 163, 2, 22.83%, 0, 2, 6, 3.69, 18963
1648637651, 20, 189, 208, 164, 2, 22.83%, 0, 2, 6, 3.46, 19269
1648637734, 20, 207, 208, 163, 1, 22.83%, 0, 2, 6, 3.48, 19553
1648637770, 20, 207, 209, 164, 1, 22.83%, 0, 2, 7, 3.41, 19678
1648637816, 20, 207, 210, 165, 1, 22.83%, 0, 2, 7, 3.50, 19840
1648637883, 20, 207, 211, 166, 1, 22.83%, 0, 2, 7, 3.46, 20074
1648637904, 21, 139, 211, 165, 0, 22.83%, 0, 2, 7, 3.75, 20148
1648637915, 21, 139, 213, 167, 0, 22.84%, 0, 2, 7, 3.46, 20295
1648637935, 22, 130, 213, 167, 46, 22.84%, 0, 2, 7, 2.98, 20748
1648638008, 22, 132, 213, 166, 45, 22.84%, 0, 2, 7, 4.99, 21076
1648638023, 22, 132, 214, 167, 45, 22.84%, 0, 2, 7, 5.10, 21149
1648638080, 22, 209, 214, 166, 2, 22.84%, 0, 2, 7, 3.41, 21408
1648638132, 22, 209, 215, 167, 2, 22.84%, 0, 2, 8, 3.50, 21588
1648638200, 22, 209, 216, 168, 2, 22.84%, 0, 2, 8, 3.44, 21822
1648638252, 22, 215, 216, 167, 1, 22.84%, 0, 2, 8, 3.48, 21998
1648638262, 22, 215, 217, 168, 1, 22.84%, 0, 2, 9, 3.49, 22034
1648638298, 22, 215, 218, 169, 1, 22.84%, 0, 2, 9, 3.47, 22161
1648638371, 22, 215, 219, 170, 1, 22.84%, 0, 2, 9, 3.46, 22413
1648638512, 23, 212, 219, 169, 1, 22.84%, 0, 2, 9, 29.09, 22924
1648638527, 23, 212, 220, 170, 1, 22.84%, 0, 2, 9, 17.00, 23205
1648638537, 23, 219, 220, 169, 1, 22.84%, 0, 2, 9, 5.87, 23357
1648638765, 24, 54, 220, 168, 0, 22.84%, 0, 2, 9, 33.10, 24553
1648638775, 25, 14, 220, 167, 0, 22.84%, 0, 2, 9, 28.75, 24798
1648638822, 25, 216, 220, 167, 0, 22.84%, 0, 2, 9, 0.00, 25059
1648638833, 25, 216, 221, 168, 0, 22.84%, 0, 2, 10, 3.43, 25094
1648638848, 25, 216, 222, 169, 0, 22.84%, 0, 2, 10, 3.50, 25148
1648638854, 25, 216, 223, 170, 0, 22.84%, 0, 2, 10, 3.48, 25166
1648638921, 25, 216, 224, 171, 0, 22.84%, 0, 2, 10, 3.46, 25400
1648638936, 25, 216, 225, 172, 0, 22.84%, 0, 2, 10, 3.47, 25454
1648639055, 25, 216, 226, 173, 0, 22.84%, 0, 2, 10, 3.46, 25868
1648639102, 25, 223, 226, 172, 3, 22.84%, 0, 2, 10, 3.48, 26026
1648639138, 25, 223, 227, 173, 3, 22.84%, 0, 2, 11, 3.53, 26152
1648639180, 25, 223, 228, 174, 3, 22.84%, 0, 2, 11, 3.43, 26296
1648639355, 26, 145, 229, 174, 0, 22.84%, 0, 2, 11, 0.00, 26901
1648639461, 27, 133, 229, 173, 45, 22.84%, 0, 2, 11, 5.05, 27493
1648639477, 27, 133, 230, 174, 45, 22.84%, 0, 2, 11, 4.51, 27565
1648639512, 27, 133, 232, 176, 45, 22.84%, 0, 2, 11, 5.20, 27734
1648639538, 27, 182, 232, 175, 0, 22.84%, 0, 2, 11, 31.58, 27899
1648639543, 27, 182, 232, 175, 0, 22.84%, 0, 3, 11, 0.83, 28008
1648639559, 28, 163, 233, 175, 0, 22.84%, 0, 3, 11, 5.08, 28441
1648639591, 28, 163, 234, 176, 0, 22.84%, 0, 3, 11, 4.67, 28590
1648639606, 28, 163, 235, 177, 0, 22.84%, 0, 3, 11, 4.71, 28660
1648639658, 28, 225, 235, 176, 3, 22.84%, 0, 3, 11, 26.36, 28955
1648639663, 28, 225, 239, 180, 3, 22.85%, 0, 3, 11, 39.72, 29041
1648639668, 28, 225, 240, 181, 3, 22.85%, 0, 3, 11, 21.46, 29094
1648639673, 28, 225, 241, 182, 3, 22.85%, 0, 3, 11, 1.89, 29185
1648639809, 29, 167, 241, 181, 43, 22.85%, 0, 3, 11, 4.97, 29831
1648639855, 29, 167, 242, 182, 43, 22.87%, 0, 3, 11, 5.34, 30053
1648639860, 29, 167, 243, 183, 43, 22.87%, 0, 3, 11, 4.30, 30072
1648639927, 29, 167, 244, 184, 43, 22.88%, 0, 3, 11, 5.83, 30390
1648639938, 29, 211, 244, 183, 0, 22.88%, 0, 4, 11, 19.23, 30445
1648639943, 29, 211, 245, 184, 0, 22.88%, 0, 5, 11, 3.64, 30467
1648639948, 29, 211, 246, 185, 0, 22.88%, 0, 5, 11, 13.82, 30517
1648639974, 29, 226, 246, 184, 5, 22.88%, 0, 5, 11, 0.00, 30878
1648639984, 29, 226, 247, 185, 5, 22.88%, 0, 5, 12, 3.50, 30914
1648640030, 29, 226, 248, 186, 5, 22.88%, 0, 5, 12, 3.49, 31076
1648640232, 30, 168, 249, 186, 43, 22.88%, 0, 5, 12, 4.24, 31783
1648640238, 30, 168, 250, 187, 43, 22.88%, 0, 5, 12, 4.71, 31809
1648640253, 30, 168, 251, 188, 43, 22.98%, 0, 5, 12, 5.06, 31885
1648640269, 30, 168, 252, 189, 43, 22.98%, 0, 5, 12, 4.91, 31959
1648640316, 30, 168, 253, 190, 43, 22.98%, 0, 5, 12, 5.06, 32194
1648640332, 30, 168, 254, 191, 43, 22.98%, 0, 5, 12, 4.95, 32267
1648640353, 30, 168, 255, 192, 43, 22.99%, 0, 5, 12, 4.33, 32371
1648640358, 30, 168, 256, 193, 43, 22.99%, 0, 5, 12, 4.98, 32398
1648640363, 30, 227, 256, 192, 0, 22.99%, 0, 5, 12, 3.50, 32414
1648640617, 30, 244, 256, 191, 0, 22.99%, 0, 5, 12, 8.00, 33354
1648640643, 31, 182, 256, 190, 0, 22.99%, 0, 5, 12, 11.72, 33724
1648640669, 31, 182, 257, 191, 0, 22.99%, 0, 5, 12, 5.22, 33849
1648640742, 31, 182, 258, 192, 0, 22.99%, 0, 5, 12, 5.30, 34207
1648640768, 31, 245, 259, 193, 0, 23.00%, 0, 5, 12, 21.47, 34357
1648640804, 32, 77, 259, 192, 0, 23.00%, 0, 5, 12, 17.21, 34904
1648640814, 32, 236, 259, 191, 0, 23.00%, 0, 5, 12, 0.00, 35245
1648641033, 32, 241, 260, 191, 0, 23.00%, 0, 5, 12, 0.00, 36415
1648641142, 33, 183, 260, 190, 45, 23.00%, 0, 5, 12, 5.38, 36992
1648641153, 33, 183, 261, 191, 45, 23.00%, 0, 5, 12, 4.28, 37036
1648641173, 33, 183, 262, 192, 45, 23.00%, 0, 5, 12, 5.21, 37140
1648641214, 33, 183, 263, 193, 45, 23.00%, 0, 5, 12, 5.33, 37352
1648641267, 33, 184, 263, 192, 47, 23.00%, 0, 5, 12, 5.16, 37617
1648641329, 33, 184, 265, 194, 47, 23.02%, 0, 5, 12, 4.80, 37919
1648641345, 33, 184, 266, 195, 47, 23.02%, 0, 5, 12, 5.01, 37996
1648641387, 33, 239, 266, 194, 0, 23.02%, 0, 5, 12, 2.00, 38197
1648641704, 34, 85, 266, 193, 0, 23.02%, 0, 5, 12, 3.49, 38846
1648641765, 34, 85, 267, 194, 0, 23.02%, 0, 5, 12, 3.52, 39062
1648641812, 34, 116, 267, 193, 0, 23.02%, 0, 5, 12, 3.51, 39221
1648641885, 34, 211, 267, 193, 0, 23.02%, 0, 5, 12, 15.39, 39545
1648641911, 35, 190, 267, 193, 0, 23.02%, 0, 5, 12, 14.77, 39927
1648641958, 35, 190, 268, 194, 0, 23.02%, 0, 5, 12, 5.08, 40147
1648641979, 35, 190, 269, 195, 0, 23.02%, 0, 5, 12, 5.13, 40239
1648642016, 35, 190, 270, 196, 0, 23.03%, 0, 5, 12, 5.21, 40405
1648642032, 35, 190, 271, 197, 0, 23.03%, 0, 5, 12, 6.07, 40481
1648642042, 35, 192, 271, 196, 51, 23.03%, 0, 5, 12, 5.36, 40535
1648642156, 35, 192, 272, 197, 51, 23.03%, 0, 5, 12, 4.77, 41114
1648642161, 35, 229, 272, 196, 0, 23.03%, 0, 5, 12, 4.56, 41135
1648642213, 35, 229, 273, 197, 0, 23.03%, 0, 5, 12, 4.75, 41373
1648642229, 35, 229, 274, 198, 0, 23.03%, 0, 5, 12, 4.58, 41445
1648642250, 35, 229, 275, 199, 0, 23.03%, 0, 5, 12, 5.04, 41545
1648642297, 36, 49, 277, 200, 0, 23.03%, 0, 5, 12, 5.28, 41733
1648642359, 36, 232, 277, 200, 52, 23.03%, 0, 5, 12, 4.88, 42063
1648642380, 36, 232, 278, 201, 52, 23.03%, 0, 5, 12, 4.08, 42161
1648642432, 36, 233, 278, 200, 50, 23.03%, 0, 5, 12, 5.22, 42430
1648642541, 36, 233, 279, 201, 50, 23.07%, 0, 5, 12, 5.52, 42932
1648642562, 36, 247, 279, 200, 49, 23.07%, 0, 5, 12, 4.43, 43034
1648642625, 36, 247, 280, 201, 49, 23.07%, 0, 5, 13, 4.85, 43317
1648642692, 37, 232, 280, 200, 5, 23.07%, 0, 5, 13, 3.72, 43651
1648642796, 37, 235, 280, 200, 5, 23.07%, 0, 5, 13, 0.00, 44209
1648643014, 37, 250, 280, 199, 4, 23.07%, 0, 5, 13, 5.45, 45381
1648643024, 37, 250, 281, 200, 4, 23.07%, 0, 5, 13, 5.10, 45430
1648643075, 37, 250, 282, 201, 4, 23.26%, 0, 5, 13, 5.13, 45679
1648643137, 38, 238, 282, 200, 0, 23.26%, 0, 5, 13, 0.00, 45974
1648643359, 38, 257, 282, 199, 0, 23.26%, 0, 6, 13, 5.52, 47169
1648643385, 38, 261, 282, 198, 0, 23.26%, 0, 6, 13, 4.53, 47744
1648643395, 38, 261, 283, 199, 0, 23.26%, 0, 6, 13, 5.05, 47798
1648643400, 38, 261, 284, 200, 0, 23.26%, 0, 6, 13, 5.33, 47826
1648643411, 38, 261, 285, 201, 0, 23.26%, 0, 6, 13, 5.14, 47876
1648643504, 39, 225, 285, 200, 0, 23.26%, 0, 6, 13, 0.00, 48327
1648643757, 40, 132, 286, 201, 0, 23.26%, 0, 6, 13, 5.86, 49204
1648643821, 41, 57, 286, 201, 0, 23.26%, 0, 6, 13, 1.74, 49542
1648643971, 41, 264, 286, 201, 0, 23.26%, 0, 6, 13, 3.35, 49817
1648644065, 42, 200, 286, 200, 0, 23.26%, 0, 6, 13, 6.06, 50283
1648644263, 42, 284, 286, 199, 0, 23.26%, 0, 6, 13, 5.33, 51449
1648644310, 42, 284, 287, 200, 0, 23.26%, 0, 6, 13, 4.98, 51680
1648644388, 43, 266, 287, 199, 0, 23.26%, 0, 6, 13, 3.48, 52045
1648644486, 44, 90, 287, 198, 0, 23.26%, 0, 6, 13, 3.48, 52383
1648644564, 44, 90, 288, 199, 0, 23.26%, 0, 6, 13, 3.50, 52655
1648644585, 45, 3, 288, 198, 0, 23.26%, 0, 6, 13, 3.92, 52730
1648644637, 45, 168, 288, 198, 0, 23.26%, 0, 6, 13, 5.84, 52983
1648644664, 46, 91, 288, 198, 0, 23.26%, 0, 6, 13, 3.42, 53527
1648644763, 46, 92, 288, 197, 0, 23.26%, 0, 6, 13, 3.69, 53864
1648644860, 47, 9, 288, 196, 0, 23.26%, 0, 6, 13, 3.99, 54211
1648644917, 47, 10, 288, 196, 0, 23.26%, 0, 6, 13, 5.33, 54483
1648644969, 47, 97, 288, 195, 0, 23.26%, 0, 6, 13, 3.42, 54733
1648645025, 47, 97, 289, 196, 0, 23.26%, 0, 6, 13, 3.55, 54933
1648645067, 47, 200, 289, 195, 0, 23.26%, 0, 6, 13, 41.64, 55096
1648645248, 48, 100, 290, 196, 0, 23.26%, 0, 6, 13, 3.51, 56053
1648645347, 48, 237, 291, 196, 4, 23.26%, 0, 6, 13, 3.61, 56393
1648645564, 49, 22, 291, 195, 0, 23.26%, 0, 6, 13, 5.36, 57571
1648645574, 49, 22, 292, 196, 0, 23.26%, 0, 6, 13, 5.42, 57625
1648645600, 49, 22, 293, 197, 0, 23.27%, 0, 6, 13, 5.28, 57748
1648645616, 49, 22, 294, 198, 0, 23.27%, 0, 6, 13, 4.24, 57819
1648645621, 49, 240, 295, 199, 3, 23.27%, 0, 6, 13, 5.33, 57833
1648645720, 49, 240, 296, 200, 3, 23.29%, 0, 6, 13, 8.92, 58388
1648645844, 50, 67, 296, 199, 55, 23.29%, 0, 6, 13, 5.03, 59056
1648645870, 50, 67, 297, 200, 55, 23.29%, 0, 6, 13, 4.32, 59169
1648645917, 50, 246, 297, 199, 2, 23.29%, 0, 6, 13, 3.44, 59383
1648646010, 50, 246, 298, 200, 2, 23.29%, 0, 6, 13, 3.50, 59708
1648646170, 50, 295, 298, 199, 2, 23.29%, 0, 6, 13, 4.06, 60270
1648646419, 50, 297, 298, 198, 1, 23.29%, 0, 6, 13, 3.45, 61440
1648646511, 50, 297, 299, 199, 1, 23.29%, 0, 6, 14, 3.49, 61764
1648646548, 50, 297, 300, 200, 1, 23.29%, 0, 6, 14, 3.47, 61890
1648646672, 51, 46, 300, 199, 0, 23.29%, 0, 6, 14, 45.25, 62332
1648646688, 51, 47, 300, 199, 0, 23.29%, 0, 6, 14, 29.98, 62691
1648646715, 51, 128, 300, 198, 0, 23.29%, 0, 6, 14, 4.50, 63085
1648646761, 51, 128, 301, 199, 0, 23.29%, 0, 6, 14, 4.79, 63301
1648646787, 52, 86, 301, 198, 0, 23.29%, 0, 6, 14, 0.00, 63418
1648646886, 53, 63, 302, 198, 0, 23.29%, 0, 6, 14, 0.00, 63756
1648646953, 53, 134, 302, 197, 54, 23.29%, 0, 6, 14, 5.34, 64115
1648646994, 53, 134, 303, 198, 54, 23.29%, 0, 6, 14, 5.35, 64328
1648647020, 53, 143, 303, 197, 0, 23.29%, 0, 6, 14, 4.46, 64450
1648647083, 53, 143, 304, 198, 0, 23.29%, 0, 6, 14, 5.11, 64736
1648647152, 54, 56, 304, 197, 0, 23.29%, 0, 6, 14, 1.25, 65095
1648647198, 54, 167, 305, 197, 0, 23.29%, 0, 6, 14, 0.00, 65318
1648647303, 55, 146, 305, 197, 50, 23.29%, 0, 6, 14, 5.16, 65908
1648647314, 55, 146, 306, 198, 50, 23.29%, 0, 6, 14, 4.73, 65951
1648647356, 55, 146, 307, 199, 50, 23.29%, 0, 6, 14, 4.70, 66145
1648647434, 55, 147, 307, 198, 51, 23.29%, 0, 6, 14, 4.96, 66511
1648647548, 55, 293, 308, 198, 51, 23.29%, 0, 6, 14, 0.00, 67069
1648647675, 56, 149, 308, 197, 50, 23.29%, 0, 6, 14, 3.73, 67403
1648647758, 56, 149, 309, 198, 50, 23.29%, 0, 6, 14, 4.93, 67768
1648647804, 56, 190, 309, 197, 0, 23.29%, 0, 6, 14, 5.74, 67973
1648647909, 57, 86, 309, 197, 0, 23.29%, 0, 6, 14, 3.50, 68557
1648648008, 57, 249, 309, 197, 0, 23.29%, 0, 6, 14, 2.33, 68983
1648648028, 58, 152, 309, 196, 0, 23.29%, 0, 6, 14, 6.39, 69447
1648648107, 58, 152, 310, 197, 0, 23.29%, 0, 6, 14, 4.67, 69837
1648648133, 58, 152, 311, 198, 0, 23.29%, 0, 6, 14, 5.43, 69974
1648648148, 59, 116, 311, 197, 0, 23.29%, 0, 6, 14, 3.58, 70038
1648648216, 60, 77, 311, 197, 0, 23.29%, 0, 6, 14, 4.04, 70302
1648648232, 60, 284, 311, 197, 0, 23.29%, 0, 6, 14, 5.68, 70636
1648648336, 61, 172, 311, 197, 0, 23.29%, 0, 6, 14, 5.31, 71231
1648648449, 62, 87, 311, 196, 0, 23.29%, 0, 6, 14, 0.00, 71788
1648648455, 62, 87, 312, 197, 0, 23.29%, 0, 6, 14, 3.46, 71805
1648648552, 63, 5, 312, 196, 0, 23.29%, 0, 6, 14, 5.67, 72150
1648648599, 63, 180, 313, 197, 0, 23.32%, 0, 6, 14, 5.54, 72417
1648648610, 63, 180, 314, 198, 0, 23.32%, 0, 6, 14, 5.36, 72471
1648648703, 63, 180, 315, 199, 0, 23.32%, 0, 6, 14, 5.13, 72936
1648648718, 63, 181, 315, 198, 53, 23.32%, 0, 6, 14, 4.95, 73011
1648648837, 63, 185, 315, 197, 52, 23.32%, 0, 6, 14, 5.19, 73598
1648648843, 63, 185, 316, 198, 52, 23.32%, 0, 6, 14, 5.26, 73625
1648648957, 64, 91, 316, 197, 0, 23.32%, 0, 6, 14, 0.00, 74164
1648649056, 64, 261, 317, 198, 0, 23.32%, 0, 6, 14, 0.00, 74502
1648649165, 65, 194, 317, 198, 51, 23.32%, 0, 6, 14, 5.40, 75080
1648649269, 65, 194, 318, 199, 51, 23.32%, 0, 6, 14, 5.30, 75606
1648649284, 66, 93, 318, 198, 0, 23.32%, 0, 6, 14, 3.47, 75671
1648649383, 66, 98, 318, 197, 0, 23.32%, 0, 6, 14, 3.42, 76011
1648649482, 66, 148, 318, 196, 0, 23.32%, 0, 6, 14, 5.69, 76356
1648649581, 67, 103, 318, 195, 0, 23.32%, 0, 6, 14, 3.51, 76917
