# unix_time, cycles_done, cur_path, paths_total, pending_total, pending_favs, map_size, unique_crashes, unique_hangs, max_depth, execs_per_sec, total_execs
1648633544, 0, 0, 2, 2, 1, 19.88%, 0, 0, 2, 3.50, 41
1648633549, 0, 0, 4, 4, 1, 19.90%, 0, 0, 2, 4.12, 66
1648633554, 0, 0, 7, 7, 1, 19.90%, 0, 0, 2, 4.43, 91
1648633559, 0, 0, 9, 9, 1, 19.94%, 0, 0, 2, 3.86, 107
1648633564, 0, 0, 10, 10, 1, 19.95%, 0, 0, 2, 3.41, 124
1648633580, 0, 0, 12, 12, 1, 19.97%, 0, 0, 2, 3.67, 173
1648633585, 0, 0, 13, 13, 1, 19.97%, 0, 0, 2, 3.76, 191
1648633590, 0, 0, 16, 16, 1, 19.98%, 0, 0, 2, 4.83, 219
1648633596, 0, 0, 18, 18, 1, 19.98%, 0, 0, 2, 4.94, 243
1648633601, 0, 0, 20, 20, 1, 19.98%, 0, 0, 2, 5.31, 272
1648633606, 0, 0, 23, 23, 1, 19.99%, 0, 0, 2, 5.55, 302
1648633611, 0, 0, 24, 24, 1, 20.00%, 0, 0, 2, 5.38, 329
1648633617, 0, 0, 25, 25, 1, 20.00%, 0, 0, 2, 5.40, 358
1648633627, 0, 0, 26, 26, 1, 20.00%, 0, 0, 2, 4.91, 402
1648633632, 0, 0, 27, 27, 1, 20.00%, 0, 0, 2, 4.08, 420
1648633637, 0, 0, 28, 28, 1, 20.01%, 0, 0, 2, 3.93, 437
1648633647, 0, 0, 29, 29, 1, 20.01%, 0, 0, 2, 4.92, 486
1648633653, 0, 0, 30, 30, 1, 20.01%, 0, 0, 2, 5.11, 514
1648633663, 0, 0, 31, 31, 1, 20.01%, 0, 0, 2, 4.83, 557
1648633668, 0, 0, 33, 32, 0, 20.22%, 0, 0, 2, 5.13, 586
1648633684, 0, 0, 34, 33, 0, 20.22%, 0, 0, 2, 0.00, 586
1648633694, 0, 0, 35, 34, 0, 20.22%, 0, 0, 2, 3.37, 588
1648633710, 0, 0, 36, 35, 0, 20.22%, 0, 0, 2, 3.45, 642
1648633720, 0, 0, 37, 36, 0, 20.22%, 0, 0, 2, 3.45, 678
1648633726, 0, 0, 39, 38, 0, 20.22%, 0, 0, 2, 3.45, 696
1648633731, 0, 0, 40, 39, 0, 20.22%, 0, 0, 2, 3.47, 714
1648633741, 0, 0, 41, 40, 0, 20.23%, 0, 0, 2, 3.50, 750
1648633757, 0, 0, 43, 42, 0, 20.23%, 0, 0, 2, 3.46, 804
1648633772, 0, 0, 44, 43, 0, 20.23%, 0, 0, 2, 3.48, 858
1648633777, 0, 0, 46, 45, 0, 20.24%, 0, 0, 2, 3.44, 876
1648633803, 0, 0, 47, 46, 0, 20.24%, 0, 0, 2, 3.45, 966
1648633814, 0, 0, 48, 47, 0, 20.24%, 0, 0, 2, 3.49, 1002
1648633829, 0, 0, 49, 48, 0, 20.24%, 0, 0, 2, 3.46, 1056
1648633835, 0, 0, 50, 49, 0, 20.24%, 0, 0, 2, 3.45, 1074
1648633840, 0, 0, 51, 50, 0, 20.24%, 0, 0, 2, 3.51, 1092
1648633845, 0, 0, 52, 51, 0, 20.24%, 0, 0, 2, 3.47, 1110
1648633850, 0, 0, 53, 52, 0, 20.24%, 0, 0, 2, 3.48, 1128
1648633866, 0, 0, 54, 53, 0, 20.24%, 0, 0, 2, 3.49, 1182
1648633871, 0, 0, 55, 54, 0, 20.24%, 0, 0, 2, 3.49, 1200
1648633886, 0, 0, 57, 56, 0, 20.24%, 0, 0, 2, 3.45, 1254
1648633897, 0, 0, 59, 58, 0, 20.25%, 0, 0, 2, 3.49, 1290
1648633923, 0, 0, 60, 59, 0, 20.25%, 0, 0, 2, 3.45, 1380
1648633938, 0, 31, 62, 61, 0, 20.25%, 0, 0, 3, 0.00, 1428
1648633985, 1, 6, 62, 60, 11, 20.25%, 0, 0, 3, 5.62, 1690
1648633991, 1, 6, 63, 61, 11, 20.25%, 0, 0, 3, 4.36, 1710
1648633997, 1, 6, 64, 62, 11, 20.25%, 0, 0, 3, 3.87, 1730
1648634002, 1, 6, 66, 64, 11, 20.25%, 0, 0, 3, 4.34, 1754
1648634007, 1, 6, 67, 65, 11, 20.25%, 0, 0, 3, 4.53, 1779
1648634013, 1, 6, 68, 66, 11, 20.26%, 0, 0, 3, 5.10, 1808
1648634018, 1, 6, 69, 67, 11, 20.26%, 0, 0, 3, 4.70, 1831
1648634049, 1, 6, 70, 68, 11, 20.27%, 0, 0, 3, 4.74, 1973
1648634059, 1, 6, 71, 69, 11, 20.27%, 0, 0, 3, 4.70, 2021
1648634064, 1, 34, 71, 68, 0, 20.27%, 0, 0, 3, 3.39, 2036
1648634069, 1, 34, 72, 69, 0, 20.27%, 0, 0, 3, 3.41, 2054
1648634085, 1, 34, 73, 70, 0, 20.27%, 0, 0, 3, 3.44, 2108
1648634090, 1, 34, 74, 71, 0, 20.27%, 0, 0, 3, 3.44, 2126
1648634106, 1, 34, 76, 73, 0, 20.27%, 0, 0, 3, 3.46, 2180
1648634116, 1, 34, 77, 74, 0, 20.27%, 0, 0, 3, 3.47, 2216
1648634121, 1, 34, 78, 75, 0, 20.27%, 0, 0, 3, 3.46, 2234
1648634127, 1, 34, 79, 76, 0, 20.27%, 0, 0, 3, 3.45, 2252
1648634132, 1, 34, 80, 77, 0, 20.28%, 0, 0, 3, 3.45, 2270
1648634168, 1, 34, 81, 78, 0, 20.28%, 0, 0, 3, 3.45, 2395
1648634173, 1, 34, 82, 79, 0, 20.28%, 0, 0, 3, 3.44, 2413
1648634184, 2, 14, 83, 79, 0, 20.28%, 0, 0, 3, 0.00, 2440
1648634199, 2, 14, 84, 80, 0, 20.28%, 0, 0, 3, 5.71, 2528
1648634236, 2, 79, 84, 79, 0, 20.28%, 0, 0, 3, 3.38, 2722
1648634273, 2, 79, 85, 80, 0, 20.28%, 0, 0, 4, 3.42, 2848
1648634283, 2, 79, 86, 81, 0, 20.28%, 0, 0, 4, 3.46, 2884
1648634288, 2, 79, 87, 82, 0, 20.28%, 0, 0, 4, 3.47, 2902
1648634304, 2, 79, 89, 84, 0, 20.28%, 0, 0, 4, 3.42, 2956
1648634325, 2, 79, 90, 85, 0, 20.28%, 0, 0, 4, 3.44, 3028
1648634340, 3, 13, 90, 84, 16, 20.28%, 0, 0, 4, 3.71, 3083
1648634356, 3, 13, 92, 86, 16, 20.29%, 0, 0, 4, 4.29, 3152
1648634361, 3, 13, 93, 87, 16, 20.30%, 0, 0, 4, 4.72, 3177
1648634388, 3, 13, 94, 88, 16, 20.30%, 0, 0, 4, 4.97, 3306
1648634398, 3, 13, 95, 89, 16, 20.30%, 0, 0, 4, 5.27, 3360
1648634403, 3, 13, 96, 90, 16, 20.30%, 0, 0, 4, 4.54, 3378
1648634414, 3, 36, 96, 89, 0, 20.30%, 0, 0, 4, 3.44, 3403
1648634429, 3, 36, 97, 90, 0, 20.30%, 0, 0, 4, 3.47, 3457
1648634440, 3, 36, 98, 91, 0, 20.30%, 0, 0, 4, 3.47, 3493
1648634450, 3, 36, 100, 93, 0, 20.30%, 0, 0, 4, 3.45, 3529
1648634487, 3, 36, 101, 94, 0, 20.30%, 0, 0, 4, 3.42, 3655
1648634497, 3, 36, 102, 95, 0, 20.30%, 0, 0, 4, 3.43, 3690
1648634502, 4, 15, 103, 95, 1, 20.30%, 0, 0, 4, 5.65, 3700
1648634549, 4, 79, 103, 94, 0, 20.30%, 0, 0, 4, 3.44, 3961
1648634565, 4, 79, 104, 95, 0, 20.30%, 0, 0, 4, 3.45, 4015
1648634570, 4, 79, 105, 96, 0, 20.30%, 0, 0, 4, 3.46, 4033
1648634591, 4, 79, 106, 97, 0, 20.30%, 0, 0, 4, 3.44, 4104
1648634612, 4, 79, 107, 98, 0, 20.30%, 0, 0, 4, 3.47, 4175
1648634637, 4, 101, 108, 99, 0, 20.30%, 0, 0, 4, 0.00, 4260
1648634647, 4, 101, 109, 100, 0, 20.30%, 0, 0, 4, 3.48, 4295
1648634658, 4, 101, 110, 101, 0, 20.30%, 0, 0, 4, 3.45, 4331
1648634674, 4, 101, 111, 102, 0, 20.30%, 0, 0, 4, 3.44, 4385
1648634695, 4, 101, 112, 103, 0, 20.30%, 0, 0, 4, 3.45, 4457
1648634700, 4, 101, 113, 104, 0, 20.30%, 0, 0, 4, 3.45, 4475
1648634721, 4, 101, 114, 105, 0, 20.30%, 0, 0, 4, 3.45, 4547
1648634736, 5, 17, 114, 104, 18, 20.30%, 0, 0, 4, 3.66, 4602
1648634742, 5, 17, 115, 105, 18, 20.31%, 0, 0, 4, 4.68, 4630
1648634747, 5, 17, 117, 107, 18, 20.32%, 0, 0, 4, 4.98, 4656
1648634767, 5, 17, 118, 108, 18, 20.33%, 0, 0, 4, 5.02, 4757
1648634772, 5, 17, 119, 109, 18, 20.33%, 0, 0, 4, 5.25, 4783
1648634799, 5, 40, 121, 110, 0, 20.34%, 0, 0, 4, 3.09, 4910
1648634819, 5, 40, 122, 111, 0, 20.34%, 0, 0, 4, 3.44, 4982
1648634825, 5, 40, 123, 112, 0, 20.34%, 0, 0, 4, 3.49, 5000
1648634835, 5, 40, 124, 113, 0, 20.34%, 0, 0, 4, 3.51, 5036
1648634856, 5, 40, 126, 115, 0, 20.34%, 0, 0, 4, 3.46, 5108
1648634887, 5, 40, 127, 116, 0, 20.34%, 0, 0, 4, 3.42, 5216
1648634903, 6, 29, 127, 115, 1, 20.34%, 0, 0, 4, 5.61, 5273
1648634913, 6, 29, 128, 116, 1, 20.34%, 0, 0, 4, 5.65, 5333
1648634950, 6, 79, 128, 115, 0, 20.34%, 0, 0, 4, 3.51, 5532
1648634987, 6, 79, 129, 116, 0, 20.34%, 0, 0, 4, 3.44, 5658
1648635028, 6, 101, 129, 116, 0, 20.34%, 0, 0, 4, 3.33, 5797
1648635044, 6, 101, 130, 117, 0, 20.34%, 0, 0, 4, 3.44, 5851
1648635060, 6, 101, 131, 118, 0, 20.34%, 0, 0, 4, 3.44, 5905
1648635102, 6, 101, 132, 119, 0, 20.34%, 0, 0, 4, 3.43, 6049
1648635112, 6, 101, 133, 120, 0, 20.34%, 0, 0, 4, 3.44, 6085
1648635123, 6, 101, 134, 121, 0, 20.34%, 0, 0, 4, 3.43, 6121
1648635128, 7, 20, 134, 121, 19, 20.34%, 0, 0, 4, 4.04, 6142
1648635143, 7, 20, 135, 122, 19, 20.34%, 0, 0, 4, 4.90, 6214
1648635164, 7, 20, 136, 123, 19, 20.35%, 0, 0, 4, 5.21, 6316
1648635184, 7, 43, 136, 122, 0, 20.35%, 0, 0, 4, 3.43, 6408
1648635190, 7, 43, 137, 123, 0, 20.35%, 0, 0, 4, 3.40, 6426
1648635263, 7, 83, 137, 122, 2, 20.35%, 0, 0, 4, 5.70, 6676
1648635316, 8, 79, 137, 121, 1, 20.35%, 0, 0, 4, 3.45, 6965
1648635352, 8, 79, 138, 122, 1, 20.35%, 0, 0, 4, 3.40, 7091
1648635394, 8, 101, 139, 123, 0, 20.35%, 0, 0, 4, 0.00, 7228
1648635488, 8, 101, 140, 124, 0, 20.35%, 0, 0, 4, 3.44, 7510
1648635493, 9, 21, 140, 124, 20, 20.35%, 0, 0, 4, 3.88, 7531
1648635498, 9, 21, 141, 125, 20, 20.35%, 0, 0, 4, 4.76, 7558
1648635514, 9, 21, 142, 126, 20, 20.35%, 0, 0, 4, 5.04, 7630
1648635545, 9, 21, 143, 127, 20, 20.35%, 0, 0, 4, 5.12, 7785
1648635555, 9, 27, 143, 126, 20, 20.35%, 0, 0, 4, 5.16, 7836
1648635566, 9, 27, 144, 127, 20, 20.35%, 0, 0, 4, 5.22, 7892
1648635576, 9, 27, 145, 128, 20, 20.91%, 0, 0, 4, 5.19, 7945
1648635581, 9, 27, 146, 129, 20, 20.91%, 0, 0, 4, 5.36, 7973
1648635592, 9, 27, 147, 130, 20, 20.91%, 0, 0, 4, 4.37, 8011
1648635617, 9, 101, 147, 129, 0, 20.91%, 0, 0, 4, 3.47, 8121
1648635680, 9, 101, 148, 130, 0, 20.91%, 0, 0, 4, 3.43, 8337
1648635696, 10, 62, 148, 130, 20, 20.91%, 0, 0, 4, 3.61, 8393
1648635717, 10, 62, 149, 131, 20, 20.91%, 0, 0, 4, 3.61, 8475
1648635737, 10, 62, 150, 132, 20, 20.92%, 0, 0, 4, 4.56, 8561
1648635768, 11, 55, 151, 132, 2, 20.92%, 0, 0, 4, 3.45, 8674
1648635794, 11, 55, 152, 133, 2, 20.92%, 0, 0, 4, 3.48, 8764
1648635846, 11, 118, 153, 133, 1, 20.92%, 0, 0, 4, 0.00, 8942
1648635909, 12, 101, 154, 133, 0, 20.92%, 0, 0, 4, 0.00, 9280
1648635971, 12, 101, 156, 135, 0, 20.92%, 0, 0, 4, 3.46, 9487
1648635992, 13, 66, 156, 135, 20, 20.92%, 0, 0, 4, 3.59, 9560
1648636002, 13, 66, 157, 136, 20, 20.92%, 0, 0, 4, 4.86, 9613
1648636023, 13, 66, 158, 137, 20, 20.92%, 0, 0, 4, 4.36, 9711
1648636033, 13, 66, 159, 138, 20, 20.92%, 0, 0, 4, 4.10, 9757
1648636044, 13, 66, 160, 139, 20, 20.93%, 0, 0, 4, 4.72, 9809
1648636054, 13, 66, 161, 140, 20, 20.93%, 0, 0, 4, 9.44, 9882
1648636064, 13, 79, 161, 139, 0, 20.93%, 0, 0, 4, 3.44, 9929
1648636142, 14, 58, 163, 141, 0, 20.93%, 0, 0, 4, 0.00, 10181
1648636210, 14, 58, 164, 142, 0, 20.93%, 0, 0, 4, 3.43, 10411
1648636226, 14, 101, 168, 145, 2, 20.94%, 0, 0, 4, 39.41, 10505
1648636231, 14, 101, 171, 148, 2, 20.95%, 0, 0, 4, 1.38, 10560
1648636262, 14, 101, 173, 150, 2, 20.95%, 0, 0, 4, 4.49, 10712
1648636278, 15, 79, 173, 150, 0, 20.95%, 0, 0, 4, 3.51, 10776
1648636299, 15, 79, 174, 151, 0, 20.95%, 0, 0, 4, 3.41, 10847
1648636356, 16, 67, 174, 151, 17, 20.95%, 0, 0, 4, 3.70, 11046
1648636377, 16, 67, 175, 152, 17, 20.95%, 0, 0, 4, 5.32, 11150
1648636404, 16, 67, 176, 153, 17, 20.95%, 0, 0, 4, 5.15, 11281
1648636419, 16, 163, 177, 153, 6, 20.96%, 0, 0, 4, 0.00, 11357
1648636518, 17, 68, 177, 152, 5, 20.96%, 0, 0, 4, 3.73, 11701
1648636523, 17, 68, 178, 153, 5, 20.96%, 0, 0, 4, 3.30, 11717
1648636554, 17, 101, 178, 152, 0, 20.96%, 0, 0, 4, 3.44, 11853
1648636633, 18, 69, 178, 152, 0, 20.96%, 0, 0, 4, 4.18, 12128
1648636638, 18, 69, 179, 153, 0, 20.99%, 0, 0, 4, 4.73, 12154
1648636643, 18, 69, 180, 154, 0, 20.99%, 0, 0, 4, 4.35, 12176
1648636654, 18, 91, 181, 154, 17, 20.99%, 0, 0, 4, 5.09, 12232
1648636674, 18, 91, 182, 155, 17, 21.01%, 0, 0, 4, 4.61, 12310
1648636700, 18, 91, 182, 155, 17, 21.01%, 0, 1, 4, 4.04, 12408
1648636705, 18, 91, 183, 156, 17, 21.01%, 0, 1, 4, 4.08, 12428
1648636711, 18, 91, 184, 157, 17, 21.01%, 0, 1, 4, 4.56, 12452
1648636721, 18, 91, 186, 159, 17, 21.02%, 0, 1, 4, 4.11, 12496
1648636737, 18, 92, 186, 158, 21, 21.02%, 0, 1, 4, 5.06, 12569
1648636747, 18, 92, 187, 159, 21, 21.53%, 0, 1, 4, 4.76, 12617
1648636757, 18, 92, 188, 160, 21, 21.54%, 0, 1, 4, 3.81, 12650
1648636778, 18, 164, 189, 160, 5, 21.54%, 0, 1, 5, 0.00, 12729
1648636924, 18, 164, 190, 161, 5, 21.55%, 0, 1, 5, 6.04, 13467
1648637009, 19, 95, 190, 160, 21, 21.55%, 0, 1, 5, 5.12, 13913
1648637024, 19, 95, 191, 161, 21, 21.56%, 0, 1, 5, 5.08, 13990
1648637029, 19, 95, 193, 163, 21, 21.56%, 0, 1, 5, 5.25, 14017
1648637040, 19, 95, 194, 164, 21, 21.56%, 0, 1, 5, 4.89, 14060
1648637071, 19, 114, 195, 164, 20, 21.56%, 0, 1, 5, 4.80, 14214
1648637086, 19, 114, 197, 166, 20, 21.56%, 0, 1, 5, 5.43, 14293
1648637092, 19, 114, 198, 167, 20, 21.56%, 0, 1, 5, 5.07, 14318
1648637112, 19, 114, 199, 168, 20, 21.56%, 0, 1, 5, 5.21, 14427
1648637128, 19, 114, 200, 169, 20, 21.57%, 0, 1, 5, 5.35, 14510
1648637149, 20, 101, 200, 168, 0, 21.57%, 0, 1, 5, 3.45, 14604
1648637222, 21, 35, 200, 168, 0, 21.57%, 0, 1, 5, 0.00, 14855
1648637300, 21, 101, 200, 167, 0, 21.57%, 0, 1, 5, 3.38, 15118
1648637378, 22, 38, 200, 167, 0, 21.57%, 0, 1, 5, 3.44, 15383
1648637456, 22, 39, 200, 166, 0, 21.57%, 0, 1, 5, 3.37, 15648
1648637529, 22, 101, 200, 165, 0, 21.57%, 0, 1, 5, 0.00, 15899
1648637545, 22, 101, 201, 166, 0, 21.57%, 0, 1, 5, 3.44, 15950
1648637613, 22, 128, 202, 167, 0, 21.57%, 0, 1, 5, 4.39, 16192
1648637618, 22, 128, 203, 168, 0, 21.57%, 0, 1, 5, 3.85, 16209
1648637628, 22, 128, 204, 169, 0, 21.68%, 0, 1, 5, 4.78, 16256
1648637639, 22, 128, 205, 170, 0, 21.68%, 0, 1, 5, 4.58, 16301
1648637670, 22, 128, 206, 171, 0, 21.68%, 0, 1, 5, 5.12, 16441
1648637686, 22, 128, 208, 173, 0, 21.70%, 0, 1, 5, 5.31, 16518
1648637691, 22, 128, 209, 174, 0, 21.70%, 0, 1, 5, 5.09, 16541
1648637707, 23, 101, 209, 173, 3, 21.70%, 0, 1, 5, 26.42, 16619
1648637749, 23, 134, 209, 173, 3, 21.70%, 0, 1, 5, 4.74, 16887
1648637754, 23, 134, 210, 174, 3, 21.70%, 0, 1, 5, 5.15, 16913
1648637759, 23, 134, 211, 175, 3, 21.70%, 0, 1, 5, 4.73, 16934
1648637796, 23, 134, 212, 176, 3, 21.70%, 0, 1, 5, 4.96, 17103
1648637801, 23, 134, 213, 177, 3, 21.71%, 0, 1, 5, 4.97, 17127
1648637817, 23, 134, 214, 178, 3, 21.72%, 0, 1, 5, 4.92, 17207
1648637828, 23, 135, 214, 177, 29, 21.72%, 0, 1, 5, 4.47, 17255
1648637843, 23, 135, 215, 178, 29, 21.72%, 0, 1, 5, 5.20, 17332
1648637849, 23, 135, 217, 180, 29, 21.72%, 0, 1, 5, 5.44, 17362
1648637885, 23, 135, 218, 181, 29, 21.74%, 0, 1, 5, 4.64, 17517
1648637911, 23, 148, 218, 180, 31, 21.74%, 0, 1, 5, 4.72, 17642
1648637921, 23, 148, 219, 181, 31, 21.74%, 0, 1, 5, 4.18, 17685
1648637927, 23, 148, 220, 182, 31, 21.74%, 0, 1, 5, 3.05, 17696
1648637999, 23, 148, 221, 183, 31, 21.74%, 0, 1, 5, 4.60, 18003
1648638005, 23, 148, 222, 184, 31, 21.75%, 0, 1, 5, 4.92, 18030
1648638020, 24, 101, 222, 183, 0, 21.75%, 0, 1, 5, 3.44, 18100
1648638099, 24, 156, 223, 184, 0, 21.75%, 0, 1, 5, 3.90, 18373
1648638120, 24, 156, 225, 186, 0, 21.85%, 0, 1, 5, 4.92, 18469
1648638145, 24, 156, 226, 187, 0, 21.85%, 0, 1, 5, 5.17, 18595
1648638161, 24, 156, 227, 188, 0, 21.86%, 0, 1, 5, 4.92, 18666
1648638171, 24, 156, 228, 189, 0, 22.11%, 0, 1, 5, 4.09, 18705
1648638218, 24, 156, 229, 190, 0, 22.12%, 0, 1, 5, 4.87, 18928
1648638233, 24, 168, 229, 189, 38, 22.12%, 0, 1, 5, 4.76, 18998
1648638249, 24, 168, 230, 190, 38, 22.12%, 0, 1, 5, 4.04, 19064
1648638280, 24, 168, 231, 191, 38, 22.12%, 0, 1, 5, 4.78, 19213
1648638317, 24, 168, 231, 190, 3, 22.12%, 0, 1, 5, 3.39, 19378
1648638416, 24, 168, 232, 191, 3, 22.12%, 0, 1, 5, 3.44, 19719
1648638484, 25, 101, 232, 191, 0, 22.12%, 0, 1, 5, 0.00, 19948
1648638546, 25, 101, 233, 192, 0, 22.12%, 0, 1, 5, 8.53, 20186
1648638567, 25, 127, 234, 193, 1, 22.12%, 0, 1, 5, 5.65, 20259
1648638624, 26, 101, 234, 192, 0, 22.12%, 0, 1, 5, 0.00, 20587
1648638635, 26, 101, 235, 193, 0, 22.12%, 0, 1, 5, 3.42, 20620
1648638640, 26, 101, 236, 194, 0, 22.12%, 0, 1, 5, 3.43, 20638
1648638786, 26, 171, 237, 195, 0, 22.12%, 0, 1, 5, 5.19, 21127
1648638895, 26, 210, 238, 195, 2, 22.12%, 0, 1, 5, 0.00, 21700
1648639005, 27, 169, 238, 194, 37, 22.12%, 0, 1, 5, 5.18, 22279
1648639016, 27, 169, 239, 195, 37, 22.12%, 0, 1, 5, 5.07, 22332
1648639042, 27, 169, 240, 196, 37, 22.12%, 0, 1, 5, 5.09, 22459
1648639052, 27, 169, 241, 197, 37, 22.13%, 0, 1, 5, 5.12, 22509
1648639063, 27, 169, 242, 198, 37, 22.13%, 0, 1, 5, 4.93, 22555
1648639094, 27, 169, 243, 199, 37, 22.13%, 0, 1, 5, 4.93, 22692
1648639125, 27, 169, 244, 200, 37, 22.13%, 0, 1, 5, 5.26, 22843
1648639172, 27, 169, 245, 201, 37, 22.13%, 0, 1, 5, 5.21, 23086
1648639189, 27, 231, 245, 200, 2, 22.13%, 0, 1, 5, 11.24, 23195
1648639215, 28, 101, 245, 199, 1, 22.13%, 0, 1, 5, 3.43, 23715
1648639366, 28, 101, 246, 200, 1, 22.13%, 0, 1, 5, 3.44, 24231
1648639372, 29, 0, 246, 200, 1, 22.13%, 0, 1, 5, 3.46, 24245
1648639439, 29, 0, 247, 201, 1, 22.13%, 0, 1, 5, 3.44, 24477
1648639450, 29, 79, 247, 201, 0, 22.13%, 0, 1, 5, 3.34, 24508
1648639528, 29, 101, 247, 201, 0, 22.13%, 0, 1, 5, 3.46, 24772
1648639601, 30, 41, 247, 201, 0, 22.13%, 0, 1, 5, 0.00, 25023
1648639679, 30, 52, 247, 200, 0, 22.13%, 0, 1, 5, 3.52, 25286
1648639758, 30, 177, 247, 199, 0, 22.13%, 0, 1, 5, 3.79, 25559
1648639805, 30, 177, 248, 200, 0, 22.13%, 0, 1, 5, 5.45, 25796
1648639831, 30, 177, 249, 201, 0, 22.14%, 0, 1, 5, 5.36, 25930
1648639847, 31, 101, 249, 200, 0, 22.14%, 0, 1, 5, 3.45, 26003
1648640004, 31, 208, 249, 200, 0, 22.14%, 0, 1, 5, 4.01, 26540
1648640030, 31, 208, 250, 201, 0, 22.14%, 0, 1, 6, 3.95, 26660
1648640035, 31, 208, 252, 203, 0, 22.14%, 0, 1, 6, 3.89, 26680
1648640040, 31, 208, 253, 204, 0, 22.14%, 0, 1, 6, 3.99, 26699
1648640045, 31, 208, 254, 205, 0, 22.14%, 0, 1, 6, 4.64, 26725
1648640056, 31, 208, 255, 206, 0, 22.15%, 0, 1, 6, 4.77, 26772
1648640139, 32, 71, 255, 205, 2, 22.15%, 0, 1, 6, 3.37, 27161
1648640144, 32, 71, 256, 206, 2, 22.15%, 0, 1, 6, 3.40, 27179
1648640222, 32, 231, 256, 205, 2, 22.15%, 0, 1, 6, 3.34, 27444
1648640395, 33, 209, 256, 205, 2, 22.15%, 0, 1, 6, 4.16, 28042
1648640446, 33, 209, 257, 206, 2, 22.15%, 0, 1, 6, 5.15, 28291
1648640457, 34, 73, 257, 205, 0, 22.15%, 0, 1, 6, 3.44, 28335
1648640499, 34, 73, 258, 206, 0, 22.15%, 0, 1, 6, 3.45, 28479
1648640541, 34, 73, 259, 207, 0, 22.15%, 0, 1, 6, 3.43, 28623
1648640546, 34, 74, 259, 206, 0, 22.15%, 0, 1, 6, 3.31, 28636
1648640629, 34, 77, 259, 205, 0, 22.15%, 0, 1, 6, 0.00, 28920
1648640718, 35, 1, 259, 204, 0, 22.15%, 0, 1, 6, 4.59, 29234
1648640728, 35, 1, 260, 205, 0, 22.15%, 0, 1, 6, 5.21, 29289
1648640770, 35, 115, 260, 204, 45, 22.15%, 0, 1, 6, 5.02, 29487
1648640817, 36, 79, 260, 203, 44, 22.15%, 0, 1, 6, 3.43, 29708
1648640890, 36, 250, 261, 204, 44, 22.15%, 0, 1, 7, 40.30, 29970
1648640916, 36, 250, 262, 205, 44, 22.16%, 0, 1, 7, 4.79, 30159
1648640994, 36, 250, 263, 206, 44, 22.16%, 0, 1, 7, 4.61, 30556
1648640999, 37, 116, 263, 205, 43, 22.16%, 0, 1, 7, 5.05, 30583
1648641020, 37, 116, 264, 206, 43, 22.16%, 0, 1, 7, 4.72, 30684
1648641051, 37, 116, 265, 207, 43, 22.16%, 0, 1, 7, 5.10, 30838
1648641072, 37, 119, 265, 206, 42, 22.16%, 0, 1, 7, 4.64, 30933
1648641087, 37, 119, 267, 208, 42, 22.16%, 0, 1, 7, 5.18, 31010
1648641103, 37, 119, 268, 209, 42, 22.97%, 0, 1, 7, 5.41, 31090
1648641145, 37, 119, 269, 210, 42, 22.97%, 0, 1, 7, 4.43, 31283
1648641150, 38, 101, 269, 209, 0, 22.97%, 0, 1, 7, 3.45, 31298
1648641228, 38, 142, 269, 209, 0, 22.97%, 0, 1, 7, 4.19, 31573
1648641249, 38, 142, 270, 210, 0, 22.97%, 0, 1, 7, 5.03, 31673
1648641259, 38, 142, 271, 211, 0, 22.98%, 0, 1, 7, 4.60, 31719
1648641280, 38, 142, 271, 211, 0, 22.98%, 0, 2, 7, 4.71, 31810
1648641300, 38, 142, 272, 212, 0, 22.98%, 0, 2, 7, 4.96, 31910
1648641306, 39, 101, 272, 211, 0, 22.98%, 0, 2, 7, 3.45, 31926
1648641384, 39, 144, 272, 211, 0, 22.98%, 0, 2, 7, 4.11, 32200
1648641394, 39, 144, 274, 213, 0, 22.98%, 0, 2, 7, 5.13, 32253
1648641426, 39, 144, 275, 214, 0, 22.99%, 0, 2, 7, 5.03, 32403
1648641457, 39, 149, 275, 213, 42, 22.99%, 0, 2, 7, 4.75, 32555
1648641473, 39, 149, 276, 214, 42, 22.99%, 0, 2, 7, 4.90, 32630
1648641499, 39, 149, 277, 215, 42, 22.99%, 0, 2, 7, 5.14, 32759
1648641530, 39, 149, 278, 216, 42, 22.99%, 0, 2, 7, 4.17, 32907
1648641582, 39, 231, 278, 215, 0, 22.99%, 0, 2, 7, 3.43, 33153
1648641749, 39, 260, 278, 215, 0, 22.99%, 0, 2, 7, 44.86, 33757
1648641759, 39, 260, 279, 216, 0, 22.99%, 0, 2, 8, 1.91, 33850
1648641974, 40, 115, 279, 215, 2, 22.99%, 0, 2, 8, 5.26, 34920
1648642026, 41, 101, 279, 215, 2, 22.99%, 0, 2, 8, 3.43, 35191
1648642105, 41, 176, 279, 215, 2, 22.99%, 0, 2, 8, 4.26, 35467
1648642121, 41, 176, 280, 216, 2, 22.99%, 0, 2, 8, 4.91, 35545
1648642220, 41, 176, 281, 217, 2, 22.99%, 0, 2, 8, 4.58, 36021
1648642230, 41, 178, 281, 216, 40, 22.99%, 0, 2, 8, 4.91, 36069
1648642246, 41, 178, 282, 217, 40, 22.99%, 0, 2, 8, 5.16, 36148
1648642256, 41, 178, 283, 218, 40, 22.99%, 0, 2, 8, 5.14, 36201
1648642272, 41, 178, 284, 219, 40, 22.99%, 0, 2, 8, 5.18, 36279
1648642334, 41, 178, 285, 220, 40, 22.99%, 0, 2, 8, 5.39, 36597
1648642350, 41, 183, 285, 219, 40, 22.99%, 0, 2, 8, 5.05, 36677
1648642386, 41, 183, 286, 220, 40, 22.99%, 0, 2, 8, 4.69, 36837
1648642480, 42, 79, 286, 219, 0, 22.99%, 0, 2, 8, 0.00, 37241
1648642558, 42, 280, 286, 219, 0, 22.99%, 0, 2, 8, 6.09, 37545
1648642564, 42, 280, 286, 219, 0, 22.99%, 0, 3, 8, 14.87, 37628
1648642585, 43, 101, 287, 219, 0, 22.99%, 0, 3, 8, 3.42, 38093
1648642664, 43, 186, 287, 219, 0, 22.99%, 0, 3, 8, 4.09, 38367
1648642674, 43, 186, 288, 220, 0, 22.99%, 0, 3, 8, 4.58, 38416
1648642695, 43, 186, 289, 221, 0, 22.99%, 0, 3, 8, 4.29, 38506
1648642721, 43, 186, 290, 222, 0, 22.99%, 0, 3, 8, 5.04, 38633
1648642741, 43, 186, 290, 222, 0, 22.99%, 0, 4, 8, 5.10, 38726
1648642747, 43, 186, 290, 222, 0, 22.99%, 0, 5, 8, 4.93, 38745
1648642762, 44, 79, 290, 221, 0, 22.99%, 0, 5, 8, 3.50, 38816
1648642841, 44, 190, 290, 221, 0, 22.99%, 0, 5, 8, 3.82, 39087
1648642851, 44, 190, 291, 222, 0, 22.99%, 0, 5, 8, 4.89, 39141
1648642867, 44, 190, 292, 223, 0, 22.99%, 0, 5, 8, 4.97, 39219
1648642872, 44, 190, 293, 224, 0, 22.99%, 0, 5, 8, 4.49, 39243
1648642955, 45, 101, 293, 223, 0, 22.99%, 0, 5, 8, 3.39, 39661
1648643018, 45, 101, 294, 224, 0, 22.99%, 0, 5, 8, 3.47, 39876
1648643033, 45, 231, 294, 224, 0, 22.99%, 0, 5, 8, 3.44, 39925
1648643064, 45, 231, 295, 225, 0, 22.99%, 0, 5, 8, 3.38, 40030
1648643205, 46, 101, 295, 225, 0, 22.99%, 0, 5, 8, 3.35, 40508
1648643283, 46, 196, 296, 226, 0, 22.99%, 0, 5, 8, 5.67, 40769
1648643388, 47, 169, 297, 226, 2, 22.99%, 0, 5, 8, 5.29, 41354
1648643609, 47, 191, 297, 226, 0, 22.99%, 0, 5, 8, 5.15, 42523
1648643662, 47, 191, 298, 227, 0, 22.99%, 0, 5, 8, 4.81, 42747
1648643730, 47, 191, 299, 228, 0, 22.99%, 0, 5, 8, 5.45, 43070
1648643740, 48, 101, 299, 227, 0, 22.99%, 0, 5, 8, 3.41, 43113
1648643818, 48, 294, 299, 227, 0, 22.99%, 0, 5, 8, 3.36, 43376
1648643928, 48, 294, 300, 228, 0, 22.99%, 0, 5, 8, 3.44, 43754
1648643991, 49, 101, 301, 228, 4294967295, 22.99%, 0, 5, 8, 3.51, 43963
1648644064, 49, 101, 301, 228, 0, 22.99%, 0, 5, 8, 0.00, 44212
1648644143, 49, 228, 302, 229, 0, 22.99%, 0, 5, 8, 0.00, 44473
1648644248, 50, 18, 302, 228, 0, 22.99%, 0, 5, 8, 5.73, 45064
1648644295, 50, 101, 302, 227, 0, 22.99%, 0, 5, 8, 3.45, 45319
1648644446, 51, 79, 302, 227, 0, 22.99%, 0, 5, 8, 0.00, 45831
1648644524, 51, 172, 303, 228, 0, 22.99%, 0, 5, 8, 0.00, 46092
1648644704, 51, 257, 303, 227, 0, 22.99%, 0, 5, 8, 3.45, 46539
1648644872, 51, 294, 303, 226, 0, 22.99%, 0, 5, 8, 3.40, 47109
1648645038, 52, 63, 304, 227, 0, 22.99%, 0, 5, 8, 0.00, 47676
1648645121, 52, 191, 304, 226, 0, 22.99%, 0, 5, 8, 5.67, 47971
1648645221, 52, 260, 304, 226, 0, 22.99%, 0, 5, 8, 5.63, 48539
1648645226, 52, 260, 305, 227, 0, 22.99%, 0, 5, 8, 14.97, 48629
1648645257, 52, 260, 306, 228, 0, 22.99%, 0, 5, 8, 4.98, 48804
1648645445, 53, 197, 306, 228, 42, 22.99%, 0, 5, 8, 5.18, 49744
1648645481, 53, 197, 307, 229, 42, 23.00%, 0, 5, 8, 4.61, 49924
1648645533, 53, 197, 308, 230, 42, 23.00%, 0, 5, 8, 5.09, 50174
1648645569, 53, 231, 309, 230, 0, 23.00%, 0, 5, 8, 3.37, 50323
1648645737, 54, 0, 309, 230, 1, 23.00%, 0, 5, 8, 0.00, 50894
1648645815, 54, 261, 309, 230, 1, 23.00%, 0, 5, 8, 29.35, 51198
1648645841, 55, 36, 309, 229, 0, 23.00%, 0, 5, 8, 3.42, 51740
1648645919, 55, 101, 309, 229, 0, 23.00%, 0, 5, 8, 3.46, 52005
1648645940, 55, 101, 310, 230, 0, 23.00%, 0, 5, 8, 4.44, 52084
1648645992, 55, 231, 310, 230, 0, 23.00%, 0, 5, 8, 0.00, 52262
1648646164, 56, 210, 310, 230, 0, 23.00%, 0, 5, 8, 4.02, 52857
1648646179, 56, 210, 311, 231, 0, 23.00%, 0, 5, 8, 4.76, 52925
1648646236, 56, 210, 312, 232, 0, 23.00%, 0, 5, 8, 4.83, 53202
1648646289, 57, 101, 312, 232, 0, 23.00%, 0, 5, 8, 3.45, 53444
1648646362, 57, 101, 313, 233, 0, 23.00%, 0, 5, 8, 3.45, 53696
1648646367, 57, 211, 313, 233, 0, 23.00%, 0, 5, 8, 4.01, 53718
1648646372, 57, 211, 314, 234, 0, 23.00%, 0, 5, 8, 4.57, 53741
1648646378, 57, 211, 315, 235, 0, 23.00%, 0, 5, 8, 4.68, 53764
1648646383, 57, 211, 316, 236, 0, 23.00%, 0, 5, 8, 4.87, 53789
1648646398, 57, 211, 317, 237, 0, 23.00%, 0, 5, 8, 4.43, 53851
1648646445, 57, 211, 318, 238, 0, 23.00%, 0, 5, 8, 4.98, 54063
1648646502, 57, 231, 318, 237, 0, 23.00%, 0, 5, 8, 0.00, 54320
1648646539, 57, 231, 319, 238, 0, 23.00%, 0, 5, 8, 3.46, 54446
1648646591, 58, 218, 319, 238, 0, 23.00%, 0, 5, 8, 3.46, 54625
1648646675, 59, 192, 319, 237, 0, 23.00%, 0, 5, 8, 5.71, 54959
1648646780, 59, 228, 319, 236, 0, 23.00%, 0, 5, 8, 5.69, 55559
1648646873, 59, 228, 320, 237, 0, 23.00%, 0, 5, 8, 4.56, 55969
1648646909, 60, 164, 320, 237, 1, 23.00%, 0, 5, 8, 0.00, 56119
1648647135, 61, 79, 320, 237, 1, 23.00%, 0, 5, 8, 3.35, 57302
1648647156, 61, 79, 321, 238, 1, 23.00%, 0, 5, 8, 3.48, 57374
1648647213, 61, 294, 321, 238, 1, 23.00%, 0, 5, 8, 3.47, 57567
1648647380, 62, 101, 321, 238, 1, 23.00%, 0, 5, 8, 3.46, 58139
1648647458, 62, 231, 321, 238, 1, 23.00%, 0, 5, 8, 3.42, 58404
1648647541, 63, 101, 321, 238, 1, 23.00%, 0, 5, 8, 3.42, 58684
1648647593, 63, 101, 322, 239, 1, 23.00%, 0, 5, 8, 3.41, 58863
1648647619, 63, 278, 322, 239, 1, 23.00%, 0, 5, 8, 3.60, 58953
1648647790, 64, 165, 322, 238, 0, 23.00%, 0, 5, 8, 3.42, 59834
1648648010, 64, 294, 322, 237, 0, 23.00%, 0, 5, 8, 3.41, 60994
1648648177, 65, 211, 323, 238, 0, 23.00%, 0, 5, 8, 0.00, 61568
1648648287, 66, 79, 323, 238, 0, 23.00%, 0, 5, 8, 5.13, 62143
1648648366, 66, 269, 324, 239, 0, 23.00%, 0, 5, 8, 0.00, 62404
1648648475, 67, 231, 324, 238, 0, 23.00%, 0, 5, 8, 0.00, 62979
1648648563, 68, 101, 324, 238, 0, 23.00%, 0, 5, 8, 3.48, 63279
1648648714, 69, 79, 324, 238, 0, 23.00%, 0, 5, 8, 3.38, 63792
1648648793, 69, 101, 324, 238, 0, 23.00%, 0, 5, 8, 3.43, 64057
1648648871, 69, 169, 324, 238, 0, 23.00%, 0, 5, 8, 3.89, 64331
1648649092, 69, 291, 324, 238, 0, 23.00%, 0, 5, 8, 36.53, 65579
1648649170, 70, 42, 324, 237, 0, 23.00%, 0, 5, 8, 0.00, 66055
1648649248, 70, 101, 324, 236, 0, 23.00%, 0, 5, 8, 3.46, 66317
1648649394, 70, 101, 325, 237, 0, 23.00%, 0, 5, 8, 3.44, 66816
1648649477, 70, 101, 326, 238, 0, 23.00%, 0, 5, 8, 3.41, 67099
1648649482, 70, 252, 326, 238, 0, 23.00%, 0, 5, 8, 3.57, 67117
1648649487, 70, 252, 327, 239, 0, 23.01%, 0, 5, 8, 4.54, 67143
1648649503, 70, 252, 328, 240, 0, 23.01%, 0, 5, 8, 4.96, 67211
1648649513, 70, 252, 330, 242, 0, 23.01%, 0, 5, 8, 5.29, 67263
1648649534, 70, 252, 331, 243, 0, 23.01%, 0, 5, 8, 4.77, 67364
1648649617, 70, 253, 331, 242, 45, 23.01%, 0, 5, 8, 4.88, 67758
1648649642, 70, 253, 332, 243, 45, 23.01%, 0, 5, 8, 5.09, 67890
