# unix_time, cycles_done, cur_path, paths_total, pending_total, pending_favs, map_size, unique_crashes, unique_hangs, max_depth, execs_per_sec, total_execs
1648633567, 0, 0, 2, 2, 1, 5.05%, 0, 0, 2, 4.99, 9
1648633572, 0, 0, 7, 7, 1, 5.08%, 0, 0, 2, 4.45, 105
1648633582, 0, 0, 15, 15, 1, 5.12%, 0, 0, 2, 46.38, 218
1648633587, 0, 0, 24, 24, 1, 5.13%, 0, 0, 2, 47.31, 456
1648633592, 0, 25, 27, 26, 0, 5.13%, 0, 0, 3, 47.14, 683
1648633598, 1, 0, 38, 36, 0, 5.24%, 0, 0, 3, 41.38, 895
1648633603, 1, 0, 43, 41, 0, 5.25%, 0, 0, 3, 7.77, 951
1648633608, 1, 0, 45, 43, 0, 5.26%, 0, 0, 3, 9.55, 1003
1648633613, 1, 0, 46, 44, 0, 5.26%, 0, 0, 3, 10.13, 1055
1648633618, 1, 0, 47, 45, 0, 5.27%, 0, 0, 3, 10.22, 1107
1648633628, 1, 0, 49, 47, 0, 5.27%, 0, 0, 3, 10.56, 1217
1648633633, 1, 48, 50, 48, 0, 5.27%, 0, 0, 3, 7.87, 1260
1648633659, 2, 30, 51, 48, 0, 5.27%, 0, 0, 3, 9.94, 1528
1648633695, 3, 28, 52, 48, 0, 5.27%, 0, 0, 3, 7.25, 1875
1648633737, 4, 6, 54, 49, 4, 5.27%, 0, 0, 3, 25.49, 2388
1648633742, 5, 34, 63, 57, 0, 5.31%, 0, 0, 3, 38.73, 2602
1648633747, 5, 34, 69, 63, 0, 5.68%, 0, 0, 3, 33.18, 2748
1648633752, 5, 34, 71, 65, 0, 5.69%, 0, 0, 3, 49.35, 3008
1648633757, 5, 64, 72, 65, 0, 5.69%, 0, 0, 4, 7.83, 3052
1648633793, 6, 31, 73, 65, 10, 5.69%, 0, 0, 4, 10.52, 3402
1648633819, 6, 31, 74, 66, 10, 5.75%, 0, 0, 4, 10.83, 3669
1648633834, 6, 43, 75, 66, 0, 5.75%, 0, 0, 4, 9.88, 3821
1648633865, 6, 63, 76, 66, 0, 5.75%, 0, 0, 4, 33.97, 4179
1648633880, 7, 34, 76, 65, 0, 5.75%, 0, 0, 4, 8.16, 4581
1648633910, 8, 3, 79, 68, 0, 5.75%, 0, 0, 4, 25.05, 4941
1648633916, 9, 64, 80, 68, 0, 5.76%, 0, 0, 4, 33.90, 5146
1648633921, 9, 64, 81, 69, 0, 5.76%, 0, 0, 4, 40.74, 5335
1648633926, 9, 64, 82, 70, 0, 5.76%, 0, 0, 4, 9.47, 5476
1648633951, 10, 33, 82, 70, 0, 5.76%, 0, 0, 4, 9.62, 5719
1648633977, 11, 31, 82, 70, 0, 5.76%, 0, 0, 4, 6.79, 5992
1648634008, 12, 40, 82, 70, 0, 5.76%, 0, 0, 4, 8.05, 6322
1648634039, 12, 79, 83, 70, 4294967295, 5.77%, 0, 0, 5, 30.80, 6733
1648634054, 12, 79, 84, 70, 0, 5.77%, 0, 0, 5, 6.38, 7280
1648634120, 13, 9, 86, 72, 4, 5.77%, 0, 0, 5, 14.52, 7943
1648634125, 13, 9, 92, 78, 4, 5.78%, 0, 0, 5, 38.41, 8164
1648634130, 13, 79, 95, 80, 0, 6.39%, 0, 0, 5, 34.52, 8316
1648634136, 13, 79, 96, 81, 0, 6.39%, 0, 0, 5, 50.82, 8474
1648634141, 13, 80, 97, 82, 0, 6.39%, 0, 0, 5, 0.00, 8640
1648634212, 14, 36, 103, 87, 9, 6.41%, 0, 0, 5, 44.75, 9438
1648634217, 14, 36, 106, 90, 9, 6.41%, 0, 0, 5, 47.76, 9682
1648634223, 14, 37, 106, 89, 0, 6.41%, 0, 0, 5, 9.88, 9748
1648634253, 14, 101, 107, 89, 0, 6.41%, 0, 0, 5, 9.23, 10041
1648634299, 15, 42, 107, 88, 4294967295, 6.41%, 0, 0, 5, 7.46, 10479
1648634330, 15, 79, 108, 88, 4294967294, 6.42%, 0, 0, 5, 32.92, 10921
1648634335, 15, 79, 108, 88, 0, 6.42%, 0, 0, 5, 9.46, 11058
1648634365, 16, 17, 110, 90, 0, 6.42%, 0, 0, 5, 32.22, 11475
1648634370, 17, 62, 113, 92, 0, 6.42%, 0, 0, 5, 34.33, 11666
1648634386, 17, 80, 113, 91, 0, 6.42%, 0, 0, 5, 9.44, 12017
1648634427, 18, 38, 113, 91, 0, 6.42%, 0, 0, 5, 10.56, 12415
1648634453, 18, 38, 114, 91, 0, 6.42%, 0, 0, 5, 9.27, 12802
1648634479, 19, 61, 114, 91, 0, 6.42%, 0, 0, 5, 9.72, 13078
1648634510, 19, 79, 114, 90, 0, 6.42%, 0, 0, 5, 18.20, 13410
1648634556, 20, 24, 115, 91, 0, 6.42%, 0, 0, 5, 40.93, 14367
1648634561, 20, 64, 115, 90, 0, 6.42%, 0, 0, 5, 9.59, 14494
1648634587, 21, 52, 116, 91, 0, 6.43%, 0, 0, 5, 14.67, 14762
1648634592, 21, 52, 119, 94, 0, 6.43%, 0, 0, 5, 32.33, 14939
1648634597, 21, 79, 119, 93, 0, 6.43%, 0, 0, 5, 7.99, 15090
1648634607, 21, 79, 120, 94, 0, 6.43%, 0, 0, 5, 24.62, 15327
1648634612, 22, 66, 121, 95, 6, 6.43%, 0, 0, 5, 29.55, 15482
1648634617, 23, 42, 121, 94, 5, 6.43%, 0, 0, 5, 38.46, 15683
1648634627, 23, 79, 121, 94, 5, 6.43%, 0, 0, 5, 20.59, 15836
1648634638, 24, 45, 121, 94, 5, 6.43%, 0, 0, 5, 48.02, 16295
1648634643, 24, 47, 121, 93, 4, 6.43%, 0, 0, 5, 48.83, 16527
1648634648, 24, 102, 121, 92, 3, 6.43%, 0, 0, 5, 16.55, 16698
1648634658, 24, 102, 122, 93, 3, 6.43%, 0, 0, 5, 20.26, 16904
1648634668, 24, 102, 123, 94, 3, 6.43%, 0, 0, 5, 25.76, 17159
1648634678, 25, 79, 123, 93, 0, 6.43%, 0, 0, 5, 36.61, 17477
1648634684, 26, 55, 123, 93, 0, 6.43%, 0, 0, 5, 31.82, 17646
1648634694, 26, 79, 123, 92, 0, 6.43%, 0, 0, 5, 3.89, 17936
1648634725, 27, 72, 123, 92, 0, 6.43%, 0, 0, 5, 10.52, 18237
1648634750, 27, 76, 124, 92, 0, 6.43%, 0, 0, 5, 17.81, 18536
1648634755, 27, 76, 125, 93, 0, 6.43%, 0, 0, 5, 38.12, 18754
1648634761, 27, 87, 125, 92, 7, 6.43%, 0, 0, 5, 43.16, 18977
1648634766, 28, 79, 125, 91, 6, 6.43%, 0, 0, 5, 38.24, 19166
1648634781, 29, 58, 125, 91, 6, 6.43%, 0, 0, 5, 31.69, 19725
1648634796, 29, 59, 125, 90, 5, 6.43%, 0, 0, 5, 26.70, 20149
1648634806, 29, 73, 125, 89, 4, 6.43%, 0, 0, 5, 21.38, 20403
1648634822, 29, 73, 126, 90, 4, 6.43%, 0, 0, 5, 8.35, 20532
1648634847, 29, 88, 127, 90, 6, 6.43%, 0, 0, 5, 22.76, 20802
1648634853, 29, 88, 128, 91, 6, 6.43%, 0, 0, 5, 23.35, 20930
1648634858, 29, 93, 129, 91, 5, 6.43%, 0, 0, 5, 28.76, 21079
1648634863, 29, 93, 130, 92, 5, 6.43%, 0, 0, 5, 28.13, 21220
1648634868, 29, 93, 134, 96, 5, 6.43%, 0, 0, 5, 29.36, 21381
1648634873, 29, 125, 135, 96, 3, 6.43%, 0, 0, 5, 16.57, 21448
1648634945, 30, 66, 135, 95, 2, 6.43%, 0, 0, 5, 7.06, 21984
1648634961, 30, 79, 135, 95, 2, 6.43%, 0, 0, 5, 39.63, 22390
1648634966, 30, 117, 135, 95, 2, 6.43%, 0, 0, 5, 35.84, 22579
1648634971, 31, 0, 136, 95, 1, 6.43%, 0, 0, 5, 46.58, 22735
1648634976, 31, 0, 138, 97, 1, 6.43%, 0, 0, 5, 4.53, 22860
1648634981, 31, 64, 139, 98, 0, 6.44%, 0, 0, 5, 9.68, 22900
1648635012, 32, 29, 139, 98, 0, 6.44%, 0, 0, 5, 54.08, 23411
1648635017, 32, 70, 139, 97, 0, 6.44%, 0, 0, 5, 37.65, 23601
1648635027, 32, 131, 139, 96, 0, 6.44%, 0, 0, 5, 35.70, 23926
1648635032, 32, 131, 140, 97, 0, 6.44%, 0, 0, 5, 41.29, 24143
1648635037, 33, 98, 140, 96, 6, 6.44%, 0, 0, 5, 25.89, 24255
1648635053, 33, 138, 140, 95, 5, 6.44%, 0, 0, 5, 29.97, 24659
1648635058, 33, 138, 143, 98, 5, 6.44%, 0, 0, 5, 30.48, 24817
1648635063, 34, 119, 143, 97, 6, 6.44%, 0, 0, 5, 28.10, 24957
1648635078, 34, 140, 144, 97, 5, 6.44%, 0, 0, 5, 37.62, 25457
1648635083, 35, 79, 144, 96, 0, 6.44%, 0, 0, 5, 38.57, 25652
1648635089, 36, 1, 144, 96, 0, 6.44%, 0, 0, 5, 38.67, 25853
1648635099, 36, 2, 144, 95, 0, 6.44%, 0, 0, 5, 39.56, 26257
1648635104, 36, 41, 146, 96, 0, 6.44%, 0, 0, 5, 41.68, 26466
1648635109, 36, 79, 146, 95, 0, 6.44%, 0, 0, 5, 9.62, 26648
1648635140, 37, 27, 146, 95, 0, 6.44%, 0, 0, 5, 16.34, 26979
1648635160, 37, 27, 147, 96, 0, 6.44%, 0, 0, 5, 10.14, 27186
1648635171, 37, 47, 147, 95, 4, 6.44%, 0, 0, 5, 18.67, 27329
1648635176, 37, 127, 147, 95, 4, 6.44%, 0, 0, 5, 30.61, 27507
1648635181, 37, 127, 148, 96, 4, 6.44%, 0, 0, 5, 25.51, 27644
1648635186, 37, 127, 150, 98, 4, 6.44%, 0, 0, 5, 27.61, 27788
1648635192, 37, 127, 152, 100, 4, 6.45%, 0, 0, 5, 24.43, 27904
1648635197, 37, 127, 153, 101, 4, 6.45%, 0, 0, 5, 24.19, 28007
1648635202, 38, 29, 153, 100, 3, 6.45%, 0, 0, 5, 42.76, 28230
1648635207, 38, 98, 154, 101, 3, 6.45%, 0, 0, 5, 9.12, 28360
1648635243, 38, 121, 154, 101, 4, 6.45%, 0, 0, 5, 13.17, 28786
1648635248, 38, 121, 156, 103, 4, 6.45%, 0, 0, 5, 18.59, 28881
1648635263, 38, 121, 158, 105, 4, 6.45%, 0, 0, 5, 16.52, 29210
1648635274, 38, 122, 158, 104, 5, 6.45%, 0, 0, 5, 27.80, 29480
1648635289, 38, 132, 158, 103, 4, 6.45%, 0, 0, 5, 30.53, 29908
1648635299, 38, 132, 159, 104, 4, 6.45%, 0, 0, 5, 42.40, 30340
1648635304, 40, 79, 159, 103, 0, 6.45%, 0, 0, 5, 39.89, 30551
1648635314, 41, 3, 159, 103, 0, 6.45%, 0, 0, 5, 41.26, 30965
1648635319, 41, 33, 159, 103, 0, 6.45%, 0, 0, 5, 8.67, 31124
1648635340, 41, 33, 160, 104, 0, 6.45%, 0, 0, 5, 9.49, 31322
1648635345, 41, 34, 160, 104, 0, 6.45%, 0, 0, 5, 13.12, 31387
1648635375, 42, 5, 160, 104, 0, 6.45%, 0, 0, 5, 34.11, 31835
1648635380, 42, 159, 161, 104, 0, 6.45%, 0, 0, 5, 24.62, 31964
1648635411, 43, 135, 162, 104, 0, 6.46%, 0, 0, 5, 51.44, 32305
1648635416, 43, 135, 164, 106, 0, 6.46%, 0, 0, 5, 37.61, 32477
1648635421, 43, 135, 165, 107, 0, 6.46%, 0, 0, 5, 40.56, 32690
1648635426, 45, 41, 166, 107, 0, 6.46%, 0, 0, 5, 44.68, 32924
1648635457, 46, 8, 166, 107, 0, 6.46%, 0, 0, 5, 33.67, 33375
1648635462, 46, 142, 166, 106, 0, 6.46%, 0, 0, 5, 28.30, 33525
1648635482, 47, 156, 167, 106, 0, 6.46%, 0, 0, 5, 15.53, 33814
1648635488, 47, 156, 169, 108, 0, 6.50%, 0, 0, 6, 14.67, 33896
1648635493, 47, 156, 170, 109, 0, 6.50%, 0, 0, 6, 20.52, 34006
1648635508, 47, 156, 172, 111, 0, 6.50%, 0, 0, 6, 24.93, 34408
1648635513, 47, 170, 172, 110, 0, 6.50%, 0, 0, 6, 24.65, 34538
1648635518, 47, 170, 176, 114, 0, 6.50%, 0, 0, 7, 17.14, 34615
1648635523, 47, 170, 180, 118, 0, 6.51%, 0, 0, 7, 15.28, 34690
1648635534, 47, 170, 184, 122, 0, 6.51%, 0, 0, 7, 16.54, 34891
1648635539, 47, 170, 185, 123, 0, 6.51%, 0, 0, 7, 22.95, 35014
1648635544, 48, 105, 185, 122, 7, 6.51%, 0, 0, 7, 30.48, 35178
1648635559, 48, 177, 187, 123, 6, 6.51%, 0, 0, 8, 29.00, 35697
1648635564, 48, 177, 189, 125, 6, 6.51%, 0, 0, 8, 21.51, 35790
1648635569, 48, 177, 190, 126, 6, 6.51%, 0, 0, 8, 23.94, 35902
1648635574, 48, 177, 192, 128, 6, 6.51%, 0, 0, 8, 23.63, 36017
1648635579, 48, 177, 193, 129, 6, 6.51%, 0, 0, 8, 25.57, 36149
1648635584, 48, 185, 197, 132, 6, 6.52%, 0, 0, 9, 19.94, 36238
1648635590, 48, 185, 200, 135, 6, 6.52%, 0, 0, 9, 20.68, 36342
1648635595, 48, 185, 203, 138, 6, 6.52%, 0, 0, 9, 18.48, 36433
1648635600, 48, 185, 205, 140, 6, 6.53%, 0, 0, 9, 21.40, 36537
1648635605, 48, 185, 208, 143, 6, 6.53%, 0, 0, 9, 20.85, 36628
1648635610, 48, 185, 211, 146, 6, 6.53%, 0, 0, 9, 21.24, 36728
1648635615, 48, 185, 214, 149, 6, 6.53%, 0, 0, 9, 20.37, 36831
1648635625, 49, 186, 216, 150, 0, 6.53%, 0, 0, 9, 21.62, 37059
1648635630, 49, 186, 217, 151, 0, 6.53%, 0, 0, 9, 19.84, 37163
1648635636, 49, 186, 219, 153, 0, 6.53%, 0, 0, 9, 19.42, 37256
1648635641, 49, 186, 221, 155, 0, 6.53%, 0, 0, 9, 22.16, 37376
1648635651, 49, 186, 223, 157, 0, 6.53%, 0, 0, 9, 24.27, 37626
1648635656, 50, 42, 224, 157, 3, 6.53%, 0, 0, 9, 35.78, 37796
1648635661, 50, 136, 224, 157, 3, 6.53%, 0, 0, 9, 43.43, 38023
1648635682, 50, 136, 225, 158, 3, 6.53%, 0, 0, 9, 11.02, 38342
1648635733, 50, 224, 225, 157, 3, 6.53%, 0, 0, 9, 42.23, 39082
1648635739, 53, 0, 225, 156, 2, 6.53%, 0, 0, 9, 5.54, 39283
1648635754, 53, 142, 225, 156, 2, 6.53%, 0, 0, 9, 20.97, 39514
1648635759, 53, 142, 226, 157, 2, 6.54%, 0, 0, 9, 32.61, 39716
1648635769, 53, 164, 226, 157, 2, 6.54%, 0, 0, 9, 10.00, 39854
1648635794, 53, 202, 226, 156, 1, 6.54%, 0, 0, 9, 13.08, 40158
1648635800, 53, 202, 228, 158, 1, 6.54%, 0, 0, 10, 17.72, 40261
1648635805, 53, 202, 230, 160, 1, 6.54%, 0, 0, 10, 19.36, 40366
1648635810, 53, 202, 232, 162, 1, 6.54%, 0, 0, 10, 19.95, 40470
1648635820, 53, 203, 233, 162, 10, 6.54%, 0, 0, 10, 22.14, 40727
1648635825, 53, 203, 234, 163, 10, 6.54%, 0, 0, 10, 21.98, 40840
1648635831, 53, 203, 237, 166, 10, 6.54%, 0, 0, 10, 18.90, 40926
1648635841, 53, 203, 238, 167, 10, 6.63%, 0, 0, 10, 17.59, 41141
1648635846, 53, 203, 240, 169, 10, 6.63%, 0, 0, 10, 20.09, 41243
1648635851, 53, 203, 241, 170, 10, 6.63%, 0, 0, 10, 23.47, 41375
1648635856, 54, 32, 241, 169, 2, 6.63%, 0, 0, 10, 20.04, 41480
1648635887, 54, 107, 242, 169, 1, 6.63%, 0, 0, 10, 15.91, 41826
1648635897, 54, 107, 244, 171, 1, 6.68%, 0, 0, 10, 23.01, 42079
1648635902, 54, 107, 245, 172, 1, 6.68%, 0, 0, 10, 21.65, 42183
1648635907, 54, 107, 246, 173, 1, 6.68%, 0, 0, 10, 23.98, 42311
1648635913, 54, 107, 248, 175, 1, 6.68%, 0, 0, 10, 21.18, 42415
1648635923, 54, 107, 249, 176, 1, 6.68%, 0, 0, 10, 23.66, 42677
1648635928, 54, 107, 251, 178, 1, 6.69%, 0, 0, 10, 23.38, 42796
1648635933, 55, 42, 251, 177, 1, 6.69%, 0, 0, 10, 43.69, 43024
1648635938, 55, 160, 251, 177, 1, 6.69%, 0, 0, 10, 24.32, 43134
1648635969, 55, 160, 252, 178, 1, 6.69%, 0, 0, 10, 9.34, 43426
1648635974, 55, 160, 253, 179, 1, 6.69%, 0, 0, 10, 8.80, 43472
1648636061, 56, 136, 253, 178, 11, 6.69%, 0, 0, 10, 25.90, 44425
1648636066, 56, 136, 254, 179, 11, 6.69%, 0, 0, 10, 27.68, 44572
1648636076, 56, 213, 256, 181, 8, 6.69%, 0, 0, 10, 35.81, 44943
1648636081, 56, 213, 257, 182, 8, 6.69%, 0, 0, 10, 21.82, 45033
1648636086, 56, 213, 259, 184, 8, 6.69%, 0, 0, 10, 19.93, 45132
1648636092, 56, 213, 260, 185, 8, 6.69%, 0, 0, 10, 22.50, 45241
1648636097, 56, 213, 262, 187, 8, 6.69%, 0, 0, 10, 19.07, 45340
1648636102, 56, 213, 263, 188, 8, 6.69%, 0, 0, 10, 20.13, 45448
1648636107, 56, 213, 265, 190, 8, 6.69%, 0, 0, 10, 22.03, 45570
1648636112, 56, 220, 266, 190, 10, 6.69%, 0, 0, 10, 28.25, 45704
1648636117, 56, 220, 267, 191, 10, 6.69%, 0, 0, 10, 32.10, 45871
1648636153, 57, 166, 268, 191, 1, 6.69%, 0, 0, 10, 30.26, 46948
1648636178, 58, 44, 269, 191, 0, 6.69%, 0, 0, 10, 7.96, 47306
1648636209, 58, 158, 269, 190, 0, 6.69%, 0, 0, 10, 31.59, 47739
1648636219, 58, 161, 269, 189, 0, 6.69%, 0, 0, 10, 30.13, 48108
1648636234, 58, 161, 270, 190, 0, 6.69%, 0, 0, 10, 18.24, 48439
1648636239, 59, 146, 270, 189, 0, 6.69%, 0, 0, 10, 9.26, 48483
1648636275, 60, 29, 270, 188, 0, 6.69%, 0, 0, 10, 51.91, 48915
1648636280, 60, 79, 270, 188, 0, 6.69%, 0, 0, 10, 47.02, 49167
1648636291, 60, 146, 270, 188, 0, 6.69%, 0, 0, 10, 49.21, 49626
1648636296, 60, 235, 270, 188, 0, 6.69%, 0, 0, 10, 36.67, 49817
1648636301, 60, 235, 272, 190, 0, 6.69%, 0, 0, 11, 23.63, 49908
1648636306, 60, 235, 273, 191, 0, 6.69%, 0, 0, 11, 23.98, 50022
1648636316, 60, 235, 275, 193, 0, 6.69%, 0, 0, 11, 23.91, 50277
1648636321, 61, 160, 275, 192, 0, 6.69%, 0, 0, 11, 8.35, 50326
1648636439, 61, 236, 276, 193, 0, 6.69%, 0, 0, 11, 16.06, 51533
1648636444, 61, 236, 279, 196, 0, 6.69%, 0, 0, 11, 17.20, 51617
1648636449, 61, 236, 281, 198, 0, 6.70%, 0, 0, 11, 19.85, 51726
1648636459, 61, 236, 282, 199, 0, 6.70%, 0, 0, 11, 23.55, 51972
1648636470, 62, 166, 283, 199, 13, 6.70%, 0, 0, 11, 24.49, 52244
1648636485, 63, 79, 283, 199, 0, 6.70%, 0, 0, 11, 38.97, 52829
1648636495, 63, 193, 283, 199, 0, 6.70%, 0, 0, 11, 34.88, 53211
1648636501, 63, 193, 284, 200, 0, 6.70%, 0, 0, 11, 32.11, 53363
1648636506, 63, 257, 284, 199, 11, 6.70%, 0, 0, 11, 25.08, 53484
1648636511, 63, 257, 285, 200, 11, 6.70%, 0, 0, 11, 17.70, 53567
1648636521, 63, 257, 286, 201, 11, 6.70%, 0, 0, 11, 22.87, 53783
1648636531, 63, 257, 287, 202, 11, 6.70%, 0, 0, 11, 27.26, 54036
1648636536, 64, 245, 287, 201, 14, 6.70%, 0, 0, 11, 28.11, 54175
1648636546, 65, 225, 287, 200, 13, 6.70%, 0, 0, 11, 24.41, 54471
1648636557, 65, 225, 288, 201, 13, 6.71%, 0, 0, 11, 14.77, 54624
1648636567, 65, 225, 289, 202, 13, 6.71%, 0, 0, 11, 14.45, 54771
1648636618, 65, 264, 289, 201, 11, 6.71%, 0, 0, 11, 18.63, 55629
1648636623, 65, 264, 290, 202, 11, 6.71%, 0, 0, 11, 22.42, 55755
1648636644, 66, 165, 290, 201, 0, 6.71%, 0, 0, 11, 10.44, 56277
1648636700, 66, 246, 290, 200, 0, 6.71%, 0, 0, 11, 22.28, 56926
1648636705, 66, 246, 291, 201, 0, 6.71%, 0, 0, 11, 31.24, 57091
1648636710, 66, 266, 292, 201, 10, 6.71%, 0, 0, 11, 32.82, 57266
1648636746, 66, 287, 292, 200, 9, 6.71%, 0, 0, 11, 18.08, 58311
1648636802, 67, 42, 292, 199, 8, 6.71%, 0, 0, 11, 50.98, 59035
1648636807, 67, 80, 292, 199, 8, 6.71%, 0, 0, 11, 7.06, 59183
1648636843, 67, 248, 292, 199, 8, 6.71%, 0, 0, 11, 20.48, 59576
1648636848, 67, 248, 293, 200, 8, 6.71%, 0, 0, 11, 32.81, 59762
1648636854, 67, 250, 293, 199, 14, 6.71%, 0, 0, 11, 35.86, 59950
1648636864, 67, 253, 293, 198, 13, 6.71%, 0, 0, 11, 28.65, 60261
1648636874, 67, 254, 294, 198, 12, 6.71%, 0, 0, 11, 37.27, 60631
1648636879, 67, 254, 296, 200, 12, 6.71%, 0, 0, 11, 36.80, 60821
1648636884, 67, 254, 297, 201, 12, 6.71%, 0, 0, 11, 37.34, 61018
1648636889, 67, 254, 298, 202, 12, 6.71%, 0, 0, 11, 40.12, 61222
1648636895, 68, 100, 298, 201, 0, 6.71%, 0, 0, 11, 20.11, 61293
1648636936, 70, 79, 298, 200, 0, 6.71%, 0, 0, 11, 8.23, 61717
1648636971, 70, 270, 298, 200, 0, 6.71%, 0, 0, 11, 30.11, 62305
1648636976, 70, 270, 300, 202, 0, 6.71%, 0, 0, 12, 20.13, 62389
1648636981, 70, 270, 303, 205, 0, 6.71%, 0, 0, 12, 18.02, 62475
1648636987, 70, 270, 304, 206, 0, 6.71%, 0, 0, 12, 23.87, 62594
1648636992, 70, 270, 305, 207, 0, 6.71%, 0, 0, 12, 22.76, 62707
1648636997, 70, 270, 306, 208, 0, 6.71%, 0, 0, 12, 25.69, 62839
1648637002, 70, 279, 306, 207, 9, 6.71%, 0, 0, 12, 28.11, 62983
1648637033, 71, 255, 306, 206, 8, 6.71%, 0, 0, 12, 32.35, 63936
1648637043, 71, 286, 306, 205, 7, 6.71%, 0, 0, 12, 30.99, 64315
1648637058, 71, 286, 308, 207, 7, 6.71%, 0, 0, 12, 20.12, 64627
1648637068, 71, 286, 309, 208, 7, 6.71%, 0, 0, 12, 23.60, 64893
1648637079, 71, 286, 310, 209, 7, 6.71%, 0, 0, 12, 24.46, 65177
1648637084, 71, 286, 312, 211, 7, 6.71%, 0, 0, 12, 18.11, 65265
1648637089, 72, 66, 313, 211, 1, 6.71%, 0, 0, 12, 9.87, 65326
1648637119, 72, 289, 313, 211, 7, 6.71%, 0, 0, 12, 20.28, 65694
1648637125, 72, 289, 315, 213, 7, 6.71%, 0, 0, 12, 20.20, 65797
1648637130, 72, 289, 317, 215, 7, 6.72%, 0, 0, 12, 15.86, 65878
1648637161, 73, 166, 317, 214, 0, 6.72%, 0, 0, 12, 19.50, 66592
1648637212, 73, 282, 317, 214, 0, 6.72%, 0, 0, 12, 14.73, 67230
1648637263, 74, 296, 318, 214, 4294967295, 6.72%, 0, 0, 12, 31.02, 67948
1648637289, 75, 279, 318, 213, 4294967294, 6.72%, 0, 0, 12, 32.85, 68757
1648637304, 75, 305, 319, 214, 4294967294, 6.73%, 0, 0, 13, 35.33, 69314
1648637309, 75, 305, 320, 215, 4294967294, 6.73%, 0, 0, 13, 21.48, 69421
1648637319, 75, 305, 321, 216, 4294967294, 6.73%, 0, 0, 13, 19.25, 69627
1648637324, 75, 305, 322, 217, 4294967294, 6.73%, 0, 0, 13, 21.73, 69735
1648637334, 75, 305, 324, 219, 4294967294, 6.74%, 0, 0, 13, 22.67, 69981
1648637339, 75, 305, 325, 220, 4294967294, 6.74%, 0, 0, 13, 21.55, 70088
1648637360, 76, 79, 326, 220, 0, 6.74%, 0, 0, 13, 32.13, 70637
1648637365, 76, 125, 326, 220, 0, 6.74%, 0, 0, 13, 35.46, 70831
1648637442, 77, 79, 326, 220, 0, 6.74%, 0, 0, 13, 0.00, 71475
1648637478, 77, 309, 327, 221, 0, 6.74%, 0, 0, 13, 18.26, 71874
1648637488, 77, 309, 329, 223, 0, 6.74%, 0, 0, 13, 22.61, 72110
1648637493, 77, 309, 330, 224, 0, 6.75%, 0, 0, 13, 26.99, 72249
1648637503, 77, 313, 330, 223, 12, 6.75%, 0, 0, 13, 25.77, 72517
1648637539, 78, 245, 330, 222, 11, 6.75%, 0, 0, 13, 15.07, 73352
1648637605, 79, 135, 330, 222, 11, 6.75%, 0, 0, 13, 32.02, 74135
1648637626, 79, 282, 330, 222, 11, 6.75%, 0, 0, 13, 21.43, 75008
1648637641, 80, 314, 330, 222, 11, 6.75%, 0, 0, 13, 33.21, 75589
1648637662, 81, 142, 331, 222, 10, 6.75%, 0, 0, 13, 29.39, 76119
1648637672, 81, 315, 331, 222, 10, 6.75%, 0, 0, 13, 36.15, 76544
1648637698, 81, 315, 332, 223, 10, 6.82%, 0, 0, 13, 20.18, 77175
1648637708, 83, 164, 332, 222, 0, 6.82%, 0, 0, 13, 11.38, 77394
1648637744, 83, 290, 332, 222, 0, 6.82%, 0, 0, 13, 12.92, 77817
1648637749, 83, 290, 334, 224, 0, 6.82%, 0, 0, 13, 25.05, 77962
1648637754, 83, 290, 335, 225, 0, 6.82%, 0, 0, 13, 24.91, 78097
1648637769, 83, 296, 335, 224, 9, 6.82%, 0, 0, 13, 32.11, 78499
1648637789, 83, 297, 335, 224, 9, 6.82%, 0, 0, 13, 40.38, 79323
1648637794, 83, 297, 336, 225, 9, 6.82%, 0, 0, 13, 41.72, 79534
1648637800, 83, 297, 337, 226, 9, 6.82%, 0, 0, 13, 41.57, 79750
1648637815, 83, 318, 337, 225, 0, 6.82%, 0, 0, 13, 25.39, 80281
1648637841, 83, 332, 337, 224, 0, 6.82%, 0, 0, 13, 30.63, 80942
1648637871, 84, 38, 337, 223, 0, 6.82%, 0, 0, 13, 8.78, 81738
1648637897, 84, 333, 337, 223, 0, 6.82%, 0, 0, 13, 12.91, 82028
1648637918, 84, 333, 339, 225, 0, 6.82%, 0, 0, 13, 20.08, 82573
1648637933, 85, 251, 339, 224, 2, 6.82%, 0, 0, 13, 20.68, 82932
1648638005, 86, 0, 339, 223, 1, 6.82%, 0, 0, 13, 44.52, 83688
1648638010, 86, 335, 339, 223, 1, 6.82%, 0, 0, 13, 44.25, 83867
1648638015, 86, 335, 340, 224, 1, 6.82%, 0, 0, 13, 41.83, 84080
1648638020, 87, 39, 341, 224, 1, 6.82%, 0, 0, 13, 41.54, 84248
1648638025, 87, 42, 341, 223, 1, 6.82%, 0, 0, 13, 40.22, 84446
1648638030, 87, 245, 341, 223, 1, 6.82%, 0, 0, 13, 44.40, 84684
1648638097, 87, 336, 341, 223, 1, 6.82%, 0, 0, 13, 20.93, 85386
1648638117, 89, 148, 342, 223, 0, 6.82%, 0, 0, 13, 7.19, 86202
1648638184, 89, 319, 342, 222, 8, 6.82%, 0, 0, 13, 13.06, 86876
1648638199, 89, 319, 344, 224, 8, 6.82%, 0, 0, 14, 20.02, 87190
1648638230, 90, 252, 344, 223, 1, 6.82%, 0, 0, 14, 12.59, 87897
1648638296, 90, 321, 344, 222, 0, 6.82%, 0, 0, 14, 10.64, 88506
1648638316, 90, 321, 345, 223, 0, 6.82%, 0, 0, 14, 23.46, 88978
1648638321, 90, 321, 346, 224, 0, 6.82%, 0, 0, 14, 25.30, 89111
1648638327, 92, 43, 346, 223, 0, 6.82%, 0, 0, 14, 17.79, 89196
1648638347, 92, 125, 346, 223, 0, 6.82%, 0, 0, 14, 10.54, 89409
1648638429, 92, 245, 346, 223, 0, 6.82%, 0, 0, 14, 8.85, 90060
1648638496, 93, 134, 346, 223, 0, 6.82%, 0, 0, 14, 8.74, 90706
1648638532, 93, 134, 347, 224, 0, 6.82%, 0, 0, 14, 7.58, 90983
1648638543, 93, 322, 347, 223, 7, 6.82%, 0, 0, 14, 25.41, 91164
1648638574, 94, 253, 347, 222, 6, 6.82%, 0, 0, 14, 32.30, 92121
1648638600, 94, 337, 347, 222, 6, 6.82%, 0, 0, 14, 21.38, 92450
1648638615, 94, 337, 348, 223, 6, 6.82%, 0, 0, 14, 37.47, 92962
1648638620, 95, 324, 348, 222, 0, 6.82%, 0, 0, 14, 24.95, 93071
1648638641, 95, 324, 349, 223, 0, 6.82%, 0, 0, 14, 21.90, 93543
1648638646, 95, 330, 349, 222, 2, 6.82%, 0, 0, 14, 26.26, 93680
1648638687, 95, 338, 349, 221, 1, 6.82%, 0, 0, 14, 31.07, 94663
1648638713, 96, 327, 351, 222, 0, 6.82%, 0, 0, 14, 18.53, 95254
1648638723, 96, 327, 352, 223, 0, 6.82%, 0, 0, 14, 26.34, 95494
1648638733, 96, 327, 353, 224, 0, 6.82%, 0, 0, 14, 21.79, 95736
1648638738, 96, 329, 353, 223, 6, 6.82%, 0, 0, 14, 31.45, 95888
1648638743, 96, 329, 354, 224, 6, 6.82%, 0, 0, 14, 33.86, 96072
1648638769, 97, 293, 355, 224, 0, 6.82%, 0, 0, 14, 31.36, 96879
1648638799, 97, 339, 355, 223, 7, 6.82%, 0, 0, 14, 36.95, 97851
1648638804, 98, 245, 355, 222, 6, 6.82%, 0, 0, 14, 32.03, 98027
1648638871, 98, 331, 355, 222, 6, 6.82%, 0, 0, 14, 15.13, 98701
1648638887, 98, 331, 356, 223, 6, 6.83%, 0, 0, 14, 23.48, 99054
1648638907, 99, 79, 356, 222, 0, 6.83%, 0, 0, 14, 5.92, 99551
1648638948, 99, 332, 356, 222, 0, 6.83%, 0, 0, 14, 26.85, 100220
1648638953, 99, 332, 357, 223, 0, 6.83%, 0, 0, 14, 24.55, 100339
1648638978, 101, 4, 357, 223, 0, 6.83%, 0, 0, 14, 34.97, 101081
1648638983, 101, 330, 357, 222, 0, 6.83%, 0, 0, 14, 6.94, 101269
1648639065, 102, 40, 357, 222, 0, 6.83%, 0, 0, 14, 10.67, 102141
1648639075, 103, 7, 357, 222, 0, 6.83%, 0, 0, 14, 42.83, 102618
1648639080, 103, 73, 357, 221, 0, 6.83%, 0, 0, 14, 8.61, 102703
1648639111, 104, 12, 357, 221, 0, 6.83%, 0, 0, 14, 11.04, 102965
1648639121, 104, 55, 357, 220, 0, 6.83%, 0, 0, 14, 31.18, 103338
1648639131, 104, 346, 357, 220, 0, 6.83%, 0, 0, 14, 16.78, 103565
1648639136, 104, 346, 358, 221, 0, 6.83%, 0, 0, 14, 10.73, 103608
1648639203, 105, 152, 358, 220, 7, 6.83%, 0, 0, 14, 10.05, 104216
1648639208, 105, 152, 359, 221, 7, 6.83%, 0, 0, 14, 14.38, 104303
1648639223, 106, 222, 359, 220, 6, 6.83%, 0, 0, 14, 25.21, 104660
1648639264, 107, 231, 359, 219, 5, 6.83%, 0, 0, 14, 24.72, 105656
1648639275, 107, 231, 360, 220, 5, 6.84%, 0, 0, 14, 16.88, 105858
1648639280, 107, 231, 362, 222, 5, 6.84%, 0, 0, 14, 18.52, 105959
1648639290, 107, 231, 363, 223, 5, 6.84%, 0, 0, 14, 22.88, 106185
1648639295, 107, 231, 364, 224, 5, 6.84%, 0, 0, 14, 22.85, 106311
1648639310, 108, 79, 364, 223, 0, 6.84%, 0, 0, 14, 34.90, 106751
1648639316, 109, 137, 364, 223, 0, 6.84%, 0, 0, 14, 6.43, 106891
1648639336, 109, 137, 365, 224, 0, 6.84%, 0, 0, 14, 6.07, 107015
1648639357, 109, 137, 366, 225, 0, 6.84%, 0, 0, 14, 4.35, 107127
1648639362, 110, 19, 366, 224, 0, 6.84%, 0, 0, 14, 46.31, 107183
1648639372, 110, 135, 366, 223, 0, 6.84%, 0, 0, 14, 8.41, 107458
1648639450, 110, 237, 366, 223, 0, 6.84%, 0, 0, 14, 11.16, 108290
1648639455, 110, 237, 367, 224, 0, 6.84%, 0, 0, 14, 18.72, 108392
1648639490, 111, 143, 367, 223, 5, 6.84%, 0, 0, 14, 36.49, 109322
1648639495, 111, 147, 367, 222, 4, 6.84%, 0, 0, 14, 36.66, 109523
1648639521, 111, 149, 367, 221, 3, 6.84%, 0, 0, 14, 26.35, 110178
1648639531, 111, 149, 368, 222, 3, 6.84%, 0, 0, 14, 27.06, 110483
1648639546, 111, 152, 368, 221, 3, 6.84%, 0, 0, 14, 27.55, 110887
1648639567, 112, 357, 368, 221, 3, 6.84%, 0, 0, 14, 25.95, 111472
1648639638, 113, 282, 368, 220, 2, 6.84%, 0, 0, 14, 26.84, 112224
1648639653, 114, 245, 368, 220, 2, 6.84%, 0, 0, 14, 31.11, 112785
1648639659, 114, 245, 369, 221, 2, 6.86%, 0, 0, 14, 22.72, 112886
1648639679, 114, 315, 369, 221, 3, 6.86%, 0, 0, 14, 27.68, 113393
1648639689, 114, 315, 370, 222, 3, 6.91%, 0, 0, 14, 36.50, 113743
1648639694, 114, 364, 370, 222, 1, 6.91%, 0, 0, 14, 24.90, 113862
1648639746, 115, 256, 371, 222, 0, 6.91%, 0, 0, 14, 14.63, 114230
1648639751, 115, 256, 372, 223, 0, 6.91%, 0, 0, 14, 18.87, 114334
1648639761, 115, 256, 373, 224, 0, 6.91%, 0, 0, 14, 26.76, 114579
1648639771, 115, 282, 373, 223, 7, 6.91%, 0, 0, 14, 24.94, 114830
1648639802, 115, 346, 373, 223, 7, 6.91%, 0, 0, 14, 20.61, 115498
1648639883, 116, 365, 373, 223, 7, 6.91%, 0, 0, 14, 8.63, 116163
1648639914, 117, 316, 374, 223, 7, 7.07%, 0, 0, 14, 16.94, 116462
1648639950, 117, 352, 374, 222, 6, 7.07%, 0, 0, 14, 21.70, 117340
1648639960, 117, 352, 375, 223, 6, 7.07%, 0, 0, 15, 20.60, 117556
1648639965, 117, 352, 377, 225, 6, 7.07%, 0, 0, 15, 20.78, 117659
1648639986, 117, 352, 378, 226, 6, 7.07%, 0, 0, 15, 22.71, 118163
1648639991, 118, 0, 378, 225, 2, 7.07%, 0, 0, 15, 38.02, 118371
1648639996, 118, 42, 378, 225, 2, 7.07%, 0, 0, 15, 49.26, 118632
1648640001, 118, 152, 378, 225, 2, 7.07%, 0, 0, 15, 28.89, 118764
1648640063, 118, 353, 378, 225, 2, 7.07%, 0, 0, 15, 29.47, 119517
1648640098, 118, 355, 379, 225, 1, 7.07%, 0, 0, 15, 24.76, 120592
1648640129, 118, 355, 380, 226, 1, 7.07%, 0, 0, 15, 28.70, 121383
1648640140, 118, 355, 381, 227, 1, 7.08%, 0, 0, 15, 24.03, 121652
1648640145, 118, 356, 381, 226, 4, 7.08%, 0, 0, 15, 32.56, 121830
1648640176, 119, 251, 381, 225, 3, 7.08%, 0, 0, 15, 24.88, 122650
1648640242, 119, 356, 381, 225, 3, 7.08%, 0, 0, 15, 26.08, 123441
1648640273, 119, 359, 381, 225, 3, 7.08%, 0, 0, 15, 24.74, 124337
1648640309, 121, 165, 381, 224, 2, 7.08%, 0, 0, 15, 7.71, 125188
1648640361, 121, 367, 381, 224, 2, 7.08%, 0, 0, 15, 16.24, 125760
1648640376, 121, 367, 382, 225, 2, 7.08%, 0, 0, 15, 21.19, 126185
1648640386, 121, 368, 382, 224, 6, 7.08%, 0, 0, 15, 21.87, 126418
1648640391, 121, 368, 383, 225, 6, 7.08%, 0, 0, 15, 21.55, 126523
1648640402, 121, 368, 384, 226, 6, 7.08%, 0, 0, 15, 24.23, 126760
1648640417, 121, 369, 385, 226, 6, 7.08%, 0, 0, 15, 28.16, 127171
1648640427, 121, 377, 385, 225, 6, 7.08%, 0, 0, 15, 29.57, 127482
1648640463, 121, 381, 385, 224, 5, 7.08%, 0, 0, 15, 28.23, 128377
1648640473, 123, 378, 385, 223, 4, 7.08%, 0, 0, 15, 33.84, 128714
1648640478, 123, 378, 386, 224, 4, 7.08%, 0, 0, 16, 20.90, 128807
1648640514, 124, 41, 386, 223, 0, 7.08%, 0, 0, 16, 9.61, 129633
1648640539, 125, 22, 386, 223, 0, 7.08%, 0, 0, 16, 27.36, 129967
1648640545, 125, 383, 387, 223, 0, 7.08%, 0, 0, 16, 34.58, 130170
1648640575, 126, 252, 387, 222, 2, 7.08%, 0, 0, 16, 31.17, 131155
1648640632, 127, 381, 388, 223, 2, 7.08%, 0, 0, 16, 0.00, 131890
1648640703, 128, 166, 388, 223, 1, 7.08%, 0, 0, 16, 12.42, 132590
1648640749, 128, 385, 388, 223, 1, 7.08%, 0, 0, 16, 17.01, 133205
1648640795, 129, 79, 388, 222, 0, 7.08%, 0, 0, 16, 27.17, 134360
1648640805, 130, 52, 388, 222, 0, 7.08%, 0, 0, 16, 41.03, 134779
1648640810, 130, 53, 388, 222, 0, 7.08%, 0, 0, 16, 43.84, 134998
1648640820, 130, 77, 388, 221, 0, 7.08%, 0, 0, 16, 41.83, 135438
1648640825, 130, 79, 388, 220, 0, 7.08%, 0, 0, 16, 40.11, 135640
1648640830, 131, 30, 388, 220, 0, 7.08%, 0, 0, 16, 36.79, 135828
1648640841, 131, 386, 388, 220, 0, 7.08%, 0, 0, 16, 19.49, 136215
1648640882, 132, 282, 388, 219, 0, 7.08%, 0, 0, 16, 17.07, 137326
1648640928, 133, 30, 388, 219, 0, 7.08%, 0, 0, 16, 17.63, 137940
1648640938, 134, 10, 388, 219, 0, 7.08%, 0, 0, 16, 43.29, 138358
1648640943, 135, 78, 388, 218, 0, 7.08%, 0, 0, 16, 43.63, 138582
1648640948, 136, 56, 388, 217, 0, 7.08%, 0, 0, 16, 37.89, 138781
1648640958, 136, 63, 388, 216, 0, 7.08%, 0, 0, 16, 31.57, 139089
1648640968, 136, 65, 388, 216, 0, 7.08%, 0, 0, 16, 30.99, 139375
1648640984, 136, 79, 388, 215, 0, 7.08%, 0, 0, 16, 34.54, 139814
1648640989, 137, 70, 388, 215, 0, 7.08%, 0, 0, 16, 37.58, 140011
1648640999, 137, 95, 388, 215, 0, 7.08%, 0, 0, 16, 27.92, 140304
1648641014, 137, 154, 388, 214, 0, 7.08%, 0, 0, 16, 21.47, 140629
1648641029, 137, 381, 388, 213, 0, 7.08%, 0, 0, 16, 9.71, 141042
1648641101, 138, 33, 388, 213, 0, 7.08%, 0, 0, 16, 9.91, 141739
1648641127, 138, 79, 388, 213, 0, 7.08%, 0, 0, 16, 32.77, 142127
1648641132, 139, 41, 388, 213, 0, 7.08%, 0, 0, 16, 6.88, 142256
1648641158, 139, 90, 388, 213, 0, 7.08%, 0, 0, 16, 20.26, 142553
1648641168, 139, 330, 388, 212, 0, 7.08%, 0, 0, 16, 38.30, 142975
1648641225, 140, 40, 388, 212, 0, 7.08%, 0, 0, 16, 33.70, 143842
1648641230, 140, 381, 388, 212, 0, 7.08%, 0, 0, 16, 6.90, 144003
1648641296, 141, 73, 388, 212, 0, 7.08%, 0, 0, 16, 6.17, 144642
1648641322, 141, 168, 388, 212, 0, 7.08%, 0, 0, 16, 10.88, 144923
1648641337, 141, 168, 389, 213, 0, 7.08%, 0, 0, 16, 25.51, 145316
1648641342, 142, 44, 389, 212, 0, 7.08%, 0, 0, 16, 35.72, 145493
1648641347, 142, 381, 389, 212, 0, 7.08%, 0, 0, 16, 6.81, 145648
1648641413, 143, 169, 389, 212, 0, 7.08%, 0, 0, 16, 10.87, 146286
1648641429, 144, 175, 389, 211, 0, 7.08%, 0, 0, 16, 28.93, 146731
1648641434, 144, 175, 390, 212, 0, 7.08%, 0, 0, 16, 23.01, 146839
1648641444, 144, 175, 392, 214, 0, 7.08%, 0, 0, 16, 22.57, 147072
1648641460, 146, 92, 393, 214, 0, 7.08%, 0, 0, 16, 27.14, 147453
1648641475, 146, 120, 393, 213, 0, 7.08%, 0, 0, 16, 24.89, 147811
1648641490, 147, 94, 393, 212, 0, 7.08%, 0, 0, 16, 32.89, 148259
1648641500, 148, 97, 393, 211, 0, 7.08%, 0, 0, 16, 35.98, 148658
1648641511, 148, 197, 394, 211, 4, 7.08%, 0, 0, 16, 26.38, 148945
1648641526, 148, 197, 395, 212, 4, 7.08%, 0, 0, 16, 23.76, 149285
1648641531, 148, 197, 396, 213, 4, 7.08%, 0, 0, 16, 27.04, 149411
1648641536, 149, 152, 397, 213, 4, 7.08%, 0, 0, 16, 25.55, 149535
1648641551, 149, 152, 398, 214, 4, 7.08%, 0, 0, 16, 34.67, 149982
1648641561, 150, 46, 398, 214, 0, 7.08%, 0, 0, 16, 10.85, 150225
1648641587, 150, 357, 398, 213, 0, 7.08%, 0, 0, 16, 28.48, 150598
1648641603, 150, 365, 399, 214, 0, 7.08%, 0, 0, 16, 34.73, 151240
1648641608, 151, 142, 399, 214, 0, 7.08%, 0, 0, 16, 32.34, 151433
1648641623, 152, 136, 399, 214, 0, 7.08%, 0, 0, 16, 21.14, 151788
1648641700, 152, 397, 399, 214, 0, 7.08%, 0, 0, 16, 23.04, 152742
1648641741, 153, 225, 399, 213, 4294967295, 7.08%, 0, 0, 16, 13.24, 153275
1648641792, 153, 282, 399, 213, 4294967295, 7.08%, 0, 0, 16, 23.78, 154464
1648641828, 153, 289, 399, 213, 4294967295, 7.08%, 0, 0, 16, 21.67, 155154
1648641859, 154, 314, 399, 213, 4294967295, 7.08%, 0, 0, 16, 26.51, 155941
1648641884, 154, 346, 399, 213, 4294967295, 7.08%, 0, 0, 16, 4.67, 156574
1648641966, 154, 397, 399, 213, 4294967295, 7.08%, 0, 0, 16, 7.52, 157258
1648642037, 154, 397, 400, 214, 4294967295, 7.08%, 0, 0, 16, 7.67, 157798
1648642047, 155, 0, 400, 214, 2, 7.08%, 0, 0, 16, 50.00, 157890
1648642058, 155, 397, 401, 215, 1, 7.08%, 0, 0, 16, 7.19, 158193
1648642139, 156, 162, 401, 215, 1, 7.08%, 0, 0, 16, 23.34, 158888
1648642144, 156, 200, 401, 214, 0, 7.08%, 0, 0, 16, 34.64, 159082
1648642154, 156, 325, 401, 213, 0, 7.08%, 0, 0, 16, 36.86, 159446
1648642165, 156, 325, 403, 215, 0, 7.08%, 0, 0, 16, 19.40, 159644
1648642170, 156, 325, 404, 216, 0, 7.08%, 0, 0, 16, 17.18, 159732
1648642175, 156, 325, 405, 217, 0, 7.08%, 0, 0, 16, 22.81, 159848
1648642185, 156, 325, 406, 218, 0, 7.08%, 0, 0, 16, 22.72, 160088
1648642190, 156, 397, 406, 217, 0, 7.08%, 0, 0, 16, 26.64, 160227
1648642262, 157, 64, 406, 217, 0, 7.08%, 0, 0, 16, 6.81, 160796
1648642287, 158, 30, 406, 217, 0, 7.08%, 0, 0, 16, 13.78, 161059
1648642298, 158, 102, 406, 217, 0, 7.08%, 0, 0, 16, 11.67, 161364
1648642349, 158, 160, 406, 217, 0, 7.08%, 0, 0, 16, 11.82, 161969
1648642466, 158, 217, 406, 217, 0, 7.08%, 0, 0, 16, 27.62, 163240
1648642472, 158, 350, 406, 216, 0, 7.08%, 0, 0, 16, 27.35, 163389
1648642502, 158, 350, 407, 217, 0, 7.08%, 0, 0, 16, 22.59, 164131
1648642508, 159, 282, 407, 216, 2, 7.08%, 0, 0, 16, 26.94, 164263
1648642528, 159, 356, 407, 216, 2, 7.08%, 0, 0, 16, 33.38, 165021
1648642559, 160, 135, 407, 216, 2, 7.08%, 0, 0, 16, 36.87, 166001
1648642579, 160, 315, 407, 216, 2, 7.08%, 0, 0, 16, 35.06, 166836
1648642589, 160, 315, 409, 218, 2, 7.08%, 0, 0, 16, 6.50, 167121
1648642594, 160, 340, 409, 218, 0, 7.08%, 0, 0, 16, 9.84, 167186
1648642625, 160, 363, 409, 217, 0, 7.08%, 0, 0, 16, 13.57, 167459
1648642635, 160, 363, 410, 218, 0, 7.08%, 0, 0, 16, 19.71, 167687
1648642645, 160, 363, 411, 219, 0, 7.08%, 0, 0, 16, 20.44, 167903
1648642655, 160, 363, 413, 221, 0, 7.08%, 0, 0, 16, 17.72, 168107
1648642661, 160, 397, 414, 221, 0, 7.08%, 0, 0, 16, 24.54, 168245
1648642702, 161, 379, 414, 221, 2, 7.08%, 0, 0, 16, 18.38, 168836
1648642722, 161, 397, 415, 221, 1, 7.08%, 0, 0, 16, 11.56, 169505
1648642753, 162, 379, 415, 221, 1, 7.08%, 0, 0, 16, 27.66, 170177
1648642763, 162, 379, 416, 222, 1, 7.08%, 0, 0, 16, 31.68, 170491
1648642789, 162, 380, 416, 222, 5, 7.08%, 0, 0, 16, 26.94, 171279
1648642835, 162, 381, 416, 221, 4, 7.08%, 0, 0, 16, 6.45, 172433
1648642901, 163, 42, 416, 221, 4, 7.08%, 0, 0, 16, 49.51, 173086
1648642906, 163, 149, 416, 221, 4, 7.08%, 0, 0, 16, 6.90, 173335
1648642968, 163, 382, 416, 221, 4, 7.08%, 0, 0, 16, 15.36, 174016
1648642998, 163, 382, 417, 222, 4, 7.08%, 0, 0, 16, 29.20, 174844
1648643003, 163, 406, 417, 221, 4, 7.08%, 0, 0, 16, 28.47, 174975
1648643013, 163, 406, 418, 222, 4, 7.08%, 0, 0, 16, 22.01, 175190
1648643019, 163, 406, 420, 224, 4, 7.08%, 0, 0, 16, 19.94, 175284
1648643034, 163, 406, 421, 225, 4, 7.08%, 0, 0, 16, 28.28, 175653
1648643039, 163, 406, 422, 226, 4, 7.08%, 0, 0, 16, 23.19, 175761
1648643059, 164, 34, 422, 225, 0, 7.08%, 0, 0, 16, 17.91, 176237
1648643090, 164, 79, 422, 225, 0, 7.08%, 0, 0, 16, 9.46, 176535
1648643121, 164, 407, 422, 225, 0, 7.08%, 0, 0, 16, 21.59, 176904
1648643141, 165, 397, 422, 224, 0, 7.08%, 0, 0, 16, 43.91, 177605
1648643193, 166, 46, 422, 224, 0, 7.08%, 0, 0, 16, 17.65, 178119
1648643198, 166, 411, 422, 224, 0, 7.08%, 0, 0, 16, 40.10, 178361
1648643203, 166, 411, 423, 225, 0, 7.08%, 0, 0, 16, 26.45, 178479
1648643213, 166, 411, 424, 226, 0, 7.08%, 0, 0, 16, 21.86, 178706
1648643234, 166, 415, 424, 225, 4, 7.08%, 0, 0, 16, 22.35, 179239
1648643275, 167, 399, 424, 224, 3, 7.08%, 0, 0, 16, 6.22, 180432
1648643352, 168, 0, 424, 223, 2, 7.08%, 0, 0, 16, 11.09, 181078
1648643388, 168, 399, 424, 223, 2, 7.08%, 0, 0, 16, 6.72, 181579
1648643464, 168, 400, 424, 223, 2, 7.08%, 0, 0, 16, 25.54, 182283
1648643511, 169, 252, 424, 222, 1, 7.08%, 0, 0, 16, 9.68, 182881
1648643577, 169, 252, 425, 223, 1, 7.08%, 0, 0, 16, 8.46, 183460
1648643582, 170, 79, 425, 223, 0, 7.08%, 0, 0, 16, 19.89, 183550
1648643592, 171, 35, 425, 223, 0, 7.08%, 0, 0, 16, 43.09, 183978
1648643597, 171, 399, 425, 222, 0, 7.08%, 0, 0, 16, 41.20, 184195
1648643659, 171, 418, 425, 222, 0, 7.08%, 0, 0, 16, 11.40, 184811
1648643664, 171, 418, 426, 223, 0, 7.08%, 0, 0, 17, 18.01, 184912
1648643669, 171, 418, 428, 225, 0, 7.08%, 0, 0, 17, 19.26, 185011
1648643680, 171, 418, 429, 226, 0, 7.08%, 0, 0, 17, 21.44, 185231
1648643705, 171, 418, 430, 227, 0, 7.08%, 0, 0, 17, 20.04, 185841
1648643716, 172, 42, 430, 226, 1, 7.08%, 0, 0, 17, 47.51, 186244
1648643721, 172, 399, 431, 227, 1, 7.08%, 0, 0, 17, 32.47, 186388
1648643762, 173, 282, 431, 227, 2, 7.08%, 0, 0, 17, 26.16, 187026
1648643777, 173, 330, 431, 227, 2, 7.08%, 0, 0, 17, 38.57, 187608
1648643787, 173, 330, 432, 228, 2, 7.08%, 0, 0, 17, 30.35, 187919
1648643803, 173, 358, 432, 228, 0, 7.08%, 0, 0, 17, 5.30, 188469
1648643890, 173, 399, 432, 227, 0, 7.08%, 0, 0, 17, 8.08, 189123
1648643966, 175, 48, 432, 227, 0, 7.08%, 0, 0, 17, 51.42, 189820
1648643971, 175, 397, 432, 227, 0, 7.08%, 0, 0, 17, 2.69, 190041
1648644012, 176, 399, 432, 227, 0, 7.08%, 0, 0, 17, 27.73, 190778
1648644022, 176, 399, 433, 228, 0, 7.08%, 0, 0, 17, 35.20, 191114
1648644032, 176, 413, 433, 228, 1, 7.08%, 0, 0, 17, 9.64, 191474
1648644089, 177, 399, 433, 227, 1, 7.08%, 0, 0, 17, 28.47, 192337
1648644094, 177, 399, 434, 228, 1, 7.08%, 0, 0, 17, 22.35, 192468
1648644134, 177, 429, 434, 228, 3, 7.08%, 0, 0, 17, 26.15, 192961
1648644140, 177, 429, 436, 230, 3, 7.08%, 0, 0, 18, 19.79, 193059
1648644145, 177, 429, 437, 231, 3, 7.08%, 0, 0, 18, 16.67, 193138
1648644166, 177, 429, 438, 232, 3, 7.08%, 0, 0, 18, 26.69, 193661
1648644181, 178, 61, 438, 231, 0, 7.08%, 0, 0, 18, 21.60, 194028
1648644196, 178, 343, 439, 232, 0, 7.08%, 0, 0, 18, 28.46, 194420
1648644212, 179, 66, 439, 231, 0, 7.08%, 0, 0, 18, 9.42, 194891
1648644237, 180, 73, 439, 231, 0, 7.08%, 0, 0, 18, 9.50, 195137
1648644268, 180, 407, 440, 232, 0, 7.08%, 0, 0, 18, 0.00, 195397
1648644382, 182, 142, 440, 232, 1, 7.08%, 0, 0, 18, 49.36, 196163
1648644387, 182, 164, 440, 232, 1, 7.08%, 0, 0, 18, 3.89, 196397
1648644428, 183, 0, 440, 232, 1, 7.08%, 0, 0, 18, 5.46, 196939
1648644443, 183, 9, 440, 232, 1, 7.08%, 0, 0, 18, 15.42, 197120
1648644453, 183, 42, 440, 232, 1, 7.08%, 0, 0, 18, 52.81, 197491
1648644458, 183, 165, 440, 232, 1, 7.08%, 0, 0, 18, 7.97, 197630
1648644515, 184, 190, 440, 232, 1, 7.08%, 0, 0, 18, 18.77, 198267
1648644525, 184, 190, 441, 233, 1, 7.08%, 0, 0, 18, 25.84, 198539
1648644536, 184, 415, 441, 232, 2, 7.08%, 0, 0, 18, 30.36, 198844
1648644551, 185, 356, 441, 232, 2, 7.08%, 0, 0, 18, 35.83, 199397
1648644582, 185, 424, 441, 232, 2, 7.08%, 0, 0, 18, 22.50, 200305
1648644659, 186, 416, 441, 231, 1, 7.08%, 0, 0, 18, 9.90, 200953
1648644699, 186, 423, 441, 230, 0, 7.08%, 0, 0, 18, 31.69, 202040
1648644704, 186, 423, 442, 231, 0, 7.08%, 0, 0, 18, 30.09, 202197
1648644715, 186, 430, 442, 230, 0, 7.08%, 0, 0, 18, 24.10, 202460
1648644797, 187, 43, 442, 229, 0, 7.08%, 0, 0, 18, 12.11, 203385
1648644808, 188, 1, 442, 229, 0, 7.08%, 0, 0, 18, 38.96, 203798
1648644813, 188, 166, 442, 229, 0, 7.08%, 0, 0, 18, 25.94, 203937
1648644859, 188, 413, 442, 229, 0, 7.08%, 0, 0, 18, 23.64, 204594
1648644941, 189, 46, 442, 229, 0, 7.08%, 0, 0, 18, 15.00, 205436
1648644946, 189, 399, 442, 229, 0, 7.08%, 0, 0, 18, 43.72, 205708
1648644987, 189, 419, 442, 229, 0, 7.08%, 0, 0, 18, 19.51, 206412
1648644992, 189, 419, 444, 231, 0, 7.08%, 0, 0, 18, 17.66, 206499
1648644998, 189, 419, 445, 232, 0, 7.08%, 0, 0, 18, 20.27, 206606
1648645023, 190, 397, 445, 231, 0, 7.08%, 0, 0, 18, 28.50, 207258
1648645028, 190, 397, 446, 232, 0, 7.09%, 0, 0, 18, 8.51, 207444
1648645054, 190, 413, 446, 232, 1, 7.09%, 0, 0, 18, 14.60, 207902
1648645167, 191, 224, 446, 232, 1, 7.09%, 0, 0, 18, 0.00, 208746
1648645208, 192, 0, 446, 232, 1, 7.09%, 0, 0, 18, 32.25, 209276
1648645213, 192, 440, 447, 233, 1, 7.09%, 0, 0, 18, 26.95, 209421
1648645223, 192, 440, 448, 234, 1, 7.09%, 0, 0, 18, 24.22, 209680
1648645249, 193, 397, 448, 233, 1, 7.09%, 0, 0, 18, 19.88, 210312
1648645326, 194, 58, 448, 233, 1, 7.09%, 0, 0, 18, 39.86, 210928
1648645331, 194, 444, 448, 233, 1, 7.09%, 0, 0, 18, 29.55, 211078
1648645341, 194, 444, 449, 234, 1, 7.09%, 0, 0, 18, 19.46, 211283
1648645382, 195, 399, 449, 233, 1, 7.09%, 0, 0, 18, 31.50, 212319
1648645439, 196, 413, 449, 233, 1, 7.09%, 0, 0, 18, 8.74, 212905
1648645551, 197, 263, 449, 233, 1, 7.09%, 0, 0, 18, 16.87, 213788
1648645566, 197, 433, 449, 232, 1, 7.09%, 0, 0, 18, 37.84, 214303
1648645628, 198, 413, 449, 231, 0, 7.09%, 0, 0, 18, 14.96, 215343
1648645669, 199, 160, 449, 231, 0, 7.09%, 0, 0, 18, 23.64, 216281
1648645782, 199, 290, 449, 231, 0, 7.09%, 0, 0, 18, 19.75, 217428
1648645808, 199, 346, 449, 231, 0, 7.09%, 0, 0, 18, 12.86, 217994
1648645885, 200, 46, 449, 231, 0, 7.09%, 0, 0, 18, 32.40, 218789
1648645890, 200, 397, 449, 231, 0, 7.09%, 0, 0, 18, 22.34, 218902
1648645971, 201, 40, 449, 231, 0, 7.09%, 0, 0, 18, 49.29, 219551
1648645976, 201, 397, 449, 231, 0, 7.09%, 0, 0, 18, 44.49, 219791
1648645982, 201, 397, 450, 232, 0, 7.09%, 0, 0, 18, 28.73, 219929
1648646084, 201, 399, 450, 232, 0, 7.09%, 0, 0, 18, 25.37, 221214
1648646100, 201, 413, 450, 232, 0, 7.09%, 0, 0, 18, 44.94, 221848
1648646141, 202, 399, 450, 232, 0, 7.09%, 0, 0, 18, 21.41, 222627
1648646156, 203, 292, 450, 232, 0, 7.09%, 0, 0, 18, 43.58, 223275
1648646161, 203, 292, 451, 233, 0, 7.09%, 0, 0, 18, 38.11, 223463
1648646166, 203, 292, 453, 235, 0, 7.09%, 0, 0, 18, 37.76, 223656
1648646187, 204, 414, 453, 234, 0, 7.09%, 0, 0, 18, 7.80, 224453
1648646213, 204, 414, 454, 235, 0, 7.09%, 0, 0, 18, 9.35, 224696
1648646244, 205, 282, 454, 234, 0, 7.09%, 0, 0, 18, 10.07, 224917
1648646290, 206, 245, 454, 234, 0, 7.09%, 0, 0, 18, 12.46, 225544
1648646357, 206, 413, 454, 234, 0, 7.09%, 0, 0, 18, 26.07, 226263
1648646408, 207, 44, 454, 234, 0, 7.09%, 0, 0, 18, 25.01, 227125
1648646413, 207, 57, 454, 234, 0, 7.09%, 0, 0, 18, 33.45, 227325
1648646428, 207, 60, 454, 233, 0, 7.09%, 0, 0, 18, 30.28, 227775
1648646438, 207, 64, 454, 232, 0, 7.09%, 0, 0, 18, 29.49, 228079
1648646449, 207, 66, 454, 232, 0, 7.09%, 0, 0, 18, 22.09, 228302
1648646459, 207, 430, 454, 232, 0, 7.09%, 0, 0, 18, 30.05, 228570
1648646500, 208, 67, 454, 232, 0, 7.09%, 0, 0, 18, 23.53, 229512
1648646510, 208, 433, 454, 231, 0, 7.09%, 0, 0, 18, 21.94, 229786
1648646628, 209, 93, 455, 232, 0, 7.11%, 0, 0, 18, 18.34, 231028
1648646643, 209, 184, 455, 232, 4, 7.11%, 0, 0, 18, 23.70, 231397
1648646658, 209, 381, 455, 231, 4, 7.11%, 0, 0, 18, 9.61, 231746
1648646724, 210, 203, 456, 232, 4, 7.11%, 0, 0, 18, 15.79, 232413
1648646729, 210, 203, 457, 233, 4, 7.11%, 0, 0, 18, 20.05, 232521
1648646734, 210, 203, 459, 235, 4, 7.11%, 0, 0, 18, 19.22, 232621
1648646765, 210, 282, 459, 235, 4, 7.11%, 0, 0, 18, 23.47, 233358
1648646786, 211, 79, 459, 235, 4, 7.11%, 0, 0, 18, 5.30, 233896
1648646817, 211, 432, 459, 235, 4, 7.11%, 0, 0, 18, 9.02, 234189
1648646920, 212, 125, 459, 234, 4, 7.11%, 0, 0, 18, 8.55, 234850
1648646997, 212, 356, 459, 234, 4, 7.11%, 0, 0, 18, 20.90, 235559
1648647028, 213, 399, 459, 234, 4, 7.11%, 0, 0, 18, 31.84, 236515
1648647100, 214, 0, 459, 234, 4, 7.11%, 0, 0, 18, 51.64, 237857
1648647136, 214, 313, 459, 234, 4, 7.11%, 0, 0, 18, 21.09, 238341
1648647146, 215, 245, 459, 234, 4, 7.11%, 0, 0, 18, 21.81, 238633
1648647212, 215, 397, 459, 234, 4, 7.11%, 0, 0, 18, 20.67, 239325
1648647253, 216, 245, 459, 234, 4, 7.11%, 0, 0, 18, 10.76, 239928
1648647320, 216, 316, 459, 234, 4, 7.11%, 0, 0, 18, 26.76, 240678
1648647330, 216, 399, 459, 234, 4, 7.11%, 0, 0, 18, 8.40, 240889
1648647407, 216, 447, 459, 234, 4, 7.11%, 0, 0, 18, 17.38, 241565
1648647412, 216, 447, 460, 235, 4, 7.11%, 0, 0, 18, 16.37, 241656
1648647422, 216, 447, 461, 236, 4, 7.11%, 0, 0, 18, 19.61, 241841
1648647427, 216, 447, 462, 237, 4, 7.11%, 0, 0, 18, 20.67, 241950
1648647443, 217, 42, 462, 236, 1, 7.11%, 0, 0, 18, 44.40, 242436
1648647448, 217, 431, 462, 236, 1, 7.11%, 0, 0, 18, 7.54, 242510
1648647509, 218, 399, 462, 235, 0, 7.11%, 0, 0, 18, 30.76, 243284
1648647520, 218, 399, 463, 236, 0, 7.11%, 0, 0, 18, 39.69, 243697
1648647525, 219, 330, 463, 236, 0, 7.11%, 0, 0, 18, 40.03, 243902
1648647581, 219, 397, 463, 236, 0, 7.11%, 0, 0, 18, 16.75, 244718
1648647617, 219, 397, 464, 237, 0, 7.11%, 0, 0, 18, 7.74, 244996
1648647658, 220, 381, 464, 237, 0, 7.11%, 0, 0, 18, 9.65, 245334
1648647724, 220, 457, 465, 238, 0, 7.11%, 0, 0, 18, 16.84, 246013
1648647729, 220, 457, 468, 241, 0, 7.11%, 0, 0, 18, 18.47, 246107
1648647734, 220, 457, 470, 243, 0, 7.11%, 0, 0, 18, 18.76, 246199
1648647765, 220, 461, 470, 242, 4, 7.11%, 0, 0, 18, 22.64, 246945
1648647775, 220, 461, 471, 243, 4, 7.11%, 0, 0, 18, 18.67, 247148
1648647790, 221, 445, 471, 242, 1, 7.11%, 0, 0, 18, 30.52, 247565
1648647842, 222, 40, 471, 241, 0, 7.11%, 0, 0, 18, 24.24, 248721
1648647847, 222, 357, 471, 241, 0, 7.11%, 0, 0, 18, 40.26, 248953
1648647867, 223, 245, 471, 241, 0, 7.11%, 0, 0, 18, 18.76, 249643
1648647934, 224, 62, 471, 241, 0, 7.11%, 0, 0, 18, 24.01, 250378
1648647939, 224, 68, 471, 241, 0, 7.11%, 0, 0, 18, 28.70, 250532
1648647949, 224, 324, 471, 240, 0, 7.11%, 0, 0, 18, 31.58, 250846
1648647960, 224, 334, 471, 240, 0, 7.11%, 0, 0, 18, 36.67, 251217
1648647985, 225, 245, 472, 240, 4, 7.11%, 0, 0, 18, 21.79, 251856
1648648011, 225, 365, 472, 240, 4, 7.11%, 0, 0, 18, 21.37, 252508
1648648021, 227, 36, 472, 240, 4, 7.11%, 0, 0, 18, 18.17, 252813
1648648047, 227, 37, 472, 240, 4, 7.11%, 0, 0, 18, 9.56, 253054
1648648077, 227, 245, 472, 240, 4, 7.11%, 0, 0, 18, 10.08, 253355
1648648144, 228, 399, 472, 240, 4, 7.11%, 0, 0, 18, 6.05, 254000
1648648221, 229, 45, 472, 240, 4, 7.11%, 0, 0, 18, 46.30, 254641
1648648236, 229, 399, 472, 240, 4, 7.11%, 0, 0, 18, 8.12, 254922
1648648313, 230, 408, 472, 240, 4, 7.11%, 0, 0, 18, 20.31, 255615
1648648364, 231, 399, 472, 239, 4, 7.11%, 0, 0, 18, 14.74, 256236
1648648442, 231, 463, 472, 239, 4, 7.11%, 0, 0, 18, 7.96, 256856
1648648457, 231, 463, 473, 240, 4, 7.11%, 0, 0, 18, 6.37, 256958
1648648503, 232, 248, 473, 239, 4, 7.11%, 0, 0, 18, 17.62, 257346
1648648519, 232, 399, 473, 239, 4, 7.11%, 0, 0, 18, 8.17, 257701
1648648595, 232, 449, 473, 239, 4, 7.11%, 0, 0, 18, 42.14, 258348
1648648702, 233, 255, 473, 238, 3, 7.11%, 0, 0, 18, 17.54, 259535
1648648713, 234, 0, 473, 238, 3, 7.11%, 0, 0, 18, 49.75, 259967
1648648718, 234, 363, 473, 238, 3, 7.11%, 0, 0, 18, 38.98, 260150
1648648733, 235, 42, 473, 238, 3, 7.11%, 0, 0, 18, 41.78, 260714
1648648738, 235, 453, 473, 238, 3, 7.11%, 0, 0, 18, 46.28, 260948
1648648805, 236, 336, 474, 238, 2, 7.11%, 0, 0, 18, 17.42, 262145
1648648831, 236, 431, 474, 238, 4, 7.11%, 0, 0, 18, 34.89, 263118
1648648846, 237, 79, 474, 238, 4, 7.11%, 0, 0, 18, 40.45, 263728
1648648851, 238, 445, 474, 238, 4, 7.11%, 0, 0, 18, 39.00, 263929
1648648867, 238, 445, 476, 240, 4, 7.12%, 0, 0, 18, 37.39, 264502
1648648882, 239, 79, 476, 240, 0, 7.12%, 0, 0, 18, 40.50, 265114
1648648892, 239, 345, 476, 240, 0, 7.12%, 0, 0, 18, 28.05, 265458
1648648897, 239, 345, 477, 241, 0, 7.12%, 0, 0, 18, 21.37, 265560
1648648908, 239, 345, 478, 242, 0, 7.12%, 0, 0, 18, 18.74, 265752
1648648938, 239, 345, 480, 244, 0, 7.12%, 0, 0, 18, 21.95, 266469
1648648949, 239, 462, 481, 244, 0, 7.12%, 0, 0, 18, 34.06, 266781
1648649056, 239, 480, 481, 243, 0, 7.12%, 0, 0, 18, 35.07, 267975
1648649112, 240, 451, 481, 242, 4294967295, 7.12%, 0, 0, 18, 31.63, 269103
1648649117, 240, 451, 482, 243, 4294967295, 7.12%, 0, 0, 18, 38.02, 269307
1648649143, 240, 453, 482, 242, 5, 7.12%, 0, 0, 18, 37.33, 270329
1648649148, 240, 453, 483, 243, 5, 7.12%, 0, 0, 18, 35.81, 270511
1648649169, 241, 413, 483, 243, 0, 7.12%, 0, 0, 18, 40.88, 271333
1648649230, 242, 330, 483, 243, 0, 7.12%, 0, 0, 18, 25.85, 272319
1648649302, 242, 433, 483, 243, 0, 7.12%, 0, 0, 18, 27.50, 273216
1648649348, 243, 348, 483, 243, 0, 7.12%, 0, 0, 18, 22.96, 274323
1648649369, 243, 348, 484, 244, 0, 7.12%, 0, 0, 18, 22.68, 274770
1648649384, 244, 43, 484, 243, 0, 7.12%, 0, 0, 18, 29.13, 275156
1648649394, 244, 424, 484, 243, 0, 7.12%, 0, 0, 18, 27.42, 275495
1648649446, 245, 3, 484, 243, 0, 7.12%, 0, 0, 18, 36.92, 276240
1648649451, 245, 10, 484, 243, 0, 7.12%, 0, 0, 18, 43.39, 276472
1648649456, 245, 393, 485, 244, 0, 7.12%, 0, 0, 18, 9.86, 276570
1648649522, 245, 413, 485, 243, 1, 7.12%, 0, 0, 18, 9.14, 277232
1648649635, 246, 356, 485, 243, 1, 7.12%, 0, 0, 18, 14.87, 278111
