# unix_time, cycles_done, cur_path, paths_total, pending_total, pending_favs, map_size, unique_crashes, unique_hangs, max_depth, execs_per_sec, total_execs
1648633587, 0, 0, 2, 2, 1, 5.06%, 0, 0, 2, 4.72, 41
1648633592, 0, 0, 12, 12, 1, 5.09%, 0, 0, 2, 4.39, 175
1648633597, 0, 0, 19, 19, 1, 5.13%, 0, 0, 2, 35.18, 264
1648633602, 0, 0, 32, 32, 1, 5.15%, 0, 0, 2, 38.14, 464
1648633607, 0, 0, 35, 35, 1, 5.17%, 0, 0, 2, 4.09, 510
1648633618, 0, 0, 40, 40, 1, 5.31%, 0, 0, 2, 31.35, 633
1648633623, 1, 22, 48, 47, 0, 5.33%, 0, 0, 3, 9.35, 754
1648633628, 1, 22, 50, 49, 0, 5.33%, 0, 0, 3, 33.87, 898
1648633633, 1, 42, 55, 53, 0, 5.36%, 0, 0, 3, 36.74, 1081
1648633638, 1, 42, 64, 62, 0, 5.37%, 0, 0, 3, 4.44, 1261
1648633643, 1, 51, 66, 63, 0, 5.37%, 0, 0, 4, 0.00, 1415
1648633648, 1, 51, 67, 64, 0, 5.37%, 0, 0, 4, 9.62, 1471
1648633700, 2, 34, 69, 65, 0, 5.37%, 0, 0, 4, 14.48, 2052
1648633706, 2, 34, 70, 66, 0, 5.37%, 0, 0, 4, 5.14, 2162
1648633711, 2, 34, 71, 67, 0, 5.37%, 0, 0, 4, 5.43, 2190
1648633726, 2, 34, 72, 68, 0, 5.37%, 0, 0, 4, 6.42, 2296
1648633731, 3, 44, 73, 68, 0, 5.37%, 0, 0, 4, 22.00, 2358
1648633741, 4, 21, 77, 71, 8, 5.37%, 0, 0, 4, 35.09, 2709
1648633746, 5, 20, 78, 71, 0, 5.37%, 0, 0, 4, 45.42, 2949
1648633751, 5, 34, 79, 71, 0, 5.43%, 0, 0, 4, 7.52, 3065
1648633761, 5, 52, 80, 72, 0, 5.43%, 0, 0, 4, 6.92, 3305
1648633803, 5, 71, 80, 71, 1, 5.43%, 0, 0, 4, 8.98, 3744
1648633850, 5, 71, 81, 72, 1, 5.44%, 0, 0, 4, 5.12, 3918
1648633876, 6, 61, 83, 73, 0, 5.44%, 0, 0, 4, 7.29, 4040
1648633917, 7, 32, 87, 76, 7, 5.44%, 0, 0, 4, 35.34, 4626
1648633922, 8, 44, 87, 75, 0, 5.44%, 0, 0, 4, 34.32, 4815
1648633932, 8, 52, 88, 76, 0, 5.44%, 0, 0, 4, 50.85, 5181
1648633937, 8, 63, 89, 77, 0, 5.44%, 0, 0, 4, 5.85, 5360
1648633943, 8, 63, 90, 78, 0, 5.44%, 0, 0, 4, 5.55, 5388
1648633995, 9, 11, 90, 77, 0, 5.44%, 0, 0, 4, 39.12, 5700
1648634000, 9, 44, 90, 76, 0, 5.44%, 0, 0, 4, 40.34, 5907
1648634010, 9, 66, 93, 79, 0, 5.45%, 0, 0, 5, 33.32, 6255
1648634015, 10, 45, 94, 79, 0, 5.45%, 0, 0, 5, 36.10, 6434
1648634025, 10, 51, 94, 79, 0, 5.45%, 0, 0, 5, 45.88, 6838
1648634030, 10, 66, 94, 79, 0, 5.45%, 0, 0, 5, 10.60, 6962
1648634056, 10, 67, 94, 79, 0, 5.45%, 0, 0, 5, 21.60, 7290
1648634066, 10, 67, 95, 79, 0, 5.45%, 0, 0, 5, 5.03, 7673
1648634123, 11, 61, 95, 79, 0, 5.45%, 0, 0, 5, 10.97, 8124
1648634153, 11, 74, 97, 81, 0, 5.45%, 0, 0, 5, 27.46, 8548
1648634158, 12, 1, 98, 81, 0, 5.45%, 0, 0, 5, 46.92, 8771
1648634164, 12, 47, 98, 80, 3, 5.45%, 0, 0, 5, 43.85, 8997
1648634174, 12, 55, 98, 79, 2, 5.45%, 0, 0, 5, 30.42, 9296
1648634189, 12, 62, 98, 78, 1, 5.45%, 0, 0, 5, 10.46, 9600
1648634241, 12, 68, 98, 77, 0, 5.45%, 0, 0, 5, 14.88, 10183
1648634246, 12, 68, 99, 78, 0, 5.46%, 0, 0, 5, 23.72, 10325
1648634287, 13, 44, 99, 77, 0, 5.46%, 0, 0, 5, 28.01, 10761
1648634293, 13, 76, 100, 78, 0, 5.46%, 0, 0, 5, 29.39, 10920
1648634303, 14, 59, 100, 77, 4, 5.46%, 0, 0, 5, 40.29, 11308
1648634313, 14, 60, 100, 76, 4, 5.46%, 0, 0, 5, 43.96, 11754
1648634318, 14, 80, 101, 76, 3, 5.46%, 0, 0, 5, 48.55, 12019
1648634334, 14, 80, 102, 77, 3, 5.46%, 0, 0, 5, 9.54, 12235
1648634344, 14, 80, 103, 78, 3, 5.46%, 0, 0, 5, 8.19, 12317
1648634385, 15, 79, 106, 80, 7, 5.48%, 0, 0, 5, 13.76, 12690
1648634390, 15, 79, 107, 81, 7, 5.51%, 0, 0, 5, 21.34, 12795
1648634396, 15, 79, 108, 82, 7, 5.51%, 0, 0, 5, 16.82, 12881
1648634401, 15, 79, 110, 84, 7, 5.51%, 0, 0, 5, 19.21, 12976
1648634406, 15, 79, 112, 86, 7, 6.18%, 0, 0, 5, 13.95, 13039
1648634411, 15, 79, 114, 88, 7, 6.19%, 0, 0, 5, 16.99, 13133
1648634416, 15, 79, 116, 90, 7, 6.19%, 0, 0, 5, 22.21, 13257
1648634421, 15, 79, 117, 91, 7, 6.19%, 0, 0, 5, 23.06, 13360
1648634426, 15, 79, 120, 94, 7, 6.19%, 0, 0, 5, 19.40, 13450
1648634431, 16, 62, 120, 93, 3, 6.19%, 0, 0, 5, 19.01, 13551
1648634457, 16, 100, 122, 95, 3, 6.26%, 0, 0, 6, 24.56, 13881
1648634462, 16, 100, 125, 98, 3, 6.26%, 0, 0, 6, 35.96, 14073
1648634467, 16, 100, 126, 99, 3, 6.27%, 0, 0, 6, 5.96, 14185
1648634477, 16, 100, 127, 100, 3, 6.27%, 0, 0, 6, 7.76, 14259
1648634482, 16, 100, 129, 102, 3, 6.27%, 0, 0, 6, 8.74, 14304
1648634564, 17, 80, 130, 102, 14, 6.27%, 0, 0, 6, 12.01, 15087
1648634569, 17, 80, 133, 105, 14, 6.27%, 0, 0, 6, 28.13, 15246
1648634574, 18, 71, 133, 105, 0, 6.27%, 0, 0, 6, 4.65, 15462
1648634579, 18, 102, 134, 106, 0, 6.27%, 0, 0, 6, 5.85, 15538
1648634657, 18, 128, 135, 106, 1, 6.27%, 0, 0, 7, 9.45, 16187
1648634724, 19, 48, 135, 105, 2, 6.27%, 0, 0, 7, 18.21, 16914
1648634734, 19, 64, 135, 104, 1, 6.27%, 0, 0, 7, 33.05, 17207
1648634754, 19, 88, 135, 103, 0, 6.27%, 0, 0, 7, 8.88, 17439
1648634806, 20, 83, 135, 102, 0, 6.27%, 0, 0, 7, 40.35, 17880
1648634811, 20, 83, 140, 107, 0, 6.27%, 0, 0, 7, 41.66, 18095
1648634816, 20, 93, 140, 106, 15, 6.27%, 0, 0, 7, 41.62, 18305
1648634826, 20, 93, 141, 107, 15, 6.27%, 0, 0, 7, 43.22, 18739
1648634832, 20, 93, 142, 108, 15, 6.27%, 0, 0, 7, 42.81, 18951
1648634837, 21, 61, 142, 107, 0, 6.27%, 0, 0, 7, 10.85, 19040
1648634863, 21, 68, 142, 107, 0, 6.27%, 0, 0, 7, 13.34, 19333
1648634914, 22, 124, 142, 107, 0, 6.27%, 0, 0, 7, 46.02, 19909
1648634975, 23, 95, 142, 106, 0, 6.27%, 0, 0, 7, 12.90, 20632
1648634980, 23, 95, 143, 107, 0, 6.27%, 0, 0, 7, 26.71, 20781
1648634986, 23, 121, 144, 107, 0, 6.27%, 0, 0, 7, 0.00, 20916
1648635119, 24, 120, 144, 106, 4, 6.27%, 0, 0, 7, 22.30, 22168
1648635227, 26, 0, 144, 104, 2, 6.27%, 0, 0, 7, 15.48, 23288
1648635232, 26, 0, 146, 106, 2, 6.27%, 0, 0, 7, 7.80, 23398
1648635247, 26, 62, 146, 106, 1, 6.27%, 0, 0, 7, 25.05, 23614
1648635268, 26, 104, 146, 106, 1, 6.27%, 0, 0, 7, 22.36, 23895
1648635278, 26, 106, 147, 106, 12, 6.27%, 0, 0, 7, 37.27, 24242
1648635289, 26, 106, 148, 107, 12, 6.27%, 0, 0, 7, 26.27, 24560
1648635299, 26, 109, 148, 106, 12, 6.27%, 0, 0, 7, 30.33, 24887
1648635304, 26, 109, 150, 108, 12, 6.27%, 0, 0, 7, 27.59, 25028
1648635309, 27, 55, 153, 110, 1, 6.27%, 0, 0, 7, 3.73, 25196
1648635314, 27, 55, 155, 112, 1, 6.44%, 0, 0, 7, 37.84, 25249
1648635324, 27, 110, 155, 112, 11, 6.44%, 0, 0, 7, 36.91, 25520
1648635335, 28, 0, 155, 111, 10, 6.44%, 0, 0, 7, 40.54, 25846
1648635340, 28, 0, 157, 113, 10, 6.45%, 0, 0, 7, 41.37, 26031
1648635345, 28, 111, 158, 114, 10, 6.45%, 0, 0, 7, 24.12, 26113
1648635350, 28, 111, 160, 116, 10, 6.45%, 0, 0, 7, 26.55, 26256
1648635360, 28, 112, 160, 115, 9, 6.45%, 0, 0, 7, 34.94, 26606
1648635371, 28, 112, 162, 117, 9, 6.45%, 0, 0, 7, 28.25, 26938
1648635376, 28, 123, 163, 117, 0, 6.45%, 0, 0, 7, 6.77, 27030
1648635484, 28, 123, 164, 118, 0, 6.45%, 0, 0, 7, 8.94, 27992
1648635510, 28, 154, 165, 118, 0, 6.45%, 0, 0, 7, 4.65, 28190
1648635602, 29, 62, 165, 117, 1, 6.45%, 0, 0, 7, 43.06, 28645
1648635607, 29, 62, 166, 118, 1, 6.45%, 0, 0, 7, 26.19, 28742
1648635612, 29, 62, 167, 119, 1, 6.47%, 0, 0, 7, 21.74, 28849
1648635617, 29, 115, 167, 119, 8, 6.47%, 0, 0, 7, 25.28, 28970
1648635627, 29, 115, 169, 121, 8, 6.56%, 0, 0, 7, 25.75, 29262
1648635632, 29, 115, 172, 124, 8, 6.56%, 0, 0, 7, 19.47, 29357
1648635638, 30, 98, 172, 123, 1, 6.56%, 0, 0, 7, 24.04, 29491
1648635719, 30, 98, 173, 124, 1, 6.56%, 0, 0, 7, 7.57, 30118
1648635755, 32, 116, 174, 124, 0, 6.56%, 0, 0, 7, 19.73, 30443
1648635760, 32, 116, 176, 126, 0, 6.56%, 0, 0, 7, 27.66, 30584
1648635766, 32, 125, 176, 125, 1, 6.56%, 0, 0, 7, 33.39, 30766
1648635786, 32, 154, 176, 124, 0, 6.56%, 0, 0, 7, 4.65, 31196
1648635878, 33, 119, 177, 125, 0, 6.56%, 0, 0, 7, 31.78, 31651
1648635883, 33, 119, 179, 127, 0, 6.56%, 0, 0, 7, 30.52, 31803
1648635888, 33, 119, 180, 128, 0, 6.56%, 0, 0, 7, 33.78, 31982
1648635893, 34, 83, 181, 128, 0, 6.56%, 0, 0, 7, 42.92, 32198
1648635898, 34, 126, 182, 129, 0, 6.56%, 0, 0, 7, 35.00, 32369
1648635929, 36, 120, 183, 129, 1, 6.56%, 0, 0, 7, 18.75, 32835
1648635950, 37, 146, 184, 130, 0, 6.56%, 0, 0, 7, 40.10, 33403
1648635960, 37, 148, 184, 129, 9, 6.56%, 0, 0, 7, 42.30, 33857
1648635970, 37, 161, 184, 128, 8, 6.56%, 0, 0, 7, 35.45, 34236
1648635985, 37, 161, 185, 129, 8, 6.56%, 0, 0, 7, 21.52, 34714
1648635996, 37, 164, 186, 129, 8, 6.56%, 0, 0, 7, 4.11, 35047
1648636001, 37, 164, 188, 131, 8, 6.57%, 0, 0, 7, 8.58, 35097
1648636006, 37, 164, 191, 134, 8, 6.58%, 0, 0, 7, 11.97, 35165
1648636016, 37, 164, 193, 136, 8, 6.58%, 0, 0, 7, 12.73, 35306
1648636021, 37, 164, 194, 137, 8, 6.58%, 0, 0, 7, 20.79, 35406
1648636032, 37, 191, 195, 137, 0, 6.58%, 0, 0, 7, 23.38, 35634
1648636088, 38, 191, 195, 136, 0, 6.58%, 0, 0, 7, 8.47, 36049
1648636149, 38, 191, 196, 137, 0, 6.58%, 0, 0, 7, 7.83, 36519
1648636160, 38, 191, 197, 138, 0, 6.58%, 0, 0, 7, 5.84, 36577
1648636217, 39, 127, 197, 138, 1, 6.58%, 0, 0, 7, 7.47, 36926
1648636268, 39, 144, 198, 138, 0, 6.58%, 0, 0, 7, 7.63, 37353
1648636365, 40, 66, 198, 137, 0, 6.58%, 0, 0, 7, 10.91, 38274
1648636391, 40, 176, 198, 137, 0, 6.58%, 0, 0, 7, 20.50, 38598
1648636397, 40, 176, 199, 138, 0, 6.58%, 0, 0, 7, 26.44, 38738
1648636402, 40, 176, 200, 139, 0, 6.58%, 0, 0, 7, 25.40, 38864
1648636407, 40, 176, 202, 141, 0, 6.58%, 0, 0, 7, 28.23, 39001
1648636412, 40, 176, 203, 142, 0, 6.58%, 0, 0, 7, 20.54, 39090
1648636417, 41, 193, 203, 141, 0, 6.58%, 0, 0, 7, 27.47, 39237
1648636422, 41, 193, 204, 142, 0, 6.58%, 0, 0, 7, 33.63, 39391
1648636428, 42, 53, 204, 141, 0, 6.58%, 0, 0, 7, 31.05, 39532
1648636459, 43, 16, 205, 141, 0, 6.58%, 0, 0, 7, 21.41, 39916
1648636464, 43, 125, 205, 140, 1, 6.58%, 0, 0, 7, 20.67, 40031
1648636469, 43, 125, 206, 141, 1, 6.58%, 0, 0, 7, 11.24, 40063
1648636537, 44, 123, 206, 141, 0, 6.58%, 0, 0, 7, 47.25, 40634
1648636639, 44, 191, 206, 141, 0, 6.58%, 0, 0, 7, 8.94, 41620
1648636705, 45, 54, 206, 141, 0, 6.58%, 0, 0, 7, 37.61, 42126
1648636762, 45, 191, 206, 140, 0, 6.58%, 0, 0, 7, 12.74, 42730
1648636808, 46, 26, 206, 140, 0, 6.58%, 0, 0, 7, 25.73, 43242
1648636813, 48, 31, 206, 139, 0, 6.58%, 0, 0, 7, 36.57, 43442
1648636818, 49, 50, 206, 138, 0, 6.58%, 0, 0, 7, 26.89, 43580
1648636854, 49, 155, 206, 137, 0, 6.58%, 0, 0, 7, 9.54, 43956
1648636946, 49, 191, 206, 136, 4294967295, 6.58%, 0, 0, 7, 12.01, 44847
1648636966, 49, 191, 207, 137, 4294967295, 6.58%, 0, 0, 7, 5.29, 44978
1648637017, 50, 48, 207, 137, 11, 6.58%, 0, 0, 7, 32.00, 45317
1648637022, 50, 48, 208, 138, 11, 6.58%, 0, 0, 7, 21.72, 45417
1648637028, 50, 92, 208, 138, 11, 6.58%, 0, 0, 7, 26.28, 45554
1648637038, 51, 153, 209, 138, 0, 6.58%, 0, 0, 7, 29.29, 45835
1648637053, 51, 191, 209, 137, 0, 6.58%, 0, 0, 7, 5.21, 46198
1648637126, 52, 102, 209, 137, 0, 6.58%, 0, 0, 7, 20.75, 46692
1648637136, 52, 102, 211, 139, 0, 6.59%, 0, 0, 7, 30.75, 46993
1648637141, 53, 154, 211, 139, 0, 6.59%, 0, 0, 7, 6.01, 47121
1648637156, 54, 105, 212, 140, 0, 6.59%, 0, 0, 7, 31.70, 47580
1648637172, 54, 124, 212, 139, 0, 6.59%, 0, 0, 7, 17.27, 47985
1648637208, 54, 124, 213, 140, 0, 6.59%, 0, 0, 7, 8.59, 48298
1648637270, 55, 106, 213, 140, 12, 6.59%, 0, 0, 7, 27.98, 48943
1648637275, 55, 106, 214, 141, 12, 6.59%, 0, 0, 7, 37.00, 49139
1648637280, 55, 194, 214, 141, 0, 6.59%, 0, 0, 7, 38.09, 49332
1648637402, 56, 128, 214, 140, 0, 6.59%, 0, 0, 7, 8.73, 50531
1648637453, 56, 191, 214, 140, 0, 6.59%, 0, 0, 7, 9.31, 51031
1648637556, 57, 191, 214, 140, 0, 6.59%, 0, 0, 7, 9.02, 51908
1648637623, 58, 122, 214, 140, 0, 6.59%, 0, 0, 7, 28.11, 52317
1648637735, 58, 209, 215, 140, 0, 6.59%, 0, 0, 7, 0.00, 53376
1648637802, 59, 167, 215, 139, 11, 6.59%, 0, 0, 7, 15.16, 54054
1648637833, 60, 163, 216, 139, 1, 6.59%, 0, 0, 7, 9.00, 54890
1648637904, 60, 170, 216, 138, 0, 6.59%, 0, 0, 7, 21.35, 55586
1648637915, 60, 170, 217, 139, 0, 6.59%, 0, 0, 7, 23.50, 55856
1648637920, 60, 170, 219, 141, 0, 6.65%, 0, 0, 7, 22.26, 55969
1648637930, 60, 171, 219, 140, 13, 6.65%, 0, 0, 7, 28.96, 56251
1648637951, 60, 199, 219, 139, 12, 6.65%, 0, 0, 7, 28.89, 56871
1648637971, 60, 200, 219, 138, 11, 6.65%, 0, 0, 7, 29.11, 57388
1648637996, 61, 127, 219, 137, 10, 6.65%, 0, 0, 7, 4.76, 58067
1648638069, 61, 212, 219, 137, 10, 6.65%, 0, 0, 7, 9.51, 58533
1648638147, 62, 194, 219, 136, 9, 6.65%, 0, 0, 7, 8.86, 59166
1648638264, 63, 191, 219, 136, 9, 6.65%, 0, 0, 7, 9.26, 60404
1648638274, 63, 191, 220, 137, 9, 6.65%, 0, 0, 7, 42.31, 60781
1648638279, 64, 166, 220, 137, 1, 6.65%, 0, 0, 7, 30.53, 60933
1648638285, 64, 166, 222, 139, 1, 6.65%, 0, 0, 7, 26.14, 61059
1648638300, 64, 169, 223, 139, 2, 6.65%, 0, 0, 7, 24.83, 61469
1648638305, 64, 169, 224, 140, 2, 6.65%, 0, 0, 7, 19.37, 61554
1648638326, 64, 169, 225, 141, 2, 6.65%, 0, 0, 7, 22.33, 61973
1648638331, 64, 169, 226, 142, 2, 6.66%, 0, 0, 7, 20.88, 62078
1648638336, 64, 194, 226, 141, 0, 6.66%, 0, 0, 7, 26.72, 62214
1648638443, 64, 209, 226, 141, 0, 6.66%, 0, 0, 7, 23.26, 63400
1648638454, 64, 209, 227, 142, 0, 6.66%, 0, 0, 7, 4.17, 63720
1648638464, 65, 172, 227, 142, 2, 6.66%, 0, 0, 7, 21.90, 63971
1648638515, 65, 205, 227, 141, 1, 6.66%, 0, 0, 7, 7.99, 64375
1648638536, 65, 205, 228, 142, 1, 6.66%, 0, 0, 8, 6.07, 64499
1648638587, 66, 195, 228, 141, 0, 6.66%, 0, 0, 8, 7.16, 64876
1648638705, 66, 215, 228, 140, 0, 6.66%, 0, 0, 8, 30.40, 66097
1648638720, 67, 68, 228, 139, 0, 6.66%, 0, 0, 8, 6.30, 66661
1648638746, 67, 195, 228, 139, 0, 6.66%, 0, 0, 8, 27.92, 66876
1648638900, 68, 2, 228, 139, 0, 6.66%, 0, 0, 8, 25.72, 68096
1648638905, 68, 195, 228, 138, 0, 6.66%, 0, 0, 8, 38.42, 68289
1648639079, 69, 6, 228, 138, 0, 6.66%, 0, 0, 8, 41.16, 69461
1648639090, 69, 69, 228, 137, 0, 6.66%, 0, 0, 8, 4.96, 69704
1648639151, 70, 9, 228, 136, 0, 6.66%, 0, 0, 8, 32.20, 70036
1648639156, 70, 19, 228, 135, 0, 6.66%, 0, 0, 8, 38.12, 70243
1648639161, 70, 179, 228, 134, 0, 6.66%, 0, 0, 8, 29.24, 70390
1648639166, 70, 179, 229, 135, 0, 6.66%, 0, 0, 8, 24.43, 70506
1648639171, 70, 179, 230, 136, 0, 6.66%, 0, 0, 8, 24.01, 70626
1648639176, 70, 179, 231, 137, 0, 6.66%, 0, 0, 8, 23.88, 70746
1648639186, 71, 145, 233, 138, 0, 6.67%, 0, 0, 8, 34.44, 71033
1648639258, 72, 55, 233, 137, 0, 6.67%, 0, 0, 8, 4.72, 71814
1648639314, 73, 27, 233, 137, 0, 6.67%, 0, 0, 8, 43.56, 72156
1648639319, 73, 70, 233, 136, 0, 6.67%, 0, 0, 8, 4.85, 72351
1648639345, 73, 195, 233, 135, 0, 6.67%, 0, 0, 8, 5.70, 72625
1648639519, 74, 28, 233, 135, 0, 6.67%, 0, 0, 8, 21.30, 73902
1648639524, 74, 49, 233, 134, 0, 6.67%, 0, 0, 8, 26.77, 74041
1648639534, 74, 195, 233, 133, 0, 6.67%, 0, 0, 8, 38.16, 74398
1648639700, 74, 196, 233, 133, 0, 6.67%, 0, 0, 8, 5.92, 75500
1648639792, 74, 196, 233, 132, 4294967295, 6.67%, 0, 0, 8, 7.18, 75965
1648639849, 75, 206, 233, 132, 4294967295, 6.67%, 0, 0, 8, 4.84, 76406
1648639905, 76, 196, 233, 131, 4294967294, 6.67%, 0, 0, 8, 6.02, 76807
1648639992, 77, 72, 233, 131, 4294967294, 6.67%, 0, 0, 8, 27.55, 77227
1648640002, 78, 60, 233, 130, 4294967293, 6.67%, 0, 0, 8, 31.52, 77546
1648640012, 78, 86, 233, 130, 4294967293, 6.67%, 0, 0, 8, 36.02, 77891
1648640022, 78, 124, 233, 129, 4294967293, 6.67%, 0, 0, 8, 37.72, 78293
1648640084, 78, 202, 233, 129, 4294967293, 6.67%, 0, 0, 8, 27.45, 79218
1648640099, 79, 194, 235, 130, 1, 6.67%, 0, 0, 8, 34.02, 79733
1648640140, 79, 194, 236, 131, 1, 6.67%, 0, 0, 8, 8.63, 80198
1648640222, 80, 155, 237, 132, 0, 6.67%, 0, 0, 8, 39.52, 80944
1648640242, 80, 195, 237, 132, 0, 6.67%, 0, 0, 8, 40.76, 81790
1648640350, 80, 219, 238, 133, 0, 6.67%, 0, 0, 8, 8.28, 82957
1648640492, 81, 204, 238, 132, 8, 6.67%, 0, 0, 8, 21.71, 84196
1648640502, 82, 112, 239, 132, 6, 6.67%, 0, 0, 8, 33.78, 84551
1648640523, 82, 206, 239, 132, 6, 6.67%, 0, 0, 8, 33.71, 85143
1648640533, 83, 191, 239, 132, 6, 6.67%, 0, 0, 8, 6.85, 85370
1648640569, 83, 196, 239, 132, 6, 6.67%, 0, 0, 8, 9.06, 85641
1648640610, 83, 207, 239, 132, 6, 6.67%, 0, 0, 8, 13.24, 86068
1648640615, 83, 207, 242, 135, 6, 6.67%, 0, 0, 8, 21.32, 86190
1648640620, 83, 207, 243, 136, 6, 6.67%, 0, 0, 8, 28.92, 86333
1648640626, 83, 207, 244, 137, 6, 6.67%, 0, 0, 8, 25.83, 86458
1648640631, 83, 210, 244, 136, 8, 6.67%, 0, 0, 8, 31.04, 86617
1648640661, 84, 196, 244, 135, 7, 6.67%, 0, 0, 8, 34.07, 87572
1648640718, 85, 124, 244, 135, 7, 6.67%, 0, 0, 8, 6.72, 87937
1648640862, 85, 195, 244, 135, 7, 6.67%, 0, 0, 8, 56.07, 89199
1648640984, 86, 200, 244, 135, 7, 6.67%, 0, 0, 8, 8.09, 90258
1648641021, 86, 200, 245, 136, 7, 6.67%, 0, 0, 8, 20.69, 91079
1648641026, 87, 199, 245, 136, 1, 6.67%, 0, 0, 8, 6.55, 91126
1648641098, 87, 206, 245, 136, 1, 6.67%, 0, 0, 8, 7.88, 91758
1648641212, 87, 213, 245, 136, 1, 6.67%, 0, 0, 8, 14.73, 92631
1648641232, 87, 232, 246, 136, 1, 6.67%, 0, 0, 8, 30.20, 93255
1648641330, 88, 242, 247, 136, 0, 6.67%, 0, 0, 8, 25.25, 94533
1648641336, 88, 242, 248, 137, 0, 6.67%, 0, 0, 8, 27.47, 94680
1648641356, 88, 242, 249, 138, 0, 6.68%, 0, 0, 8, 25.03, 95204
1648641361, 88, 242, 250, 139, 0, 6.68%, 0, 0, 8, 21.31, 95310
1648641366, 89, 194, 250, 138, 0, 6.68%, 0, 0, 8, 7.18, 95465
1648641504, 89, 231, 250, 138, 0, 6.68%, 0, 0, 8, 9.44, 96500
1648641509, 89, 231, 253, 141, 0, 6.69%, 0, 0, 8, 16.47, 96602
1648641519, 89, 231, 254, 142, 0, 6.69%, 0, 0, 8, 20.13, 96820
1648641530, 89, 231, 255, 143, 0, 6.69%, 0, 0, 8, 23.37, 97077
1648641540, 89, 231, 258, 146, 0, 6.69%, 0, 0, 8, 16.79, 97283
1648641545, 89, 231, 259, 147, 0, 6.69%, 0, 0, 8, 13.66, 97345
1648641550, 90, 219, 259, 146, 0, 6.69%, 0, 0, 8, 25.87, 97495
1648641693, 91, 250, 259, 146, 0, 6.69%, 0, 0, 8, 11.78, 98688
1648641698, 91, 250, 261, 148, 0, 6.69%, 0, 0, 9, 19.19, 98790
1648641703, 91, 250, 263, 150, 0, 6.69%, 0, 0, 9, 18.43, 98885
1648641708, 91, 250, 265, 152, 0, 6.69%, 0, 0, 9, 19.76, 98985
1648641713, 91, 250, 266, 153, 0, 6.69%, 0, 0, 9, 23.60, 99111
1648641719, 91, 250, 267, 154, 0, 6.69%, 0, 0, 9, 21.90, 99227
1648641724, 91, 250, 268, 155, 0, 6.69%, 0, 0, 9, 21.62, 99326
1648641729, 91, 250, 270, 157, 0, 6.69%, 0, 0, 9, 17.88, 99415
1648641739, 92, 78, 270, 156, 0, 6.69%, 0, 0, 9, 3.88, 99633
1648641815, 93, 44, 270, 155, 0, 6.69%, 0, 0, 9, 24.58, 99999
1648641826, 93, 181, 270, 155, 0, 6.69%, 0, 0, 9, 25.00, 100284
1648641841, 93, 181, 271, 156, 0, 6.69%, 0, 0, 9, 9.88, 100538
1648641918, 93, 244, 271, 155, 8, 6.69%, 0, 0, 9, 24.59, 101217
1648641933, 93, 244, 272, 156, 8, 6.70%, 0, 0, 9, 30.73, 101706
1648641938, 93, 244, 273, 157, 8, 6.70%, 0, 0, 9, 30.96, 101766
1648641959, 93, 245, 274, 157, 10, 6.70%, 0, 0, 9, 33.15, 102355
1648641969, 93, 245, 276, 159, 10, 6.70%, 0, 0, 9, 41.09, 102764
1648641974, 94, 51, 276, 158, 0, 6.70%, 0, 0, 9, 38.73, 102935
1648641984, 94, 206, 276, 158, 0, 6.70%, 0, 0, 9, 6.24, 103251
1648642057, 95, 70, 276, 158, 0, 6.70%, 0, 0, 9, 6.45, 103672
1648642092, 95, 219, 276, 158, 0, 6.70%, 0, 0, 9, 6.02, 103934
1648642234, 96, 68, 276, 158, 0, 6.70%, 0, 0, 9, 49.78, 105209
1648642255, 96, 274, 276, 158, 0, 6.70%, 0, 0, 9, 17.67, 105443
1648642275, 96, 274, 278, 160, 0, 6.70%, 0, 0, 9, 27.04, 106023
1648642281, 97, 199, 278, 159, 1, 6.70%, 0, 0, 9, 6.80, 106092
1648642358, 97, 221, 278, 159, 1, 6.70%, 0, 0, 9, 22.76, 106838
1648642373, 97, 228, 280, 160, 0, 6.70%, 0, 0, 9, 22.27, 107227
1648642378, 97, 228, 282, 162, 0, 6.70%, 0, 0, 9, 21.43, 107331
1648642383, 97, 228, 283, 163, 0, 6.70%, 0, 0, 9, 22.11, 107451
1648642394, 97, 228, 285, 165, 0, 6.71%, 0, 0, 9, 22.66, 107707
1648642399, 98, 196, 285, 164, 0, 6.71%, 0, 0, 9, 46.61, 107850
1648642429, 99, 191, 285, 164, 0, 6.71%, 0, 0, 9, 7.50, 108240
1648642476, 100, 110, 285, 164, 0, 6.71%, 0, 0, 9, 9.49, 108526
1648642548, 101, 1, 285, 164, 0, 6.71%, 0, 0, 9, 13.83, 109329
1648642559, 101, 12, 285, 164, 0, 6.71%, 0, 0, 9, 36.32, 109694
1648642564, 101, 206, 285, 163, 0, 6.71%, 0, 0, 9, 8.07, 109854
1648642574, 101, 206, 286, 164, 0, 6.71%, 0, 0, 9, 8.02, 109956
1648642615, 102, 123, 286, 164, 0, 6.71%, 0, 0, 9, 49.18, 110478
1648642712, 102, 128, 286, 164, 0, 6.71%, 0, 0, 9, 28.22, 111576
1648642779, 103, 71, 286, 164, 0, 6.71%, 0, 0, 9, 8.16, 112321
1648642836, 104, 20, 286, 164, 0, 6.71%, 0, 0, 9, 39.37, 112582
1648642841, 104, 100, 286, 164, 0, 6.71%, 0, 0, 9, 37.47, 112762
1648643017, 104, 219, 286, 164, 0, 6.71%, 0, 0, 9, 46.35, 114155
1648643042, 105, 219, 286, 163, 0, 6.71%, 0, 0, 9, 42.71, 115275
1648643119, 105, 219, 287, 164, 0, 6.71%, 0, 0, 9, 8.45, 116067
1648643160, 106, 196, 287, 164, 0, 6.71%, 0, 0, 9, 18.52, 116477
1648643201, 106, 285, 287, 164, 0, 6.71%, 0, 0, 9, 10.15, 116883
1648643263, 107, 219, 287, 163, 0, 6.71%, 0, 0, 9, 0.00, 117471
1648643405, 108, 38, 287, 163, 0, 6.71%, 0, 0, 9, 13.11, 118669
1648643415, 108, 235, 287, 162, 0, 6.71%, 0, 0, 9, 31.66, 118969
1648643497, 108, 251, 287, 161, 4294967295, 6.71%, 0, 0, 9, 56.38, 119893
1648643518, 108, 285, 287, 160, 4294967294, 6.71%, 0, 0, 9, 3.85, 120501
1648643596, 108, 285, 288, 161, 4294967294, 6.71%, 0, 0, 9, 5.12, 120981
1648643627, 110, 48, 288, 161, 4294967294, 6.71%, 0, 0, 9, 34.68, 121215
1648643632, 110, 115, 288, 161, 4294967294, 6.71%, 0, 0, 9, 29.02, 121374
1648643715, 111, 226, 289, 162, 4294967294, 6.72%, 0, 0, 9, 0.00, 122215
1648643787, 111, 227, 289, 161, 4294967293, 6.72%, 0, 0, 9, 8.39, 122902
1648643808, 111, 227, 290, 162, 4294967293, 6.72%, 0, 0, 9, 6.10, 123028
1648643885, 111, 270, 290, 161, 2, 6.72%, 0, 0, 9, 9.96, 123512
1648643968, 111, 289, 290, 160, 1, 6.72%, 0, 0, 9, 21.59, 124209
1648643978, 111, 289, 291, 161, 1, 6.72%, 0, 0, 10, 12.57, 124377
1648644019, 112, 196, 291, 160, 0, 6.72%, 0, 0, 10, 14.52, 124822
1648644076, 113, 195, 291, 160, 0, 6.72%, 0, 0, 10, 6.55, 125211
1648644289, 114, 60, 291, 160, 0, 6.72%, 0, 0, 10, 8.04, 126399
1648644320, 114, 75, 291, 160, 0, 6.72%, 0, 0, 10, 25.20, 126803
1648644326, 114, 219, 291, 159, 0, 6.72%, 0, 0, 10, 36.81, 127009
1648644423, 115, 66, 291, 159, 0, 6.72%, 0, 0, 10, 11.16, 128166
1648644454, 115, 235, 291, 159, 0, 6.72%, 0, 0, 10, 33.19, 128617
1648644506, 115, 285, 291, 159, 0, 6.72%, 0, 0, 10, 10.06, 129489
1648644582, 116, 84, 291, 159, 0, 6.72%, 0, 0, 10, 10.04, 130111
1648644592, 117, 191, 291, 158, 0, 6.72%, 0, 0, 10, 47.17, 130531
1648644598, 118, 69, 291, 158, 0, 6.72%, 0, 0, 10, 4.61, 130653
1648644664, 118, 128, 291, 158, 0, 6.72%, 0, 0, 10, 4.51, 130917
1648644746, 118, 195, 291, 158, 0, 6.72%, 0, 0, 10, 14.47, 131846
1648644899, 118, 253, 291, 158, 0, 6.72%, 0, 0, 10, 15.94, 133027
1648644904, 118, 253, 292, 159, 0, 6.72%, 0, 0, 10, 18.83, 133126
1648644919, 118, 253, 293, 160, 0, 6.72%, 0, 0, 10, 21.90, 133442
1648644934, 118, 253, 294, 161, 0, 6.72%, 0, 0, 10, 23.51, 133846
1648644950, 118, 258, 295, 161, 4, 6.72%, 0, 0, 10, 23.59, 134234
1648644955, 118, 258, 297, 163, 4, 6.72%, 0, 0, 10, 20.23, 134334
1648644960, 118, 258, 298, 164, 4, 6.72%, 0, 0, 10, 22.39, 134442
1648644965, 118, 258, 299, 165, 4, 6.72%, 0, 0, 10, 19.26, 134536
1648644970, 118, 258, 301, 167, 4, 6.72%, 0, 0, 10, 23.10, 134666
1648644975, 118, 258, 302, 168, 4, 6.72%, 0, 0, 10, 25.30, 134785
1648644981, 118, 258, 304, 170, 4, 6.72%, 0, 0, 10, 21.73, 134896
1648644991, 118, 286, 304, 169, 2, 6.72%, 0, 0, 10, 30.71, 135179
1648645093, 119, 206, 304, 168, 1, 6.72%, 0, 0, 10, 7.77, 136119
1648645159, 120, 0, 304, 168, 1, 6.72%, 0, 0, 10, 28.20, 136676
1648645164, 120, 286, 304, 168, 1, 6.72%, 0, 0, 10, 8.46, 136794
1648645286, 121, 213, 304, 168, 1, 6.72%, 0, 0, 10, 29.68, 137935
1648645291, 121, 213, 305, 169, 1, 6.72%, 0, 0, 10, 38.07, 138139
1648645301, 121, 283, 306, 170, 5, 6.95%, 0, 0, 10, 30.80, 138463
1648645327, 122, 191, 306, 169, 0, 6.95%, 0, 0, 10, 4.48, 139067
1648645368, 123, 101, 306, 169, 0, 6.95%, 0, 0, 10, 52.35, 139478
1648645378, 123, 206, 306, 168, 0, 6.95%, 0, 0, 10, 49.87, 139998
1648645445, 123, 285, 307, 169, 0, 6.95%, 0, 0, 10, 6.24, 140406
1648645549, 124, 163, 307, 169, 2, 6.95%, 0, 0, 10, 45.47, 141078
1648645605, 124, 306, 307, 169, 2, 6.95%, 0, 0, 10, 7.32, 141695
1648645835, 125, 194, 307, 168, 1, 6.95%, 0, 0, 10, 5.59, 142677
1648646009, 125, 299, 307, 168, 1, 6.95%, 0, 0, 10, 33.83, 143975
1648646040, 126, 243, 307, 167, 0, 6.95%, 0, 0, 10, 30.34, 144910
1648646050, 126, 243, 308, 168, 0, 6.95%, 0, 0, 10, 31.68, 145210
1648646056, 126, 243, 309, 169, 0, 6.96%, 0, 0, 10, 5.84, 145334
1648646061, 126, 243, 310, 170, 0, 6.96%, 0, 0, 10, 23.53, 145470
1648646071, 127, 246, 310, 169, 0, 6.96%, 0, 0, 10, 23.54, 145724
1648646081, 127, 246, 311, 170, 0, 6.96%, 0, 0, 10, 27.67, 146003
1648646107, 128, 195, 311, 169, 0, 6.96%, 0, 0, 10, 44.08, 146736
1648646224, 128, 301, 311, 169, 0, 6.96%, 0, 0, 10, 11.12, 147503
1648646245, 128, 301, 312, 170, 0, 6.97%, 0, 0, 10, 25.34, 148005
1648646260, 130, 196, 312, 169, 0, 6.97%, 0, 0, 10, 26.15, 148412
1648646301, 130, 196, 313, 170, 0, 6.97%, 0, 0, 10, 7.31, 148752
1648646311, 130, 206, 313, 170, 1, 6.97%, 0, 0, 10, 10.12, 148866
1648646363, 130, 235, 313, 170, 1, 6.97%, 0, 0, 10, 53.33, 149298
1648646465, 131, 163, 313, 170, 1, 6.97%, 0, 0, 10, 29.58, 150357
1648646470, 131, 163, 314, 171, 1, 6.98%, 0, 0, 10, 35.14, 150551
1648646480, 131, 302, 314, 171, 5, 6.98%, 0, 0, 10, 35.78, 150924
1648646490, 131, 302, 316, 173, 5, 6.98%, 0, 0, 10, 21.00, 151139
1648646495, 131, 302, 317, 174, 5, 6.98%, 0, 0, 10, 24.37, 151260
1648646505, 131, 302, 319, 176, 5, 6.98%, 0, 0, 10, 21.99, 151496
1648646521, 132, 172, 319, 175, 2, 6.98%, 0, 0, 10, 32.37, 151901
1648646552, 132, 247, 319, 175, 2, 6.98%, 0, 0, 10, 21.41, 152275
1648646568, 133, 172, 319, 174, 1, 6.98%, 0, 0, 10, 4.35, 152787
1648646624, 133, 287, 319, 174, 1, 6.98%, 0, 0, 10, 6.91, 153229
1648646738, 134, 206, 319, 173, 1, 6.98%, 0, 0, 10, 5.93, 153869
1648646831, 135, 196, 319, 173, 1, 6.98%, 0, 0, 10, 10.15, 154378
1648646847, 135, 290, 319, 173, 1, 6.98%, 0, 0, 10, 18.63, 154655
1648646914, 135, 290, 320, 174, 1, 6.98%, 0, 0, 11, 7.88, 155209
1648646924, 136, 195, 320, 173, 0, 6.98%, 0, 0, 11, 24.99, 155378
1648647032, 137, 121, 320, 173, 0, 6.98%, 0, 0, 11, 6.85, 156133
1648647154, 137, 191, 320, 173, 0, 6.98%, 0, 0, 11, 8.59, 157315
1648647210, 137, 285, 320, 173, 0, 6.98%, 0, 0, 11, 51.40, 157590
1648647292, 138, 205, 320, 173, 0, 6.98%, 0, 0, 11, 6.74, 158357
1648647322, 139, 195, 320, 173, 0, 6.98%, 0, 0, 11, 8.94, 158668
1648647400, 140, 67, 320, 173, 0, 6.98%, 0, 0, 11, 47.74, 159122
1648647410, 140, 206, 320, 173, 0, 6.98%, 0, 0, 11, 7.48, 159419
1648647497, 140, 304, 320, 173, 0, 6.98%, 0, 0, 11, 35.13, 159866
1648647507, 140, 304, 321, 174, 0, 6.98%, 0, 0, 11, 26.95, 160155
1648647523, 142, 191, 321, 173, 0, 6.98%, 0, 0, 11, 15.11, 160439
1648647580, 143, 8, 321, 173, 0, 6.98%, 0, 0, 11, 29.59, 160808
1648647585, 143, 312, 321, 172, 0, 6.98%, 0, 0, 11, 40.83, 161026
1648647672, 145, 219, 321, 171, 4294967295, 6.98%, 0, 0, 11, 0.00, 161938
1648647814, 146, 289, 321, 171, 4294967295, 6.98%, 0, 0, 11, 9.35, 163120
1648647897, 147, 195, 321, 171, 4294967295, 6.98%, 0, 0, 11, 7.16, 163761
1648647963, 147, 312, 321, 171, 4294967295, 6.98%, 0, 0, 11, 36.93, 164296
1648648070, 149, 191, 321, 171, 4294967295, 6.98%, 0, 0, 11, 50.46, 165189
1648648080, 149, 305, 323, 173, 4294967295, 7.00%, 0, 0, 11, 39.14, 165555
1648648086, 149, 305, 324, 174, 4294967295, 7.00%, 0, 0, 11, 35.61, 165732
1648648101, 149, 306, 325, 174, 5, 7.00%, 0, 0, 11, 41.55, 166376
1648648162, 149, 306, 325, 174, 0, 7.00%, 0, 0, 11, 19.97, 167391
1648648275, 149, 317, 325, 174, 0, 7.00%, 0, 0, 11, 13.97, 168362
1648648301, 150, 124, 326, 174, 2, 7.00%, 0, 0, 11, 24.51, 168985
1648648311, 150, 324, 327, 175, 2, 7.00%, 0, 0, 11, 0.00, 169292
1648648465, 151, 42, 327, 174, 0, 7.00%, 0, 0, 11, 4.52, 169945
1648648522, 152, 14, 327, 174, 0, 7.00%, 0, 0, 11, 41.26, 170338
1648648527, 152, 285, 327, 173, 0, 7.00%, 0, 0, 11, 5.97, 170475
1648648625, 153, 70, 327, 173, 0, 7.00%, 0, 0, 11, 46.13, 171104
1648648640, 153, 324, 327, 173, 0, 7.00%, 0, 0, 11, 4.26, 171596
1648648795, 154, 22, 327, 173, 0, 7.00%, 0, 0, 11, 29.42, 172359
1648648800, 154, 195, 328, 174, 1, 7.00%, 0, 0, 11, 19.73, 172456
1648648857, 154, 324, 328, 174, 1, 7.00%, 0, 0, 11, 4.20, 172898
1648649007, 155, 196, 328, 174, 1, 7.00%, 0, 0, 11, 4.24, 173536
1648649073, 155, 321, 328, 174, 1, 7.00%, 0, 0, 11, 36.22, 173903
1648649104, 156, 33, 328, 173, 0, 7.00%, 0, 0, 11, 29.48, 174768
1648649114, 156, 196, 328, 172, 0, 7.00%, 0, 0, 11, 4.56, 174963
1648649171, 156, 321, 328, 172, 0, 7.00%, 0, 0, 11, 10.30, 175258
1648649181, 156, 321, 329, 173, 0, 7.00%, 0, 0, 11, 13.40, 175396
1648649237, 157, 104, 329, 173, 4, 7.00%, 0, 0, 11, 19.55, 176194
1648649278, 157, 306, 329, 173, 4, 7.00%, 0, 0, 11, 4.26, 176987
1648649510, 158, 172, 329, 173, 4, 7.00%, 0, 0, 11, 20.05, 178035
1648649547, 158, 324, 329, 173, 4, 7.00%, 0, 0, 11, 4.31, 178390
