# unix_time, cycles_done, cur_path, paths_total, pending_total, pending_favs, map_size, unique_crashes, unique_hangs, max_depth, execs_per_sec, total_execs
1648633558, 0, 0, 2, 2, 1, 5.03%, 0, 0, 2, 4.73, 41
1648633563, 0, 0, 16, 16, 1, 5.07%, 0, 0, 2, 34.34, 218
1648633568, 0, 0, 32, 32, 1, 5.17%, 0, 0, 2, 39.13, 424
1648633573, 0, 0, 45, 45, 1, 5.19%, 0, 0, 2, 47.14, 581
1648633578, 0, 27, 49, 48, 0, 5.20%, 0, 0, 3, 44.40, 797
1648633583, 0, 47, 50, 48, 0, 5.20%, 0, 0, 3, 38.93, 1037
1648633588, 1, 0, 54, 51, 0, 5.28%, 0, 0, 3, 4.76, 1273
1648633594, 1, 0, 62, 59, 0, 5.30%, 0, 0, 3, 7.04, 1339
1648633599, 1, 0, 64, 61, 0, 5.36%, 0, 0, 3, 9.23, 1391
1648633604, 1, 0, 65, 62, 0, 5.37%, 0, 0, 3, 9.87, 1444
1648633619, 1, 0, 66, 63, 0, 5.37%, 0, 0, 3, 10.16, 1604
1648633625, 1, 39, 76, 73, 0, 5.37%, 0, 0, 3, 39.20, 1821
1648633630, 1, 74, 76, 72, 0, 5.37%, 0, 0, 3, 27.64, 1971
1648633661, 2, 37, 77, 72, 4294967295, 5.37%, 0, 0, 3, 47.65, 2492
1648633666, 3, 9, 82, 76, 9, 5.37%, 0, 0, 3, 46.36, 2722
1648633671, 4, 6, 82, 75, 0, 5.37%, 0, 0, 3, 46.64, 2958
1648633676, 4, 28, 83, 75, 0, 5.37%, 0, 0, 3, 46.20, 3186
1648633681, 4, 50, 85, 76, 0, 5.37%, 0, 0, 3, 40.55, 3399
1648633707, 4, 68, 85, 75, 3, 5.37%, 0, 0, 3, 13.91, 3722
1648633732, 4, 68, 86, 76, 3, 5.37%, 0, 0, 4, 14.39, 4080
1648633737, 4, 84, 87, 76, 0, 5.37%, 0, 0, 4, 11.87, 4140
1648633784, 5, 53, 89, 77, 0, 5.37%, 0, 0, 4, 5.22, 4428
1648633804, 5, 53, 90, 78, 0, 5.37%, 0, 0, 4, 4.52, 4520
1648633840, 6, 40, 92, 79, 0, 5.37%, 0, 0, 4, 37.64, 4737
1648633845, 7, 21, 93, 79, 10, 5.37%, 0, 0, 4, 46.59, 4986
1648633850, 7, 21, 95, 81, 10, 5.37%, 0, 0, 4, 46.60, 5230
1648633855, 8, 34, 97, 82, 0, 5.40%, 0, 0, 4, 36.16, 5353
1648633860, 8, 53, 98, 82, 0, 5.40%, 0, 0, 4, 37.36, 5563
1648633871, 8, 73, 99, 83, 3, 5.40%, 0, 0, 4, 57.14, 5843
1648633902, 9, 0, 101, 84, 2, 5.40%, 0, 0, 4, 19.51, 6357
1648633912, 9, 0, 102, 85, 2, 5.40%, 0, 0, 4, 9.26, 6445
1648633922, 9, 68, 104, 87, 2, 5.40%, 0, 0, 4, 51.16, 6547
1648633927, 9, 68, 107, 90, 2, 5.40%, 0, 0, 4, 41.62, 6766
1648633932, 9, 106, 108, 91, 0, 5.40%, 0, 0, 5, 14.86, 6895
1648634004, 9, 106, 109, 92, 0, 5.40%, 0, 0, 5, 14.57, 7949
1648634014, 10, 23, 110, 92, 7, 5.40%, 0, 0, 5, 30.33, 8172
1648634019, 10, 25, 112, 93, 0, 5.40%, 0, 0, 5, 30.00, 8379
1648634030, 10, 62, 115, 95, 0, 5.53%, 0, 0, 5, 26.51, 8676
1648634035, 10, 62, 119, 99, 0, 5.63%, 0, 0, 5, 29.99, 8838
1648634040, 11, 57, 121, 100, 0, 5.63%, 0, 0, 5, 5.19, 8990
1648634046, 11, 57, 122, 101, 0, 5.64%, 0, 0, 5, 5.61, 9020
1648634081, 11, 57, 123, 102, 0, 5.64%, 0, 0, 5, 8.10, 9206
1648634097, 11, 74, 123, 101, 1, 5.64%, 0, 0, 5, 46.31, 9485
1648634102, 12, 0, 123, 101, 1, 5.64%, 0, 0, 5, 45.52, 9655
1648634112, 12, 73, 123, 101, 1, 5.64%, 0, 0, 5, 49.53, 9916
1648634117, 12, 97, 124, 102, 1, 5.64%, 0, 0, 5, 0.00, 10080
1648634174, 13, 33, 124, 101, 6, 5.64%, 0, 0, 5, 38.65, 10473
1648634179, 13, 33, 126, 103, 6, 5.64%, 0, 0, 5, 43.51, 10703
1648634184, 14, 5, 126, 102, 0, 5.64%, 0, 0, 5, 46.01, 10937
1648634189, 14, 112, 127, 102, 0, 5.64%, 0, 0, 5, 22.70, 11059
1648634200, 15, 65, 129, 103, 0, 5.64%, 0, 0, 5, 4.44, 11328
1648634205, 15, 65, 130, 104, 0, 5.64%, 0, 0, 5, 38.25, 11539
1648634210, 15, 74, 132, 105, 1, 5.64%, 0, 0, 5, 43.48, 11766
1648634215, 16, 55, 133, 106, 1, 5.64%, 0, 0, 5, 7.35, 11926
1648634252, 16, 74, 134, 106, 1, 5.64%, 0, 0, 5, 37.89, 12489
1648634257, 16, 108, 134, 106, 1, 5.64%, 0, 0, 5, 15.08, 12605
1648634298, 17, 85, 134, 105, 0, 5.64%, 0, 0, 5, 20.41, 13243
1648634344, 17, 126, 135, 105, 0, 5.65%, 0, 0, 5, 15.29, 13896
1648634349, 17, 126, 136, 106, 0, 5.66%, 0, 0, 5, 21.09, 14008
1648634364, 18, 56, 137, 106, 0, 5.66%, 0, 0, 5, 21.96, 14398
1648634369, 18, 56, 138, 107, 0, 5.66%, 0, 0, 5, 27.47, 14537
1648634374, 19, 44, 139, 107, 6, 5.66%, 0, 0, 5, 31.05, 14692
1648634384, 19, 80, 140, 107, 5, 5.66%, 0, 0, 5, 42.74, 15131
1648634390, 19, 94, 140, 106, 5, 5.66%, 0, 0, 5, 42.18, 15345
1648634395, 19, 94, 141, 107, 5, 5.66%, 0, 0, 5, 42.86, 15563
1648634400, 20, 88, 143, 108, 9, 5.66%, 0, 0, 5, 6.98, 15611
1648634415, 21, 74, 143, 107, 1, 5.66%, 0, 0, 5, 32.01, 15961
1648634420, 21, 83, 143, 107, 1, 5.66%, 0, 0, 5, 33.35, 16150
1648634461, 21, 98, 143, 106, 0, 5.66%, 0, 0, 5, 19.06, 16600
1648634508, 22, 7, 144, 106, 0, 5.67%, 0, 0, 5, 28.25, 17285
1648634513, 22, 113, 144, 105, 10, 5.67%, 0, 0, 5, 30.48, 17455
1648634518, 22, 113, 146, 107, 10, 5.68%, 0, 0, 5, 20.28, 17533
1648634528, 23, 63, 146, 106, 6, 5.68%, 0, 0, 5, 38.37, 17898
1648634533, 23, 64, 147, 106, 5, 5.68%, 0, 0, 5, 38.56, 18092
1648634538, 23, 83, 150, 108, 6, 5.69%, 0, 0, 5, 6.15, 18282
1648634543, 23, 83, 151, 109, 6, 6.21%, 0, 0, 5, 37.67, 18393
1648634549, 23, 95, 154, 112, 8, 6.21%, 0, 0, 5, 32.67, 18560
1648634554, 23, 95, 159, 117, 8, 6.21%, 0, 0, 5, 33.94, 18729
1648634559, 23, 114, 160, 117, 9, 6.21%, 0, 0, 5, 30.83, 18897
1648634569, 24, 117, 160, 116, 8, 6.21%, 0, 0, 5, 30.62, 19192
1648634574, 24, 117, 161, 117, 8, 6.26%, 0, 0, 5, 37.85, 19381
1648634579, 25, 103, 161, 116, 5, 6.26%, 0, 0, 5, 28.55, 19523
1648634600, 25, 103, 162, 117, 5, 6.27%, 0, 0, 5, 23.20, 19969
1648634630, 26, 138, 163, 117, 0, 6.27%, 0, 0, 5, 25.99, 20671
1648634641, 27, 113, 164, 117, 6, 6.27%, 0, 0, 5, 26.41, 21009
1648634656, 28, 103, 164, 117, 6, 6.27%, 0, 0, 5, 20.01, 21312
1648634738, 28, 116, 165, 118, 6, 6.28%, 0, 0, 5, 17.81, 22542
1648634743, 28, 116, 167, 120, 6, 6.38%, 0, 0, 5, 13.59, 22605
1648634758, 28, 139, 167, 119, 9, 6.38%, 0, 0, 5, 36.84, 23061
1648634763, 29, 116, 167, 118, 8, 6.38%, 0, 0, 5, 38.19, 23256
1648634773, 29, 122, 168, 119, 8, 6.38%, 0, 0, 5, 5.46, 23559
1648634804, 29, 122, 169, 120, 8, 6.38%, 0, 0, 5, 4.39, 23695
1648634840, 30, 100, 169, 119, 1, 6.38%, 0, 0, 5, 37.43, 23952
1648634896, 30, 118, 170, 119, 0, 6.38%, 0, 0, 5, 13.86, 24451
1648634912, 30, 141, 170, 118, 0, 6.38%, 0, 0, 5, 32.21, 24994
1648634922, 31, 51, 170, 117, 0, 6.38%, 0, 0, 5, 40.53, 25353
1648634932, 31, 148, 176, 122, 0, 6.38%, 0, 0, 5, 36.26, 25788
1648634938, 31, 148, 178, 124, 0, 6.38%, 0, 0, 5, 40.43, 25985
1648634948, 32, 52, 178, 123, 6, 6.38%, 0, 0, 5, 40.10, 26391
1648634974, 32, 88, 179, 123, 6, 6.38%, 0, 0, 5, 0.00, 26691
1648635030, 32, 150, 180, 124, 8, 6.38%, 0, 0, 5, 31.99, 27003
1648635035, 32, 150, 183, 127, 8, 6.43%, 0, 0, 5, 32.14, 27160
1648635040, 32, 150, 184, 128, 8, 6.43%, 0, 0, 5, 36.83, 27338
1648635051, 33, 133, 184, 127, 0, 6.43%, 0, 0, 5, 7.49, 27609
1648635147, 34, 0, 184, 126, 4294967295, 6.43%, 0, 0, 5, 11.91, 28469
1648635152, 34, 0, 185, 127, 4294967295, 6.43%, 0, 0, 5, 34.94, 28683
1648635158, 34, 144, 186, 128, 7, 6.44%, 0, 0, 5, 32.83, 28854
1648635163, 34, 144, 187, 129, 7, 6.45%, 0, 0, 5, 31.05, 29013
1648635168, 34, 171, 187, 128, 0, 6.45%, 0, 0, 5, 35.89, 29199
1648635173, 34, 171, 189, 130, 0, 6.45%, 0, 0, 6, 39.16, 29390
1648635183, 35, 161, 191, 131, 8, 6.47%, 0, 0, 6, 30.01, 29755
1648635224, 35, 179, 191, 130, 11, 6.47%, 0, 0, 6, 26.14, 30669
1648635229, 35, 179, 193, 132, 11, 6.56%, 0, 0, 6, 25.10, 30774
1648635239, 35, 179, 195, 134, 11, 6.56%, 0, 0, 6, 39.48, 31187
1648635244, 36, 133, 195, 133, 0, 6.56%, 0, 0, 6, 16.72, 31239
1648635342, 36, 150, 195, 133, 0, 6.56%, 0, 0, 6, 17.29, 32156
1648635378, 36, 187, 196, 134, 0, 6.56%, 0, 0, 7, 15.41, 32655
1648635383, 36, 187, 198, 136, 0, 6.56%, 0, 0, 7, 20.82, 32772
1648635388, 36, 187, 200, 138, 0, 6.56%, 0, 0, 7, 22.61, 32894
1648635398, 36, 187, 201, 139, 0, 6.56%, 0, 0, 7, 39.48, 33298
1648635404, 37, 54, 201, 138, 6, 6.56%, 0, 0, 7, 22.73, 33403
1648635435, 37, 162, 201, 137, 5, 6.56%, 0, 0, 7, 14.98, 33730
1648635450, 37, 164, 201, 136, 4, 6.56%, 0, 0, 7, 26.29, 34140
1648635471, 38, 59, 201, 135, 3, 6.56%, 0, 0, 7, 33.14, 34742
1648635501, 38, 189, 202, 135, 2, 6.56%, 0, 0, 7, 20.79, 35118
1648635506, 38, 189, 203, 136, 2, 6.56%, 0, 0, 7, 33.42, 35307
1648635517, 38, 189, 204, 137, 2, 6.57%, 0, 0, 7, 38.76, 35710
1648635522, 38, 189, 205, 138, 2, 6.57%, 0, 0, 7, 40.81, 35919
1648635532, 39, 88, 205, 137, 0, 6.57%, 0, 0, 7, 4.67, 36261
1648635589, 40, 88, 205, 137, 0, 6.57%, 0, 0, 7, 4.92, 36531
1648635640, 40, 169, 205, 137, 0, 6.57%, 0, 0, 7, 34.17, 36857
1648635655, 41, 66, 205, 136, 0, 6.57%, 0, 0, 7, 17.93, 37253
1648635681, 42, 1, 205, 135, 0, 6.57%, 0, 0, 7, 27.91, 37653
1648635686, 43, 88, 205, 134, 0, 6.57%, 0, 0, 7, 4.91, 37807
1648635743, 44, 14, 205, 134, 0, 6.57%, 0, 0, 7, 39.96, 38242
1648635748, 44, 88, 205, 133, 0, 6.57%, 0, 0, 7, 4.82, 38325
1648635799, 45, 19, 205, 133, 0, 6.57%, 0, 0, 7, 37.47, 38631
1648635804, 46, 133, 205, 132, 0, 6.57%, 0, 0, 7, 36.49, 38824
1648635906, 47, 20, 205, 132, 0, 6.57%, 0, 0, 7, 43.29, 39807
1648635911, 47, 189, 207, 133, 0, 6.57%, 0, 0, 7, 41.48, 40000
1648635916, 47, 189, 208, 134, 0, 6.57%, 0, 0, 7, 52.69, 40282
1648635937, 49, 58, 208, 134, 0, 6.57%, 0, 0, 7, 39.33, 41357
1648635942, 49, 190, 208, 133, 0, 6.57%, 0, 0, 7, 33.15, 41493
1648635988, 50, 189, 208, 132, 0, 6.57%, 0, 0, 7, 26.01, 42405
1648636028, 51, 102, 208, 132, 0, 6.57%, 0, 0, 7, 30.00, 43533
1648636069, 51, 102, 209, 133, 0, 6.58%, 0, 0, 7, 22.73, 44458
1648636080, 52, 74, 209, 132, 1, 6.58%, 0, 0, 7, 23.16, 44695
1648636090, 53, 74, 209, 132, 1, 6.58%, 0, 0, 7, 48.99, 45165
1648636095, 54, 54, 210, 133, 1, 6.58%, 0, 0, 7, 7.00, 45247
1648636126, 55, 32, 210, 133, 0, 6.58%, 0, 0, 7, 26.48, 45627
1648636131, 56, 37, 211, 133, 0, 6.58%, 0, 0, 7, 36.47, 45828
1648636141, 56, 103, 211, 133, 13, 6.58%, 0, 0, 7, 36.49, 46161
1648636146, 56, 103, 212, 134, 13, 6.58%, 0, 0, 7, 31.95, 46307
1648636156, 57, 110, 212, 134, 0, 6.58%, 0, 0, 7, 41.59, 46722
1648636166, 57, 118, 212, 133, 0, 6.58%, 0, 0, 7, 34.52, 47101
1648636171, 57, 148, 213, 134, 0, 6.58%, 0, 0, 7, 35.75, 47294
1648636186, 57, 161, 213, 134, 5, 6.58%, 0, 0, 7, 45.27, 47949
1648636217, 58, 74, 213, 134, 5, 6.58%, 0, 0, 7, 39.23, 48925
1648636222, 58, 103, 213, 134, 5, 6.58%, 0, 0, 7, 43.10, 49152
1648636227, 58, 160, 213, 134, 5, 6.58%, 0, 0, 7, 48.38, 49402
1648636237, 58, 160, 214, 135, 5, 6.59%, 0, 0, 7, 42.68, 49817
1648636247, 59, 74, 214, 134, 1, 6.59%, 0, 0, 7, 37.42, 50220
1648636258, 60, 203, 215, 135, 1, 6.59%, 0, 0, 8, 36.87, 50470
1648636263, 60, 203, 216, 136, 1, 6.59%, 0, 0, 8, 46.91, 50721
1648636278, 61, 103, 216, 135, 1, 6.59%, 0, 0, 8, 27.44, 51346
1648636299, 61, 180, 216, 135, 1, 6.59%, 0, 0, 8, 29.07, 51717
1648636304, 61, 189, 216, 134, 0, 6.59%, 0, 0, 8, 34.48, 51909
1648636349, 62, 167, 217, 135, 0, 6.59%, 0, 0, 8, 4.09, 53074
1648636380, 62, 167, 218, 136, 0, 6.59%, 0, 0, 8, 4.66, 53224
1648636416, 62, 207, 218, 135, 6, 6.59%, 0, 0, 8, 39.01, 53476
1648636436, 63, 181, 218, 134, 5, 6.59%, 0, 0, 8, 52.20, 54586
1648636441, 63, 181, 219, 135, 5, 6.59%, 0, 0, 8, 41.36, 54786
1648636446, 63, 181, 220, 136, 5, 6.59%, 0, 0, 8, 41.20, 54996
1648636451, 64, 89, 221, 136, 0, 6.59%, 0, 0, 8, 4.83, 55167
1648636477, 64, 182, 222, 136, 0, 6.59%, 0, 0, 8, 9.42, 55456
1648636523, 65, 133, 222, 135, 0, 6.59%, 0, 0, 8, 9.00, 55892
1648636621, 66, 51, 222, 135, 0, 6.59%, 0, 0, 8, 49.71, 56812
1648636626, 67, 21, 222, 135, 0, 6.59%, 0, 0, 8, 50.44, 57057
1648636636, 67, 192, 222, 135, 0, 6.59%, 0, 0, 8, 35.70, 57444
1648636646, 67, 193, 223, 135, 0, 6.59%, 0, 0, 8, 38.35, 57845
1648636651, 67, 193, 224, 136, 0, 6.74%, 0, 0, 8, 36.66, 58028
1648636661, 67, 193, 226, 138, 0, 6.74%, 0, 0, 8, 42.01, 58454
1648636666, 67, 201, 227, 138, 14, 6.74%, 0, 0, 8, 40.33, 58660
1648636671, 67, 201, 229, 140, 14, 6.74%, 0, 0, 8, 35.72, 58842
1648636676, 67, 201, 230, 141, 14, 6.74%, 0, 0, 8, 37.23, 59038
1648636682, 67, 201, 231, 142, 14, 6.75%, 0, 0, 8, 37.52, 59229
1648636687, 67, 201, 232, 143, 14, 6.75%, 0, 0, 8, 38.73, 59432
1648636702, 67, 203, 233, 143, 1, 6.75%, 0, 0, 8, 27.60, 59948
1648636732, 68, 68, 233, 143, 1, 6.75%, 0, 0, 8, 22.27, 60751
1648636747, 69, 117, 233, 143, 1, 6.75%, 0, 0, 8, 20.43, 61065
1648636763, 69, 211, 234, 144, 1, 6.77%, 0, 0, 8, 21.15, 61413
1648636768, 69, 211, 235, 145, 1, 6.77%, 0, 0, 8, 12.50, 61466
1648636809, 70, 134, 235, 144, 5, 6.77%, 0, 0, 8, 15.25, 61903
1648636819, 70, 134, 236, 145, 5, 6.77%, 0, 0, 8, 27.72, 62184
1648636824, 70, 204, 236, 144, 4, 6.77%, 0, 0, 8, 28.98, 62329
1648636839, 70, 209, 236, 143, 3, 6.77%, 0, 0, 8, 41.44, 62966
1648636855, 71, 63, 236, 142, 2, 6.77%, 0, 0, 8, 42.07, 63456
1648636860, 71, 136, 236, 142, 2, 6.77%, 0, 0, 8, 32.39, 63602
1648636865, 71, 136, 237, 143, 2, 6.77%, 0, 0, 8, 24.53, 63718
1648636875, 71, 165, 238, 143, 1, 6.99%, 0, 0, 8, 26.34, 63974
1648636880, 71, 165, 240, 145, 1, 6.99%, 0, 0, 8, 24.76, 64090
1648636890, 72, 64, 240, 144, 5, 6.99%, 0, 0, 8, 30.85, 64367
1648636896, 72, 181, 240, 144, 5, 6.99%, 0, 0, 8, 41.58, 64598
1648636921, 72, 212, 243, 147, 5, 6.99%, 0, 0, 8, 25.78, 65295
1648636926, 72, 212, 244, 148, 5, 6.99%, 0, 0, 8, 25.45, 65410
1648636931, 72, 212, 246, 150, 5, 6.99%, 0, 0, 8, 24.77, 65526
1648636946, 73, 54, 246, 149, 0, 6.99%, 0, 0, 8, 6.24, 66103
1648636977, 75, 98, 246, 149, 0, 6.99%, 0, 0, 8, 15.49, 66418
1648637013, 76, 41, 246, 149, 0, 6.99%, 0, 0, 8, 19.19, 66865
1648637018, 76, 230, 246, 148, 0, 6.99%, 0, 0, 8, 40.34, 67106
1648637028, 76, 230, 249, 151, 0, 7.01%, 0, 0, 9, 34.72, 67465
1648637048, 76, 230, 250, 152, 0, 7.01%, 0, 0, 9, 39.95, 68264
1648637053, 77, 161, 250, 151, 5, 7.01%, 0, 0, 9, 43.64, 68488
1648637079, 78, 189, 250, 151, 5, 7.01%, 0, 0, 9, 26.48, 69207
1648637110, 79, 231, 250, 151, 5, 7.01%, 0, 0, 9, 28.02, 70046
1648637120, 79, 231, 252, 153, 5, 7.01%, 0, 0, 9, 35.11, 70406
1648637146, 79, 233, 252, 152, 2, 7.01%, 0, 0, 9, 36.34, 71391
1648637161, 79, 233, 253, 153, 2, 7.01%, 0, 0, 9, 10.32, 71621
1648637171, 79, 233, 254, 154, 2, 7.01%, 0, 0, 9, 8.94, 71713
1648637212, 79, 247, 255, 154, 0, 7.01%, 0, 0, 10, 18.72, 72130
1648637258, 80, 242, 255, 153, 15, 7.01%, 0, 0, 10, 30.47, 73386
1648637278, 80, 252, 255, 152, 14, 7.01%, 0, 0, 10, 26.63, 74012
1648637304, 81, 253, 255, 151, 13, 7.01%, 0, 0, 10, 13.10, 74388
1648637345, 82, 203, 255, 150, 12, 7.01%, 0, 0, 10, 20.01, 74884
1648637375, 82, 228, 257, 152, 12, 7.01%, 0, 0, 10, 28.50, 75738
1648637401, 82, 246, 259, 153, 14, 7.01%, 0, 0, 10, 40.77, 76960
1648637406, 82, 246, 260, 154, 14, 7.01%, 0, 0, 10, 38.01, 77153
1648637427, 82, 246, 261, 155, 14, 7.01%, 0, 0, 10, 35.75, 77948
1648637432, 82, 248, 261, 154, 17, 7.01%, 0, 0, 10, 38.21, 78150
1648637437, 82, 248, 262, 155, 17, 7.02%, 0, 0, 10, 38.44, 78344
1648637442, 82, 248, 263, 156, 17, 7.02%, 0, 0, 10, 36.41, 78532
1648637462, 83, 257, 263, 155, 1, 7.02%, 0, 0, 10, 35.82, 79313
1648637509, 84, 54, 263, 154, 0, 7.02%, 0, 0, 10, 22.44, 80548
1648637519, 84, 250, 263, 154, 0, 7.02%, 0, 0, 10, 31.11, 80840
1648637524, 84, 250, 264, 155, 0, 7.02%, 0, 0, 10, 35.34, 81032
1648637550, 86, 69, 264, 154, 0, 7.02%, 0, 0, 10, 27.83, 81974
1648637565, 87, 4, 264, 154, 0, 7.02%, 0, 0, 10, 20.72, 82218
1648637575, 87, 5, 264, 153, 0, 7.02%, 0, 0, 10, 42.55, 82655
1648637580, 87, 58, 264, 153, 0, 7.02%, 0, 0, 10, 5.43, 82718
1648637590, 87, 58, 265, 154, 0, 7.02%, 0, 0, 10, 4.58, 82764
1648637636, 88, 228, 266, 155, 0, 7.02%, 0, 0, 10, 48.69, 83153
1648637657, 89, 63, 266, 155, 5, 7.02%, 0, 0, 10, 47.00, 84153
1648637667, 89, 68, 266, 155, 5, 7.02%, 0, 0, 10, 27.98, 84498
1648637682, 90, 74, 266, 155, 5, 7.02%, 0, 0, 10, 15.66, 84711
1648637693, 90, 183, 266, 155, 5, 7.02%, 0, 0, 10, 26.53, 84988
1648637729, 90, 251, 267, 155, 4, 7.02%, 0, 0, 10, 25.26, 85968
1648637774, 91, 68, 267, 154, 1, 7.02%, 0, 0, 10, 40.96, 87213
1648637780, 91, 167, 267, 154, 1, 7.02%, 0, 0, 10, 4.61, 87330
1648637846, 91, 185, 267, 154, 1, 7.02%, 0, 0, 10, 19.70, 87716
1648637861, 92, 69, 267, 153, 0, 7.02%, 0, 0, 10, 19.27, 88122
1648637877, 93, 6, 267, 153, 0, 7.02%, 0, 0, 10, 24.79, 88383
1648637882, 94, 7, 267, 153, 0, 7.02%, 0, 0, 10, 38.52, 88601
1648637892, 94, 248, 268, 154, 0, 7.02%, 0, 0, 10, 23.95, 88956
1648637927, 95, 99, 268, 154, 0, 7.02%, 0, 0, 10, 27.62, 90019
1648637983, 95, 99, 269, 155, 0, 7.02%, 0, 0, 10, 8.51, 90641
1648637989, 95, 208, 269, 154, 5, 7.02%, 0, 0, 10, 34.19, 90817
1648638019, 95, 217, 272, 156, 4, 7.02%, 0, 0, 10, 35.46, 91697
1648638024, 96, 101, 272, 155, 0, 7.02%, 0, 0, 10, 38.40, 91895
1648638034, 96, 257, 272, 154, 0, 7.02%, 0, 0, 10, 32.47, 92262
1648638076, 97, 251, 272, 154, 0, 7.02%, 0, 0, 10, 25.95, 93397
1648638122, 98, 186, 272, 154, 0, 7.02%, 0, 0, 10, 29.81, 94597
1648638132, 99, 87, 272, 153, 0, 7.02%, 0, 0, 10, 4.57, 94870
1648638188, 99, 248, 272, 153, 0, 7.02%, 0, 0, 10, 30.92, 95204
1648638229, 100, 11, 272, 153, 0, 7.02%, 0, 0, 10, 39.86, 96494
1648638234, 100, 13, 272, 152, 0, 7.02%, 0, 0, 10, 42.48, 96708
1648638239, 101, 62, 272, 151, 0, 7.02%, 0, 0, 10, 10.78, 96816
1648638265, 102, 50, 272, 151, 0, 7.02%, 0, 0, 10, 15.23, 97130
1648638286, 102, 71, 272, 151, 0, 7.02%, 0, 0, 10, 10.90, 97353
1648638312, 102, 199, 273, 151, 0, 7.02%, 0, 0, 10, 17.58, 97737
1648638332, 103, 22, 273, 150, 0, 7.02%, 0, 0, 10, 40.98, 98355
1648638337, 103, 150, 273, 149, 0, 7.02%, 0, 0, 10, 24.71, 98471
1648638378, 104, 25, 273, 149, 0, 7.02%, 0, 0, 10, 27.53, 99028
1648638383, 104, 29, 273, 149, 0, 7.02%, 0, 0, 10, 35.34, 99208
1648638388, 104, 257, 273, 148, 0, 7.02%, 0, 0, 10, 36.36, 99409
1648638435, 104, 260, 273, 148, 0, 7.02%, 0, 0, 10, 27.26, 100673
1648638476, 105, 63, 273, 147, 4294967295, 7.02%, 0, 0, 10, 37.52, 101841
1648638481, 105, 64, 274, 148, 4294967295, 7.03%, 0, 0, 10, 42.10, 102066
1648638486, 106, 35, 274, 148, 0, 7.03%, 0, 0, 10, 46.35, 102308
1648638491, 106, 72, 274, 147, 0, 7.03%, 0, 0, 10, 43.79, 102528
1648638501, 107, 250, 275, 147, 0, 7.03%, 0, 0, 10, 24.71, 102881
1648638547, 108, 101, 275, 147, 0, 7.03%, 0, 0, 10, 25.18, 104044
1648638557, 108, 251, 275, 147, 0, 7.03%, 0, 0, 10, 13.79, 104374
1648638603, 109, 90, 276, 148, 0, 7.03%, 0, 0, 10, 4.65, 105530
1648638614, 110, 36, 276, 147, 0, 7.03%, 0, 0, 10, 42.98, 105947
1648638619, 110, 37, 276, 146, 0, 7.03%, 0, 0, 10, 43.36, 106166
1648638624, 110, 257, 276, 146, 0, 7.03%, 0, 0, 10, 41.60, 106367
1648638634, 110, 257, 277, 147, 0, 7.03%, 0, 0, 11, 48.82, 106858
1648638649, 111, 247, 278, 148, 0, 7.03%, 0, 0, 11, 51.61, 107628
1648638669, 113, 189, 278, 148, 0, 7.03%, 0, 0, 11, 44.13, 108687
1648638705, 113, 250, 278, 148, 0, 7.03%, 0, 0, 11, 25.26, 109649
1648638746, 114, 120, 278, 148, 0, 7.03%, 0, 0, 11, 25.36, 110695
1648638762, 115, 72, 278, 147, 0, 7.03%, 0, 0, 11, 32.87, 111063
1648638767, 115, 203, 278, 147, 0, 7.03%, 0, 0, 11, 43.70, 111294
1648638782, 115, 203, 279, 148, 0, 7.03%, 0, 0, 11, 46.54, 112002
1648638787, 115, 260, 279, 148, 0, 7.03%, 0, 0, 11, 37.43, 112200
1648638874, 116, 39, 279, 148, 0, 7.03%, 0, 0, 11, 40.00, 114560
1648638879, 117, 250, 279, 148, 0, 7.03%, 0, 0, 11, 12.09, 114728
1648638925, 120, 135, 279, 148, 0, 7.03%, 0, 0, 11, 24.21, 115890
1648638940, 121, 40, 279, 147, 0, 7.03%, 0, 0, 11, 39.07, 116411
1648638945, 121, 167, 279, 147, 0, 7.03%, 0, 0, 11, 5.01, 116497
1648639013, 121, 260, 279, 147, 0, 7.03%, 0, 0, 11, 27.87, 116887
1648639053, 122, 222, 280, 148, 0, 7.03%, 0, 0, 11, 34.56, 118031
1648639074, 124, 42, 280, 147, 0, 7.03%, 0, 0, 11, 44.78, 119027
1648639079, 124, 46, 280, 146, 0, 7.03%, 0, 0, 11, 44.08, 119250
1648639084, 124, 150, 280, 145, 0, 7.03%, 0, 0, 11, 28.94, 119388
1648639110, 125, 250, 280, 145, 0, 7.03%, 0, 0, 11, 22.68, 119867
1648639155, 126, 72, 280, 145, 0, 7.03%, 0, 0, 11, 32.49, 121063
1648639160, 126, 72, 281, 146, 0, 7.03%, 0, 0, 11, 36.03, 121256
1648639166, 126, 228, 281, 146, 0, 7.03%, 0, 0, 11, 45.44, 121498
1648639186, 127, 140, 282, 147, 17, 7.03%, 0, 0, 11, 48.34, 122513
1648639196, 127, 222, 283, 147, 16, 7.03%, 0, 0, 11, 46.07, 122960
1648639201, 127, 222, 285, 149, 16, 7.03%, 0, 0, 11, 50.00, 123219
1648639216, 128, 184, 285, 149, 16, 7.03%, 0, 0, 11, 16.70, 123888
1648639227, 128, 184, 286, 150, 16, 7.03%, 0, 0, 11, 33.51, 124235
1648639232, 131, 53, 286, 149, 0, 7.03%, 0, 0, 11, 39.41, 124440
1648639258, 131, 147, 286, 149, 0, 7.03%, 0, 0, 11, 15.89, 124728
1648639268, 131, 273, 287, 149, 0, 7.03%, 0, 0, 11, 6.91, 125025
1648639335, 132, 237, 287, 148, 4, 7.03%, 0, 0, 11, 12.69, 125683
1648639340, 132, 237, 288, 149, 4, 7.04%, 0, 0, 11, 18.00, 125781
1648639360, 132, 250, 288, 148, 0, 7.04%, 0, 0, 11, 25.07, 126297
1648639406, 133, 247, 288, 148, 0, 7.04%, 0, 0, 11, 26.15, 127471
1648639447, 134, 257, 289, 149, 0, 7.04%, 0, 0, 11, 29.20, 128590
1648639472, 135, 248, 289, 149, 0, 7.04%, 0, 0, 11, 38.64, 129843
1648639513, 136, 52, 289, 149, 0, 7.04%, 0, 0, 11, 46.82, 131161
1648639518, 136, 149, 289, 149, 0, 7.04%, 0, 0, 11, 34.33, 131330
1648639529, 137, 59, 289, 148, 0, 7.04%, 0, 0, 11, 35.40, 131667
1648639559, 137, 260, 289, 148, 0, 7.04%, 0, 0, 11, 15.86, 132012
1648639605, 138, 251, 289, 148, 0, 7.04%, 0, 0, 11, 25.32, 133247
1648639651, 139, 60, 289, 148, 0, 7.04%, 0, 0, 11, 17.53, 134358
1648639677, 139, 97, 289, 147, 0, 7.04%, 0, 0, 11, 18.35, 134675
1648639702, 140, 154, 289, 147, 0, 7.04%, 0, 0, 11, 35.03, 135142
1648639713, 140, 278, 289, 146, 0, 7.04%, 0, 0, 11, 31.03, 135517
1648639753, 143, 189, 290, 146, 0, 7.04%, 0, 0, 11, 42.61, 136709
1648639769, 144, 90, 290, 146, 0, 7.04%, 0, 0, 11, 5.38, 137497
1648639784, 145, 70, 290, 146, 0, 7.04%, 0, 0, 11, 11.90, 137754
1648639804, 146, 39, 290, 145, 0, 7.04%, 0, 0, 11, 15.62, 138049
1648639830, 146, 159, 292, 147, 16, 7.04%, 0, 0, 11, 26.43, 138387
1648639835, 146, 159, 293, 148, 16, 7.04%, 0, 0, 11, 35.90, 138580
1648639850, 146, 159, 295, 150, 16, 7.04%, 0, 0, 11, 38.38, 139179
1648639855, 147, 74, 295, 149, 1, 7.04%, 0, 0, 11, 43.60, 139400
1648639861, 147, 130, 295, 149, 1, 7.04%, 0, 0, 11, 25.72, 139520
1648639897, 148, 98, 295, 148, 0, 7.04%, 0, 0, 11, 16.80, 139960
1648639922, 150, 175, 296, 149, 0, 7.04%, 0, 0, 11, 17.01, 140263
1648639927, 150, 175, 297, 150, 0, 7.04%, 0, 0, 11, 27.94, 140411
1648639938, 151, 188, 297, 149, 0, 7.04%, 0, 0, 11, 41.51, 140840
1648639948, 153, 57, 297, 148, 0, 7.04%, 0, 0, 11, 6.78, 141110
1648639989, 153, 194, 297, 148, 0, 7.04%, 0, 0, 11, 35.11, 141482
1648640010, 154, 61, 298, 148, 0, 7.04%, 0, 0, 11, 4.26, 142211
1648640041, 155, 247, 298, 147, 0, 7.04%, 0, 0, 11, 16.71, 142549
1648640087, 156, 251, 298, 147, 0, 7.04%, 0, 0, 11, 25.45, 143794
1648640133, 157, 55, 298, 147, 0, 7.04%, 0, 0, 11, 47.38, 145082
1648640138, 157, 195, 299, 148, 0, 7.04%, 0, 0, 11, 33.34, 145231
1648640143, 157, 195, 301, 150, 0, 7.04%, 0, 0, 11, 27.07, 145363
1648640148, 157, 195, 302, 151, 0, 7.04%, 0, 0, 11, 37.65, 145553
1648640153, 158, 200, 302, 150, 0, 7.04%, 0, 0, 11, 43.00, 145780
1648640169, 159, 119, 302, 149, 0, 7.04%, 0, 0, 11, 23.74, 146277
1648640174, 159, 119, 303, 150, 0, 7.04%, 0, 0, 11, 20.66, 146370
1648640184, 159, 251, 303, 149, 0, 7.04%, 0, 0, 11, 25.78, 146643
1648640230, 160, 121, 303, 149, 0, 7.04%, 0, 0, 11, 17.71, 147758
1648640276, 161, 248, 303, 148, 0, 7.04%, 0, 0, 11, 19.01, 148122
1648640317, 161, 250, 303, 148, 0, 7.04%, 0, 0, 11, 25.97, 149335
1648640363, 162, 168, 303, 148, 0, 7.04%, 0, 0, 11, 4.52, 150413
1648640425, 162, 227, 304, 148, 5, 7.04%, 0, 0, 11, 6.12, 150705
1648640471, 162, 281, 304, 147, 4, 7.04%, 0, 0, 11, 27.06, 151967
1648640511, 163, 251, 304, 146, 4, 7.04%, 0, 0, 11, 25.71, 153065
1648640557, 164, 213, 305, 147, 4, 7.04%, 0, 0, 11, 27.92, 154235
1648640562, 164, 213, 307, 149, 4, 7.04%, 0, 0, 11, 37.74, 154440
1648640573, 165, 216, 307, 148, 0, 7.04%, 0, 0, 11, 7.56, 154770
1648640578, 165, 216, 308, 149, 0, 7.04%, 0, 0, 11, 10.12, 154827
1648640598, 165, 247, 309, 149, 1, 7.04%, 0, 0, 11, 32.61, 155157
1648640603, 165, 247, 310, 150, 1, 7.04%, 0, 0, 11, 47.06, 155418
1648640624, 167, 219, 310, 150, 0, 7.04%, 0, 0, 11, 43.80, 156411
1648640629, 167, 219, 311, 151, 0, 7.04%, 0, 0, 11, 41.41, 156619
1648640634, 167, 235, 311, 150, 0, 7.04%, 0, 0, 11, 32.10, 156782
1648640644, 169, 222, 311, 149, 0, 7.04%, 0, 0, 11, 32.29, 157098
1648640649, 169, 222, 312, 150, 0, 7.04%, 0, 0, 11, 36.01, 157289
1648640665, 170, 248, 312, 150, 0, 7.04%, 0, 0, 11, 38.64, 157892
1648640705, 172, 126, 312, 150, 0, 7.04%, 0, 0, 11, 24.89, 159090
1648640726, 172, 303, 313, 151, 0, 7.04%, 0, 0, 11, 4.14, 159497
1648640794, 173, 80, 313, 150, 0, 7.04%, 0, 0, 11, 40.95, 160011
1648640799, 173, 260, 313, 150, 0, 7.04%, 0, 0, 11, 36.82, 160213
1648640845, 174, 224, 314, 151, 0, 7.06%, 0, 0, 11, 32.71, 161503
1648640865, 175, 136, 314, 150, 5, 7.06%, 0, 0, 11, 32.29, 162259
1648640871, 175, 136, 315, 151, 5, 7.06%, 0, 0, 11, 28.01, 162391
1648640881, 175, 225, 315, 151, 22, 7.06%, 0, 0, 11, 34.44, 162717
1648640901, 176, 160, 316, 151, 21, 7.06%, 0, 0, 11, 37.66, 163465
1648640916, 176, 230, 316, 151, 0, 7.06%, 0, 0, 11, 41.02, 164160
1648640932, 176, 230, 318, 153, 0, 7.09%, 0, 0, 11, 32.97, 164705
1648640952, 176, 237, 318, 153, 3, 7.09%, 0, 0, 11, 38.90, 165444
1648640962, 176, 253, 318, 153, 3, 7.09%, 0, 0, 11, 39.05, 165844
1648640977, 177, 238, 318, 153, 3, 7.09%, 0, 0, 11, 29.23, 166339
1648640988, 180, 63, 319, 153, 2, 7.09%, 0, 0, 11, 8.09, 166595
1648641013, 180, 288, 319, 153, 1, 7.09%, 0, 0, 11, 14.49, 166860
1648641059, 181, 241, 321, 154, 0, 7.09%, 0, 0, 11, 24.94, 168084
1648641069, 181, 241, 322, 155, 0, 7.09%, 0, 0, 11, 38.26, 168425
1648641079, 183, 52, 322, 154, 0, 7.09%, 0, 0, 11, 34.01, 168773
1648641100, 183, 257, 322, 154, 0, 7.09%, 0, 0, 11, 15.10, 168998
1648641146, 184, 243, 322, 154, 0, 7.09%, 0, 0, 11, 28.17, 170255
1648641151, 184, 243, 323, 155, 0, 7.09%, 0, 0, 11, 33.05, 170443
1648641156, 184, 278, 323, 154, 0, 7.09%, 0, 0, 11, 29.12, 170586
1648641197, 184, 310, 323, 154, 0, 7.09%, 0, 0, 11, 26.62, 171698
1648641227, 186, 85, 323, 153, 0, 7.09%, 0, 0, 11, 26.94, 172540
1648641248, 187, 251, 323, 153, 0, 7.09%, 0, 0, 11, 19.81, 172868
1648641278, 187, 298, 323, 153, 0, 7.09%, 0, 0, 11, 37.67, 174026
1648641283, 187, 298, 325, 155, 0, 7.09%, 0, 0, 11, 27.97, 174156
1648641299, 189, 64, 325, 154, 0, 7.09%, 0, 0, 11, 9.76, 174684
1648641324, 189, 182, 325, 154, 0, 7.09%, 0, 0, 11, 9.46, 174930
1648641360, 189, 190, 325, 154, 0, 7.09%, 0, 0, 11, 20.35, 175621
1648641391, 190, 228, 326, 155, 0, 7.09%, 0, 0, 11, 45.25, 176365
1648641401, 190, 228, 327, 156, 0, 7.09%, 0, 0, 11, 53.63, 176920
1648641412, 191, 322, 327, 156, 0, 7.09%, 0, 0, 11, 37.83, 177389
1648641417, 191, 322, 328, 157, 0, 7.09%, 0, 0, 11, 24.89, 177493
1648641427, 192, 237, 329, 157, 5, 7.09%, 0, 0, 11, 30.29, 177828
1648641437, 192, 237, 330, 158, 5, 7.09%, 0, 0, 11, 24.12, 178045
1648641452, 192, 264, 331, 159, 1, 7.09%, 0, 0, 11, 4.72, 178375
1648641514, 193, 203, 331, 158, 0, 7.09%, 0, 0, 11, 49.23, 178744
1648641534, 194, 46, 331, 158, 0, 7.09%, 0, 0, 11, 49.31, 179760
1648641539, 194, 59, 331, 158, 0, 7.09%, 0, 0, 11, 23.82, 179840
1648641565, 194, 310, 331, 158, 0, 7.09%, 0, 0, 11, 35.34, 180231
1648641580, 195, 84, 331, 158, 0, 7.09%, 0, 0, 11, 9.43, 180987
1648641616, 195, 324, 332, 159, 0, 7.09%, 0, 0, 11, 13.99, 181264
1648641621, 195, 324, 333, 160, 0, 7.09%, 0, 0, 11, 21.64, 181384
1648641626, 195, 324, 334, 161, 0, 7.09%, 0, 0, 11, 29.05, 181527
1648641632, 195, 324, 335, 162, 0, 7.10%, 0, 0, 11, 39.16, 181739
1648641637, 196, 334, 337, 163, 1, 7.10%, 0, 0, 11, 39.18, 181944
1648641668, 197, 108, 337, 162, 22, 7.10%, 0, 0, 11, 36.57, 183099
1648641688, 197, 310, 337, 162, 22, 7.10%, 0, 0, 11, 31.47, 183850
1648641718, 198, 161, 337, 162, 22, 7.10%, 0, 0, 11, 36.03, 184721
1648641739, 198, 189, 337, 162, 22, 7.10%, 0, 0, 11, 28.63, 185517
1648641769, 198, 238, 338, 163, 22, 7.10%, 0, 0, 11, 26.99, 186361
1648641785, 199, 281, 338, 163, 0, 7.10%, 0, 0, 11, 27.41, 186775
1648641831, 200, 230, 339, 164, 0, 7.10%, 0, 0, 11, 24.74, 187997
1648641876, 200, 239, 339, 164, 7, 7.10%, 0, 0, 11, 24.93, 189143
1648641887, 201, 113, 339, 163, 6, 7.10%, 0, 0, 11, 31.32, 189446
1648641897, 203, 130, 339, 163, 6, 7.10%, 0, 0, 11, 34.71, 189789
1648641907, 203, 325, 339, 163, 6, 7.10%, 0, 0, 11, 28.71, 190085
1648641947, 204, 250, 339, 162, 6, 7.10%, 0, 0, 11, 24.70, 191184
1648641993, 205, 74, 339, 162, 6, 7.10%, 0, 0, 11, 31.20, 192385
1648641998, 206, 242, 339, 162, 6, 7.10%, 0, 0, 11, 41.20, 192616
1648642014, 206, 242, 340, 163, 6, 7.10%, 0, 0, 11, 27.18, 193009
1648642024, 207, 134, 340, 163, 6, 7.10%, 0, 0, 11, 32.31, 193337
1648642034, 207, 310, 340, 163, 6, 7.10%, 0, 0, 11, 30.02, 193670
1648642065, 208, 290, 340, 163, 6, 7.10%, 0, 0, 11, 29.32, 194504
1648642075, 210, 143, 340, 162, 5, 7.10%, 0, 0, 11, 35.17, 194877
1648642080, 211, 65, 340, 161, 4, 7.10%, 0, 0, 11, 9.85, 195060
1648642111, 211, 250, 340, 161, 4, 7.10%, 0, 0, 11, 21.88, 195447
1648642152, 212, 146, 340, 161, 4, 7.10%, 0, 0, 11, 26.54, 196496
1648642162, 213, 250, 340, 160, 3, 7.10%, 0, 0, 11, 29.48, 196852
1648642208, 215, 307, 340, 160, 3, 7.10%, 0, 0, 11, 16.50, 197976
1648642280, 216, 285, 340, 159, 2, 7.10%, 0, 0, 11, 41.57, 198591
1648642285, 216, 285, 341, 160, 2, 7.10%, 0, 0, 11, 26.90, 198704
1648642296, 216, 310, 341, 159, 0, 7.10%, 0, 0, 11, 24.71, 198924
1648642332, 217, 156, 341, 159, 0, 7.10%, 0, 0, 11, 33.26, 199913
1648642337, 218, 157, 341, 158, 0, 7.10%, 0, 0, 11, 38.99, 200120
1648642347, 219, 50, 341, 157, 0, 7.10%, 0, 0, 11, 41.01, 200525
1648642363, 219, 278, 341, 157, 0, 7.10%, 0, 0, 11, 18.74, 200752
1648642408, 220, 55, 341, 157, 0, 7.10%, 0, 0, 11, 44.51, 202098
1648642414, 221, 39, 341, 157, 0, 7.10%, 0, 0, 11, 5.62, 202199
1648642465, 221, 159, 341, 157, 0, 7.10%, 0, 0, 11, 44.46, 202485
1648642491, 222, 203, 341, 157, 0, 7.10%, 0, 0, 11, 30.53, 203432
1648642521, 223, 162, 341, 157, 0, 7.10%, 0, 0, 11, 29.59, 204273
1648642531, 224, 61, 341, 157, 0, 7.10%, 0, 0, 11, 38.51, 204669
1648642536, 224, 174, 341, 157, 0, 7.10%, 0, 0, 11, 34.62, 204854
1648642552, 225, 228, 341, 156, 0, 7.10%, 0, 0, 11, 29.85, 205351
1648642592, 226, 175, 341, 156, 0, 7.10%, 0, 0, 11, 26.37, 206446
1648642608, 227, 69, 341, 156, 0, 7.10%, 0, 0, 11, 8.50, 206937
1648642618, 228, 52, 341, 156, 0, 7.10%, 0, 0, 11, 21.86, 207124
1648642628, 228, 283, 341, 156, 0, 7.10%, 0, 0, 11, 30.69, 207478
1648642669, 229, 189, 341, 155, 0, 7.10%, 0, 0, 11, 32.04, 208597
1648642679, 230, 64, 341, 155, 0, 7.10%, 0, 0, 11, 7.37, 209019
1648642704, 230, 133, 341, 155, 0, 7.10%, 0, 0, 11, 20.75, 209318
1648642715, 231, 69, 341, 155, 0, 7.10%, 0, 0, 11, 10.66, 209617
1648642730, 232, 72, 341, 155, 0, 7.10%, 0, 0, 11, 13.75, 209829
1648642755, 233, 192, 341, 155, 0, 7.10%, 0, 0, 11, 4.86, 210118
1648642822, 234, 176, 341, 155, 0, 7.10%, 0, 0, 11, 14.87, 210782
1648642837, 234, 284, 341, 154, 0, 7.10%, 0, 0, 11, 29.80, 211325
1648642877, 235, 67, 341, 153, 0, 7.10%, 0, 0, 11, 28.71, 212431
1648642898, 235, 283, 341, 152, 0, 7.10%, 0, 0, 11, 20.72, 212745
1648642939, 237, 182, 341, 152, 0, 7.10%, 0, 0, 11, 27.43, 213861
1648642944, 237, 182, 342, 153, 0, 7.10%, 0, 0, 11, 28.58, 213994
1648642959, 237, 248, 342, 153, 0, 7.10%, 0, 0, 11, 34.62, 214576
1648643000, 238, 216, 342, 153, 0, 7.10%, 0, 0, 11, 7.70, 215741
1648643026, 238, 309, 342, 153, 0, 7.10%, 0, 0, 11, 12.52, 216023
1648643071, 239, 191, 342, 152, 4294967295, 7.10%, 0, 0, 11, 31.13, 217292
1648643082, 240, 220, 342, 151, 4294967294, 7.10%, 0, 0, 11, 38.04, 217671
1648643092, 242, 0, 342, 150, 4294967293, 7.10%, 0, 0, 11, 44.96, 218031
1648643102, 242, 74, 342, 150, 4294967293, 7.10%, 0, 0, 11, 16.98, 218245
1648643123, 242, 161, 342, 150, 4294967293, 7.10%, 0, 0, 11, 36.16, 218647
1648643148, 242, 227, 342, 150, 4294967293, 7.10%, 0, 0, 11, 31.18, 219390
1648643163, 242, 227, 343, 151, 4294967293, 7.10%, 0, 0, 11, 37.78, 219972
1648643179, 243, 260, 343, 151, 0, 7.10%, 0, 0, 11, 35.13, 220550
1648643224, 244, 128, 343, 151, 0, 7.10%, 0, 0, 11, 15.75, 221737
1648643260, 245, 89, 343, 150, 0, 7.10%, 0, 0, 11, 9.56, 222058
1648643271, 245, 245, 345, 152, 0, 7.10%, 0, 0, 11, 25.61, 222387
1648643281, 245, 245, 346, 153, 0, 7.10%, 0, 0, 11, 34.15, 222736
1648643286, 247, 87, 347, 153, 0, 7.10%, 0, 0, 11, 4.44, 222787
1648643337, 247, 87, 348, 154, 0, 7.10%, 0, 0, 11, 4.55, 223018
1648643342, 247, 259, 348, 154, 16, 7.10%, 0, 0, 11, 37.18, 223109
1648643352, 247, 259, 349, 155, 16, 7.11%, 0, 0, 11, 37.49, 223488
1648643363, 247, 259, 350, 156, 16, 7.11%, 0, 0, 11, 37.06, 223882
1648643373, 248, 238, 350, 155, 6, 7.11%, 0, 0, 11, 35.29, 224251
1648643388, 249, 260, 350, 155, 6, 7.11%, 0, 0, 11, 32.71, 224692
1648643393, 249, 260, 351, 156, 6, 7.11%, 0, 0, 11, 34.78, 224875
1648643419, 250, 303, 351, 156, 0, 7.11%, 0, 0, 11, 33.45, 225818
1648643429, 251, 246, 351, 156, 0, 7.11%, 0, 0, 11, 31.19, 226136
1648643470, 252, 327, 351, 156, 0, 7.11%, 0, 0, 11, 27.46, 227266
1648643480, 252, 327, 352, 157, 0, 7.11%, 0, 0, 11, 24.02, 227506
1648643495, 253, 231, 352, 156, 0, 7.11%, 0, 0, 11, 19.58, 228002
1648643541, 253, 328, 353, 157, 0, 7.11%, 0, 0, 11, 29.54, 229181
1648643567, 254, 247, 353, 156, 0, 7.11%, 0, 0, 11, 33.68, 230150
1648643608, 254, 317, 353, 156, 0, 7.11%, 0, 0, 11, 4.75, 231253
1648643705, 256, 250, 353, 155, 4294967295, 7.11%, 0, 0, 11, 19.48, 232313
1648643751, 256, 334, 353, 155, 4294967295, 7.11%, 0, 0, 11, 31.73, 233507
1648643782, 256, 341, 353, 155, 4294967295, 7.11%, 0, 0, 11, 36.20, 234662
1648643797, 259, 342, 354, 155, 4294967294, 7.12%, 0, 0, 11, 41.21, 235264
1648643802, 259, 342, 355, 156, 4294967294, 7.12%, 0, 0, 11, 35.94, 235444
1648643828, 260, 4, 355, 155, 0, 7.12%, 0, 0, 11, 38.41, 236437
1648643838, 260, 53, 355, 155, 0, 7.12%, 0, 0, 11, 39.80, 236817
1648643843, 261, 6, 355, 155, 0, 7.12%, 0, 0, 11, 41.84, 237033
1648643848, 262, 56, 355, 155, 0, 7.12%, 0, 0, 11, 32.80, 237215
1648643879, 262, 87, 355, 155, 0, 7.12%, 0, 0, 11, 6.49, 237496
1648643930, 263, 75, 355, 155, 0, 7.12%, 0, 0, 11, 45.05, 237743
1648643940, 264, 8, 355, 154, 0, 7.12%, 0, 0, 11, 33.19, 238119
1648643945, 265, 63, 355, 153, 0, 7.12%, 0, 0, 11, 40.31, 238336
1648643956, 266, 70, 355, 153, 0, 7.12%, 0, 0, 11, 42.42, 238798
1648643961, 266, 317, 355, 153, 0, 7.12%, 0, 0, 11, 10.25, 238905
1648644053, 267, 168, 355, 153, 0, 7.12%, 0, 0, 11, 11.26, 239872
1648644089, 267, 250, 355, 153, 0, 7.12%, 0, 0, 11, 20.01, 240274
1648644136, 267, 339, 357, 155, 0, 7.12%, 0, 0, 11, 21.92, 241429
1648644146, 269, 248, 357, 154, 0, 7.12%, 0, 0, 11, 28.76, 241723
1648644186, 270, 20, 357, 154, 0, 7.12%, 0, 0, 11, 37.36, 242986
1648644192, 270, 284, 357, 154, 0, 7.12%, 0, 0, 11, 35.72, 243181
1648644233, 272, 22, 357, 154, 0, 7.12%, 0, 0, 11, 29.15, 244324
1648644243, 272, 84, 357, 154, 0, 7.12%, 0, 0, 11, 7.22, 244602
1648644279, 273, 25, 357, 154, 0, 7.12%, 0, 0, 11, 32.41, 244935
1648644284, 274, 28, 357, 154, 0, 7.12%, 0, 0, 11, 33.31, 245103
1648644295, 274, 248, 357, 154, 0, 7.12%, 0, 0, 11, 32.31, 245471
1648644330, 275, 98, 357, 154, 0, 7.12%, 0, 0, 11, 30.71, 246543
1648644340, 276, 88, 357, 154, 0, 7.12%, 0, 0, 11, 4.77, 246798
1648644392, 276, 303, 357, 154, 0, 7.12%, 0, 0, 11, 5.24, 247049
1648644469, 277, 37, 357, 154, 0, 7.12%, 0, 0, 11, 39.03, 247555
1648644474, 277, 39, 357, 154, 0, 7.12%, 0, 0, 11, 42.45, 247774
1648644479, 277, 251, 357, 154, 0, 7.12%, 0, 0, 11, 37.49, 247972
1648644525, 278, 88, 357, 154, 0, 7.12%, 0, 0, 11, 3.85, 249124
1648644581, 279, 43, 357, 154, 0, 7.12%, 0, 0, 11, 18.46, 249457
1648644591, 280, 230, 357, 153, 0, 7.12%, 0, 0, 11, 25.08, 249737
1648644637, 281, 47, 357, 153, 0, 7.12%, 0, 0, 11, 37.39, 250958
1648644642, 281, 260, 357, 153, 0, 7.12%, 0, 0, 11, 32.38, 251126
1648644683, 283, 55, 357, 153, 0, 7.12%, 0, 0, 11, 26.89, 252233
1648644698, 283, 77, 357, 153, 0, 7.12%, 0, 0, 11, 32.64, 252634
1648644703, 284, 69, 357, 152, 0, 7.12%, 0, 0, 11, 31.51, 252809
1648644724, 284, 310, 357, 152, 0, 7.12%, 0, 0, 11, 21.28, 253133
1648644754, 286, 81, 357, 152, 0, 7.12%, 0, 0, 11, 32.37, 253982
1648644760, 286, 140, 357, 151, 0, 7.12%, 0, 0, 11, 40.62, 254198
1648644770, 286, 342, 357, 151, 0, 7.12%, 0, 0, 11, 40.95, 254627
1648644836, 287, 193, 357, 151, 0, 7.12%, 0, 0, 11, 15.50, 257010
1648644866, 288, 84, 357, 151, 0, 7.12%, 0, 0, 11, 26.73, 257840
1648644871, 288, 84, 358, 152, 0, 7.12%, 0, 0, 11, 5.98, 257874
1648644907, 288, 151, 358, 152, 0, 7.12%, 0, 0, 11, 41.15, 258145
1648644917, 288, 251, 358, 151, 0, 7.12%, 0, 0, 11, 44.07, 258581
1648644943, 289, 231, 358, 151, 0, 7.12%, 0, 0, 11, 33.41, 259807
1648644989, 290, 99, 358, 151, 0, 7.12%, 0, 0, 11, 22.17, 260960
1648645020, 290, 217, 358, 151, 0, 7.12%, 0, 0, 11, 23.60, 261579
1648645030, 291, 114, 358, 151, 0, 7.12%, 0, 0, 11, 12.15, 261860
1648645045, 291, 155, 358, 151, 0, 7.12%, 0, 0, 11, 36.45, 262347
1648645051, 292, 39, 358, 150, 0, 7.12%, 0, 0, 11, 5.92, 262538
1648645061, 292, 158, 358, 150, 0, 7.12%, 0, 0, 11, 43.50, 262935
1648645071, 294, 196, 359, 150, 0, 7.12%, 0, 0, 11, 30.02, 263303
1648645076, 294, 196, 360, 151, 0, 7.12%, 0, 0, 11, 29.95, 263446
1648645086, 295, 260, 360, 150, 0, 7.12%, 0, 0, 11, 32.65, 263822
1648645132, 297, 64, 360, 150, 0, 7.12%, 0, 0, 11, 41.42, 265154
1648645137, 298, 86, 360, 150, 0, 7.12%, 0, 0, 11, 7.01, 265256
1648645183, 299, 84, 360, 149, 0, 7.12%, 0, 0, 11, 5.94, 265541
1648645220, 300, 281, 360, 149, 0, 7.12%, 0, 0, 11, 18.80, 265874
1648645260, 301, 250, 360, 149, 0, 7.12%, 0, 0, 11, 27.27, 266968
1648645306, 302, 145, 360, 149, 0, 7.12%, 0, 0, 11, 24.42, 268140
1648645336, 302, 197, 361, 149, 0, 7.12%, 0, 0, 11, 28.53, 268900
1648645352, 302, 197, 362, 150, 0, 7.12%, 0, 0, 11, 21.41, 269316
1648645357, 303, 46, 362, 149, 0, 7.12%, 0, 0, 11, 39.05, 269518
1648645362, 303, 100, 362, 149, 0, 7.12%, 0, 0, 11, 41.25, 269743
1648645429, 304, 46, 362, 149, 0, 7.12%, 0, 0, 11, 48.30, 270509
1648645434, 305, 128, 362, 149, 0, 7.12%, 0, 0, 11, 21.47, 270598
1648645469, 306, 97, 362, 149, 0, 7.12%, 0, 0, 11, 18.70, 270960
1648645479, 306, 202, 362, 149, 0, 7.12%, 0, 0, 11, 36.73, 271349
1648645500, 307, 72, 362, 148, 0, 7.12%, 0, 0, 11, 42.51, 272154
1648645505, 307, 251, 362, 148, 0, 7.12%, 0, 0, 11, 38.69, 272367
1648645551, 307, 288, 362, 148, 0, 7.12%, 0, 0, 11, 25.33, 273546
1648645597, 307, 325, 362, 148, 0, 7.12%, 0, 0, 11, 26.56, 274781
1648645638, 308, 226, 362, 148, 0, 7.12%, 0, 0, 11, 31.33, 275905
1648645663, 308, 310, 362, 147, 0, 7.12%, 0, 0, 11, 27.67, 276850
1648645694, 309, 250, 362, 147, 0, 7.12%, 0, 0, 11, 25.93, 277668
1648645740, 310, 189, 362, 147, 0, 7.12%, 0, 0, 11, 26.37, 278858
1648645755, 311, 88, 362, 147, 0, 7.12%, 0, 0, 11, 32.65, 279292
1648645765, 311, 192, 362, 147, 0, 7.12%, 0, 0, 11, 7.08, 279478
1648645832, 311, 309, 362, 147, 0, 7.12%, 0, 0, 11, 19.03, 280173
1648645872, 311, 310, 362, 147, 0, 7.12%, 0, 0, 11, 27.29, 281272
1648645908, 312, 248, 362, 147, 0, 7.12%, 0, 0, 11, 28.27, 282246
1648645944, 313, 257, 362, 147, 0, 7.12%, 0, 0, 11, 31.00, 283329
1648645975, 313, 274, 362, 147, 0, 7.12%, 0, 0, 11, 40.12, 284504
1648645985, 313, 274, 363, 148, 0, 7.12%, 0, 0, 11, 36.42, 284867
1648646005, 313, 274, 364, 149, 0, 7.12%, 0, 0, 11, 35.65, 285585
1648646010, 314, 284, 364, 148, 0, 7.12%, 0, 0, 11, 30.47, 285744
1648646051, 314, 291, 364, 148, 0, 7.12%, 0, 0, 11, 30.55, 286882
1648646067, 315, 88, 364, 147, 0, 7.12%, 0, 0, 11, 4.77, 287500
1648646123, 316, 39, 364, 147, 0, 7.12%, 0, 0, 11, 34.41, 287891
1648646128, 316, 292, 365, 148, 0, 7.12%, 0, 0, 11, 35.34, 288084
1648646133, 316, 292, 367, 150, 0, 7.12%, 0, 0, 11, 38.81, 288283
1648646154, 317, 161, 367, 149, 1, 7.12%, 0, 0, 11, 40.90, 289105
1648646179, 317, 304, 367, 149, 1, 7.12%, 0, 0, 11, 28.75, 289786
1648646184, 317, 304, 368, 150, 1, 7.12%, 0, 0, 11, 38.76, 289992
1648646194, 318, 250, 368, 149, 0, 7.12%, 0, 0, 11, 25.88, 290344
1648646240, 318, 305, 368, 149, 0, 7.12%, 0, 0, 11, 37.83, 291588
1648646250, 319, 257, 368, 148, 0, 7.12%, 0, 0, 11, 51.35, 292078
1648646271, 320, 106, 368, 148, 0, 7.12%, 0, 0, 11, 12.30, 293064
1648646347, 321, 103, 368, 148, 0, 7.12%, 0, 0, 11, 14.47, 294214
1648646373, 321, 319, 368, 148, 0, 7.12%, 0, 0, 11, 25.18, 294664
1648646384, 323, 320, 370, 149, 0, 7.12%, 0, 0, 11, 28.97, 295005
1648646389, 323, 320, 371, 150, 0, 7.12%, 0, 0, 11, 26.26, 295134
1648646399, 324, 331, 371, 149, 0, 7.12%, 0, 0, 11, 39.57, 295517
1648646404, 324, 331, 373, 151, 0, 7.12%, 0, 0, 11, 26.97, 295637
1648646414, 325, 336, 373, 150, 0, 7.12%, 0, 0, 11, 37.83, 296025
1648646425, 325, 336, 374, 151, 0, 7.12%, 0, 0, 12, 37.13, 296398
1648646440, 325, 336, 375, 152, 0, 7.13%, 0, 0, 12, 37.16, 296967
1648646450, 326, 74, 375, 151, 1, 7.13%, 0, 0, 12, 41.50, 297365
1648646455, 327, 348, 375, 151, 1, 7.13%, 0, 0, 12, 45.04, 297603
1648646471, 327, 348, 376, 152, 1, 7.13%, 0, 0, 12, 43.56, 298260
1648646476, 329, 362, 376, 151, 0, 7.13%, 0, 0, 12, 41.79, 298473
1648646481, 329, 362, 377, 152, 0, 7.13%, 0, 0, 12, 35.46, 298648
1648646486, 329, 362, 378, 153, 0, 7.13%, 0, 0, 12, 34.27, 298820
1648646501, 329, 362, 379, 154, 0, 7.13%, 0, 0, 12, 34.57, 299334
1648646512, 330, 88, 379, 153, 0, 7.13%, 0, 0, 12, 0.00, 299669
1648646568, 332, 56, 379, 153, 0, 7.13%, 0, 0, 12, 25.40, 299962
1648646599, 332, 218, 379, 153, 0, 7.13%, 0, 0, 12, 22.61, 300343
1648646609, 332, 342, 380, 153, 0, 7.13%, 0, 0, 12, 30.39, 300656
1648646635, 333, 238, 380, 153, 5, 7.13%, 0, 0, 12, 35.09, 301923
1648646645, 333, 317, 380, 153, 5, 7.13%, 0, 0, 12, 4.20, 302184
1648646743, 334, 364, 380, 153, 5, 7.13%, 0, 0, 12, 33.55, 303338
1648646753, 335, 228, 380, 152, 4, 7.13%, 0, 0, 12, 31.27, 303711
1648646794, 336, 247, 382, 154, 4, 7.13%, 0, 0, 12, 35.95, 304854
1648646799, 336, 247, 383, 155, 4, 7.13%, 0, 0, 12, 48.68, 305118
1648646819, 337, 368, 384, 156, 0, 7.13%, 0, 0, 12, 36.12, 306076
1648646840, 338, 250, 384, 155, 0, 7.13%, 0, 0, 12, 28.28, 306753
1648646881, 339, 377, 384, 155, 0, 7.13%, 0, 0, 12, 25.88, 307806
1648646891, 339, 377, 385, 156, 0, 7.13%, 0, 0, 13, 33.58, 308161
1648646917, 340, 99, 385, 155, 0, 7.13%, 0, 0, 13, 51.16, 309109
1648646927, 340, 357, 385, 155, 0, 7.13%, 0, 0, 13, 30.49, 309455
1648646943, 340, 357, 386, 156, 0, 7.13%, 0, 0, 13, 17.32, 309745
1648646948, 341, 0, 386, 155, 3, 7.13%, 0, 0, 13, 28.74, 309886
1648646958, 341, 374, 386, 155, 3, 7.13%, 0, 0, 13, 9.03, 310038
1648647004, 343, 250, 386, 154, 2, 7.13%, 0, 0, 13, 25.73, 311279
1648647049, 344, 310, 386, 154, 2, 7.13%, 0, 0, 13, 26.60, 312447
1648647080, 345, 44, 386, 154, 2, 7.13%, 0, 0, 13, 35.47, 313342
1648647085, 345, 310, 386, 154, 2, 7.13%, 0, 0, 13, 36.81, 313544
1648647121, 346, 185, 386, 154, 2, 7.13%, 0, 0, 13, 35.30, 314575
1648647126, 346, 208, 386, 154, 2, 7.13%, 0, 0, 13, 35.78, 314762
1648647147, 346, 347, 386, 154, 2, 7.13%, 0, 0, 13, 39.88, 315568
1648647218, 349, 74, 386, 153, 1, 7.13%, 0, 0, 13, 35.42, 315991
1648647223, 349, 231, 386, 153, 1, 7.13%, 0, 0, 13, 42.08, 316211
1648647254, 349, 278, 387, 154, 1, 7.13%, 0, 0, 13, 32.01, 317361
1648647300, 351, 74, 387, 154, 1, 7.13%, 0, 0, 13, 35.59, 318651
1648647305, 351, 252, 387, 154, 1, 7.13%, 0, 0, 13, 39.66, 318875
1648647310, 351, 252, 388, 155, 1, 7.13%, 0, 0, 13, 34.94, 319039
1648647320, 351, 260, 388, 155, 0, 7.13%, 0, 0, 13, 30.29, 319396
1648647361, 352, 280, 388, 155, 0, 7.13%, 0, 0, 13, 29.69, 320534
1648647376, 353, 251, 388, 154, 0, 7.13%, 0, 0, 13, 35.65, 321099
1648647422, 354, 342, 388, 154, 0, 7.13%, 0, 0, 13, 24.37, 322260
1648647468, 355, 58, 388, 154, 0, 7.13%, 0, 0, 13, 4.55, 323441
1648647524, 355, 84, 388, 154, 0, 7.13%, 0, 0, 13, 6.07, 323707
1648647560, 355, 309, 388, 154, 0, 7.13%, 0, 0, 13, 19.15, 324018
1648647601, 356, 55, 388, 154, 0, 7.13%, 0, 0, 13, 31.70, 325152
1648647616, 356, 296, 389, 155, 0, 7.13%, 0, 0, 13, 18.44, 325465
1648647632, 357, 250, 389, 154, 0, 7.13%, 0, 0, 13, 28.84, 325972
1648647677, 358, 344, 391, 156, 0, 7.13%, 0, 0, 13, 22.76, 327125
1648647682, 358, 344, 393, 158, 0, 7.13%, 0, 0, 13, 22.58, 327233
1648647698, 360, 288, 393, 157, 0, 7.13%, 0, 0, 13, 27.35, 327779
1648647739, 361, 282, 394, 158, 0, 7.13%, 0, 0, 13, 32.62, 328925
1648647759, 361, 282, 395, 159, 0, 7.13%, 0, 0, 13, 52.20, 330003
1648647764, 361, 345, 396, 159, 0, 7.13%, 0, 0, 13, 32.34, 330151
1648647769, 361, 345, 397, 160, 0, 7.13%, 0, 0, 13, 23.87, 330251
1648647779, 362, 287, 397, 159, 5, 7.13%, 0, 0, 13, 29.32, 330610
1648647795, 362, 349, 397, 158, 4, 7.13%, 0, 0, 13, 33.96, 331060
1648647825, 363, 257, 397, 157, 3, 7.13%, 0, 0, 13, 32.00, 332207
1648647866, 365, 314, 397, 157, 3, 7.13%, 0, 0, 13, 26.94, 333319
1648647881, 366, 350, 397, 156, 2, 7.13%, 0, 0, 13, 32.88, 333766
1648647912, 368, 74, 397, 155, 1, 7.13%, 0, 0, 13, 41.63, 334973
1648647917, 368, 342, 399, 157, 1, 7.13%, 0, 0, 13, 49.13, 335224
1648647938, 368, 382, 399, 157, 0, 7.13%, 0, 0, 13, 11.04, 336326
1648647984, 370, 354, 399, 156, 0, 7.13%, 0, 0, 13, 33.44, 337619
1648648014, 371, 331, 399, 155, 0, 7.13%, 0, 0, 13, 28.48, 338738
1648648030, 372, 87, 399, 155, 0, 7.13%, 0, 0, 13, 24.29, 339147
1648648086, 375, 247, 399, 155, 0, 7.13%, 0, 0, 13, 27.23, 339449
1648648127, 375, 356, 399, 155, 0, 7.13%, 0, 0, 13, 27.12, 340565
1648648137, 375, 356, 400, 156, 0, 7.13%, 0, 0, 13, 25.50, 340815
1648648152, 377, 60, 400, 155, 0, 7.13%, 0, 0, 13, 31.66, 341276
1648648168, 378, 100, 400, 155, 0, 7.13%, 0, 0, 13, 18.59, 341546
1648648204, 379, 8, 400, 155, 0, 7.13%, 0, 0, 13, 47.28, 341932
1648648209, 379, 361, 400, 155, 0, 7.13%, 0, 0, 13, 37.72, 342129
1648648229, 381, 117, 400, 154, 0, 7.13%, 0, 0, 13, 30.17, 342765
1648648245, 382, 67, 400, 154, 0, 7.13%, 0, 0, 13, 18.21, 343105
1648648265, 382, 72, 400, 154, 0, 7.13%, 0, 0, 13, 38.60, 343526
1648648270, 382, 372, 401, 155, 0, 7.13%, 0, 0, 13, 31.71, 343694
1648648291, 383, 230, 401, 154, 0, 7.13%, 0, 0, 13, 29.92, 344336
1648648337, 384, 373, 401, 154, 0, 7.13%, 0, 0, 13, 29.43, 345494
1648648357, 384, 373, 402, 155, 0, 7.13%, 0, 0, 13, 37.54, 346258
1648648368, 385, 68, 402, 154, 1, 7.13%, 0, 0, 13, 35.62, 346644
1648648383, 386, 208, 402, 154, 1, 7.13%, 0, 0, 13, 20.98, 346986
1648648424, 387, 248, 402, 154, 1, 7.13%, 0, 0, 13, 28.16, 347917
1648648459, 388, 281, 402, 154, 1, 7.13%, 0, 0, 13, 28.48, 348986
1648648505, 390, 231, 402, 154, 1, 7.13%, 0, 0, 13, 25.56, 350212
1648648551, 390, 248, 402, 154, 1, 7.13%, 0, 0, 13, 27.97, 351390
1648648591, 391, 74, 402, 154, 1, 7.13%, 0, 0, 13, 39.48, 352645
1648648601, 391, 238, 403, 155, 3, 7.13%, 0, 0, 13, 20.43, 352832
1648648617, 392, 251, 403, 155, 3, 7.13%, 0, 0, 13, 24.77, 353211
1648648663, 392, 374, 403, 155, 3, 7.13%, 0, 0, 13, 32.60, 354420
1648648693, 392, 375, 403, 155, 3, 7.13%, 0, 0, 13, 40.82, 355589
1648648719, 392, 402, 403, 154, 2, 7.13%, 0, 0, 13, 27.43, 356586
1648648760, 393, 189, 403, 153, 1, 7.13%, 0, 0, 13, 17.43, 357135
1648648775, 393, 342, 403, 153, 1, 7.13%, 0, 0, 13, 49.30, 357685
1648648796, 394, 248, 403, 153, 1, 7.13%, 0, 0, 13, 36.77, 358709
1648648831, 395, 184, 403, 153, 1, 7.13%, 0, 0, 13, 26.96, 359765
1648648934, 395, 387, 403, 153, 1, 7.13%, 0, 0, 13, 36.61, 360560
1648648965, 396, 288, 403, 152, 0, 7.13%, 0, 0, 13, 30.53, 361700
1648649006, 396, 402, 403, 152, 0, 7.13%, 0, 0, 13, 10.80, 362779
1648649057, 397, 388, 404, 153, 0, 7.13%, 0, 0, 13, 24.32, 363523
1648649062, 397, 388, 405, 154, 0, 7.13%, 0, 0, 13, 34.17, 363693
1648649067, 399, 108, 406, 154, 0, 7.13%, 0, 0, 13, 10.11, 363862
1648649098, 399, 325, 406, 154, 0, 7.13%, 0, 0, 13, 19.74, 364340
1648649144, 400, 203, 406, 154, 0, 7.13%, 0, 0, 13, 27.43, 365585
1648649175, 400, 385, 407, 155, 0, 7.13%, 0, 0, 13, 3.69, 366357
1648649211, 400, 405, 407, 154, 15, 7.13%, 0, 0, 13, 15.78, 366695
1648649226, 402, 4, 407, 153, 14, 7.13%, 0, 0, 13, 39.56, 367275
1648649232, 402, 22, 407, 153, 14, 7.13%, 0, 0, 13, 42.75, 367499
1648649237, 402, 341, 407, 153, 14, 7.13%, 0, 0, 13, 35.61, 367681
1648649308, 403, 80, 407, 153, 14, 7.13%, 0, 0, 13, 17.01, 368933
1648649313, 403, 211, 407, 153, 14, 7.13%, 0, 0, 13, 37.95, 369157
1648649328, 405, 402, 407, 153, 14, 7.13%, 0, 0, 13, 13.36, 369627
1648649379, 406, 260, 407, 153, 14, 7.13%, 0, 0, 13, 31.53, 370406
1648649410, 407, 317, 407, 153, 14, 7.13%, 0, 0, 13, 35.46, 371560
1648649441, 407, 337, 407, 153, 14, 7.13%, 0, 0, 13, 26.80, 372405
1648649446, 407, 337, 408, 154, 14, 7.13%, 0, 0, 13, 24.21, 372529
1648649461, 407, 340, 409, 154, 3, 7.13%, 0, 0, 13, 24.56, 372954
1648649466, 407, 340, 410, 155, 3, 7.13%, 0, 0, 13, 23.47, 373055
1648649477, 408, 261, 410, 154, 14, 7.13%, 0, 0, 13, 34.48, 373372
1648649492, 408, 261, 411, 155, 14, 7.13%, 0, 0, 13, 44.04, 374021
1648649502, 409, 74, 411, 154, 1, 7.13%, 0, 0, 13, 41.88, 374442
1648649517, 410, 262, 411, 154, 1, 7.13%, 0, 0, 13, 41.27, 374910
1648649528, 410, 262, 412, 155, 1, 7.13%, 0, 0, 13, 38.49, 375311
1648649548, 411, 349, 412, 154, 1, 7.13%, 0, 0, 13, 33.86, 376106
1648649589, 412, 270, 412, 154, 1, 7.13%, 0, 0, 13, 28.14, 377239
1648649605, 412, 270, 413, 155, 1, 7.13%, 0, 0, 13, 29.54, 377714
1648649615, 412, 286, 413, 154, 12, 7.13%, 0, 0, 13, 27.46, 378022
1648649635, 413, 161, 413, 153, 11, 7.13%, 0, 0, 13, 33.23, 378625
1648649645, 413, 309, 413, 153, 11, 7.13%, 0, 0, 13, 36.06, 379080
