# unix_time, cycles_done, cur_path, paths_total, pending_total, pending_favs, map_size, unique_crashes, unique_hangs, max_depth, execs_per_sec, total_execs
1648633366, 0, 0, 14, 14, 12, 1.02%, 0, 0, 2, 10.44, 137
1648633371, 0, 0, 17, 17, 12, 1.03%, 0, 0, 2, 9.39, 183
1648633376, 0, 0, 20, 20, 12, 1.03%, 0, 0, 2, 8.18, 222
1648633381, 0, 0, 25, 25, 12, 1.03%, 0, 0, 2, 7.93, 261
1648633386, 0, 0, 30, 30, 12, 1.03%, 0, 0, 2, 10.43, 319
1648633391, 0, 0, 33, 33, 12, 1.03%, 0, 0, 2, 10.18, 369
1648633396, 0, 0, 35, 35, 12, 1.03%, 0, 0, 2, 10.23, 428
1648633402, 0, 0, 37, 37, 12, 1.03%, 0, 0, 2, 10.52, 476
1648633407, 0, 0, 39, 39, 12, 1.03%, 0, 0, 2, 7.23, 507
1648633412, 0, 0, 40, 40, 12, 1.03%, 0, 0, 2, 8.78, 552
1648633417, 0, 13, 41, 40, 0, 1.03%, 0, 0, 3, 9.62, 603
1648633422, 0, 13, 43, 42, 0, 1.03%, 0, 0, 3, 9.44, 648
1648633427, 0, 13, 45, 44, 0, 1.03%, 0, 0, 3, 8.44, 688
1648633453, 0, 14, 48, 46, 0, 1.04%, 0, 0, 3, 9.98, 919
1648633463, 0, 14, 49, 47, 0, 1.04%, 0, 0, 3, 9.76, 1012
1648633474, 0, 14, 50, 48, 0, 1.04%, 0, 0, 3, 8.05, 1094
1648633484, 0, 14, 51, 49, 0, 1.04%, 0, 0, 3, 7.19, 1171
1648633489, 1, 0, 54, 51, 11, 1.04%, 0, 0, 3, 10.53, 1227
1648633494, 1, 0, 56, 53, 11, 1.04%, 0, 0, 3, 7.92, 1261
1648633499, 1, 0, 58, 55, 11, 1.06%, 0, 0, 3, 7.00, 1292
1648633504, 1, 0, 61, 58, 11, 1.06%, 0, 0, 3, 5.94, 1321
1648633509, 1, 0, 63, 60, 11, 1.06%, 0, 0, 3, 5.89, 1351
1648633515, 1, 0, 64, 61, 11, 1.06%, 0, 0, 3, 5.68, 1381
1648633520, 1, 0, 66, 63, 11, 1.06%, 0, 0, 3, 7.55, 1423
1648633525, 1, 0, 68, 65, 11, 1.06%, 0, 0, 3, 8.61, 1467
1648633530, 1, 0, 70, 67, 11, 1.07%, 0, 0, 3, 10.78, 1529
1648633535, 1, 0, 72, 69, 11, 1.07%, 0, 0, 3, 8.07, 1564
1648633540, 1, 0, 74, 71, 11, 1.07%, 0, 0, 3, 7.50, 1599
1648633545, 1, 0, 76, 73, 11, 1.07%, 0, 0, 3, 6.26, 1628
1648633550, 1, 0, 77, 74, 11, 1.08%, 0, 0, 3, 6.40, 1660
1648633555, 1, 0, 78, 75, 11, 1.09%, 0, 0, 3, 7.19, 1695
1648633560, 1, 0, 79, 76, 1, 1.09%, 0, 0, 3, 8.09, 1740
1648633566, 1, 0, 81, 78, 1, 1.09%, 0, 0, 3, 6.72, 1771
1648633571, 1, 0, 82, 79, 1, 1.09%, 0, 0, 3, 6.91, 1807
1648633576, 1, 0, 85, 82, 1, 1.09%, 0, 0, 3, 6.38, 1838
1648633581, 1, 0, 86, 83, 1, 1.10%, 0, 0, 3, 7.50, 1877
1648633586, 1, 0, 88, 85, 1, 1.10%, 0, 0, 3, 7.06, 1913
1648633591, 1, 0, 89, 86, 1, 1.10%, 0, 0, 3, 7.12, 1948
1648633597, 1, 0, 90, 87, 1, 1.10%, 0, 0, 3, 7.18, 1983
1648633602, 1, 0, 92, 89, 1, 1.11%, 0, 0, 3, 6.20, 2014
1648633607, 1, 0, 93, 90, 1, 1.11%, 0, 0, 3, 6.82, 2050
1648633612, 1, 0, 94, 91, 2, 1.11%, 0, 0, 3, 7.83, 2091
1648633617, 1, 0, 96, 93, 2, 1.11%, 0, 0, 3, 6.91, 2127
1648633622, 1, 0, 98, 95, 2, 1.12%, 0, 0, 3, 6.13, 2156
1648633628, 1, 0, 99, 96, 2, 1.12%, 0, 0, 3, 5.33, 2182
1648633633, 1, 0, 100, 97, 2, 1.12%, 0, 0, 3, 5.05, 2207
1648633643, 1, 0, 102, 99, 2, 1.12%, 0, 0, 3, 5.92, 2274
1648633659, 1, 0, 103, 100, 2, 1.13%, 0, 0, 3, 6.75, 2367
1648633664, 1, 0, 104, 101, 2, 1.13%, 0, 0, 3, 6.06, 2399
1648633674, 1, 0, 105, 102, 2, 1.13%, 0, 0, 3, 5.60, 2457
1648633679, 1, 0, 107, 104, 2, 1.13%, 0, 0, 3, 6.08, 2489
1648633685, 1, 0, 109, 106, 2, 1.13%, 0, 0, 3, 6.60, 2522
1648633690, 1, 53, 110, 107, 0, 1.13%, 0, 0, 3, 5.10, 2549
1648633732, 2, 1, 113, 109, 0, 1.13%, 0, 0, 3, 13.19, 2870
1648633742, 2, 1, 116, 112, 0, 1.14%, 0, 0, 3, 10.55, 2972
1648633747, 2, 1, 119, 115, 0, 1.14%, 0, 0, 3, 9.72, 3018
1648633752, 2, 1, 122, 118, 0, 1.14%, 0, 0, 3, 9.68, 3061
1648633757, 2, 1, 123, 119, 0, 1.14%, 0, 0, 3, 11.60, 3116
1648633768, 2, 114, 123, 118, 0, 1.14%, 0, 0, 3, 7.91, 3201
1648633773, 2, 114, 124, 119, 0, 1.14%, 0, 0, 3, 7.44, 3239
1648633784, 2, 114, 125, 120, 0, 1.14%, 0, 0, 3, 5.38, 3298
1648633794, 2, 114, 126, 121, 0, 1.14%, 0, 0, 3, 5.61, 3355
1648633804, 2, 114, 128, 123, 0, 1.14%, 0, 0, 3, 5.46, 3419
1648633809, 2, 114, 130, 125, 0, 1.15%, 0, 0, 3, 10.42, 3485
1648633814, 2, 114, 132, 127, 0, 1.15%, 0, 0, 3, 8.31, 3523
1648633820, 2, 114, 133, 128, 0, 1.15%, 0, 0, 3, 6.49, 3555
1648633830, 2, 114, 134, 129, 0, 1.15%, 0, 0, 3, 6.64, 3618
1648633835, 3, 1, 136, 130, 2, 1.15%, 0, 0, 3, 9.07, 3651
1648633840, 3, 2, 136, 130, 2, 1.15%, 0, 0, 3, 10.41, 3708
1648633845, 3, 2, 137, 131, 2, 1.15%, 0, 0, 3, 7.75, 3742
1648633850, 3, 2, 138, 132, 2, 1.15%, 0, 0, 3, 7.28, 3775
1648633861, 3, 2, 139, 133, 2, 1.15%, 0, 0, 3, 7.57, 3852
1648633871, 3, 2, 141, 135, 2, 1.15%, 0, 0, 3, 7.85, 3935
1648633876, 3, 2, 142, 136, 2, 1.15%, 0, 0, 3, 7.36, 3970
1648633881, 3, 3, 143, 136, 2, 1.15%, 0, 0, 3, 9.49, 4014
1648633886, 3, 3, 145, 138, 2, 1.15%, 0, 0, 3, 9.10, 4059
1648633891, 3, 3, 147, 140, 2, 1.15%, 0, 0, 3, 10.03, 4110
1648633896, 3, 3, 148, 141, 2, 1.15%, 0, 0, 3, 8.70, 4149
1648633901, 3, 3, 149, 142, 2, 1.15%, 0, 0, 3, 8.02, 4189
1648633907, 3, 3, 151, 144, 2, 1.16%, 0, 0, 3, 7.05, 4223
1648633912, 3, 3, 153, 146, 2, 1.16%, 0, 0, 3, 8.23, 4264
1648633917, 3, 3, 154, 147, 2, 1.16%, 0, 0, 3, 8.07, 4305
1648633922, 3, 3, 156, 149, 2, 1.19%, 0, 0, 3, 8.59, 4349
1648633927, 3, 17, 156, 148, 0, 1.19%, 0, 0, 3, 7.04, 4384
1648633932, 3, 17, 157, 149, 0, 1.19%, 0, 0, 3, 4.86, 4405
1648633937, 3, 17, 158, 150, 0, 1.19%, 0, 0, 3, 4.13, 4424
1648633953, 3, 17, 159, 151, 0, 1.19%, 0, 0, 3, 4.41, 4495
1648633958, 3, 17, 161, 153, 0, 1.19%, 0, 0, 3, 4.72, 4521
1648633973, 3, 17, 162, 154, 0, 1.19%, 0, 0, 3, 4.54, 4596
1648633978, 3, 17, 163, 155, 0, 1.19%, 0, 0, 3, 4.86, 4622
1648633989, 3, 17, 164, 156, 0, 1.19%, 0, 0, 3, 4.76, 4670
1648633999, 3, 153, 165, 156, 0, 1.19%, 0, 0, 3, 25.55, 4763
1648634004, 3, 153, 166, 157, 0, 1.19%, 0, 0, 3, 16.95, 4835
1648634009, 3, 153, 168, 159, 0, 1.19%, 0, 0, 3, 14.69, 4902
1648634014, 3, 153, 170, 161, 0, 1.19%, 0, 0, 3, 10.71, 4949
1648634019, 3, 153, 173, 164, 0, 1.19%, 0, 0, 3, 9.37, 4995
1648634024, 3, 153, 176, 167, 0, 1.19%, 0, 0, 3, 7.73, 5031
1648634030, 3, 153, 178, 169, 0, 1.19%, 0, 0, 3, 7.67, 5070
1648634035, 3, 153, 180, 171, 0, 1.19%, 0, 0, 3, 7.90, 5113
1648634040, 3, 153, 182, 173, 0, 1.19%, 0, 0, 3, 7.93, 5154
1648634045, 4, 3, 182, 172, 2, 1.19%, 0, 0, 3, 8.40, 5200
1648634050, 4, 3, 183, 173, 2, 1.19%, 0, 0, 3, 5.82, 5225
1648634081, 4, 3, 186, 176, 2, 1.19%, 0, 0, 3, 5.31, 5408
1648634086, 4, 3, 187, 177, 2, 1.19%, 0, 0, 3, 5.66, 5437
1648634096, 4, 5, 187, 177, 1, 1.19%, 0, 0, 3, 6.40, 5496
1648634101, 4, 5, 189, 179, 1, 1.19%, 0, 0, 3, 6.66, 5532
1648634106, 4, 5, 190, 180, 1, 1.19%, 0, 0, 3, 4.74, 5553
1648634112, 4, 5, 191, 181, 1, 1.19%, 0, 0, 3, 4.32, 5575
1648634117, 4, 5, 192, 182, 1, 1.19%, 0, 0, 3, 4.11, 5596
1648634132, 4, 5, 193, 183, 1, 1.20%, 0, 0, 3, 6.23, 5673
1648634153, 4, 5, 194, 184, 1, 1.20%, 0, 0, 3, 4.79, 5790
1648634158, 4, 5, 194, 184, 1, 1.20%, 0, 1, 3, 6.18, 5820
1648634163, 4, 5, 196, 186, 1, 1.20%, 0, 1, 3, 6.80, 5855
1648634168, 4, 5, 197, 186, 1, 1.20%, 0, 1, 3, 5.94, 5886
1648634194, 4, 5, 198, 187, 1, 1.20%, 0, 1, 3, 5.03, 6046
1648634199, 4, 5, 199, 188, 1, 1.20%, 0, 1, 3, 4.93, 6072
1648634210, 4, 5, 200, 189, 1, 1.20%, 0, 1, 3, 4.80, 6121
1648634215, 4, 5, 201, 190, 1, 1.20%, 0, 1, 3, 4.99, 6147
1648634225, 4, 11, 201, 190, 1, 1.20%, 0, 1, 3, 7.02, 6213
1648634230, 4, 11, 204, 193, 1, 1.20%, 0, 1, 3, 10.89, 6286
1648634235, 4, 11, 206, 195, 1, 1.20%, 0, 1, 3, 9.81, 6331
1648634240, 4, 11, 207, 196, 1, 1.20%, 0, 1, 3, 9.34, 6379
1648634245, 4, 11, 208, 197, 1, 1.20%, 0, 1, 3, 8.02, 6416
1648634250, 4, 11, 209, 198, 1, 1.20%, 0, 1, 3, 11.39, 6473
1648634255, 4, 11, 210, 199, 1, 1.20%, 0, 1, 3, 11.67, 6529
1648634260, 4, 11, 211, 200, 1, 1.20%, 0, 1, 3, 9.91, 6579
1648634266, 4, 11, 212, 201, 1, 1.20%, 0, 1, 3, 8.01, 6614
1648634271, 4, 12, 214, 202, 0, 1.20%, 0, 1, 3, 8.99, 6657
1648634291, 4, 12, 215, 203, 0, 1.20%, 0, 1, 3, 10.43, 6922
1648634296, 4, 14, 216, 203, 0, 1.20%, 0, 1, 3, 9.04, 6964
1648634322, 4, 14, 219, 206, 0, 1.20%, 0, 1, 3, 7.53, 7158
1648634327, 4, 14, 220, 207, 0, 1.20%, 0, 1, 3, 6.67, 7193
1648634332, 4, 14, 221, 208, 0, 1.20%, 0, 1, 3, 5.48, 7219
1648634337, 4, 66, 221, 208, 0, 1.20%, 0, 1, 3, 7.12, 7256
1648634347, 4, 66, 222, 209, 0, 1.20%, 0, 1, 3, 7.61, 7345
1648634352, 4, 66, 223, 210, 0, 1.20%, 0, 1, 3, 7.07, 7381
1648634368, 4, 66, 224, 211, 0, 1.21%, 0, 1, 3, 6.71, 7476
1648634384, 4, 68, 224, 210, 0, 1.21%, 0, 1, 3, 8.66, 7598
1648634394, 4, 68, 226, 212, 0, 1.21%, 0, 1, 3, 9.05, 7707
1648634404, 4, 68, 227, 213, 0, 1.21%, 0, 1, 3, 7.09, 7781
1648634409, 4, 68, 228, 214, 0, 1.21%, 0, 1, 3, 8.13, 7823
1648634415, 4, 68, 230, 216, 0, 1.21%, 0, 1, 3, 6.98, 7859
1648634425, 4, 68, 232, 218, 0, 1.21%, 0, 1, 3, 6.92, 7941
1648634430, 5, 1, 233, 218, 2, 1.21%, 0, 1, 3, 7.62, 7976
1648634440, 5, 15, 233, 218, 2, 1.21%, 0, 1, 3, 7.51, 8050
1648634476, 5, 166, 233, 217, 2, 1.21%, 0, 1, 3, 5.20, 8302
1648634487, 5, 166, 234, 218, 2, 1.21%, 0, 1, 4, 4.92, 8348
1648634492, 5, 166, 235, 219, 2, 1.21%, 0, 1, 4, 4.14, 8369
1648634497, 5, 166, 236, 220, 2, 1.21%, 0, 1, 4, 3.35, 8384
1648634528, 5, 166, 237, 221, 2, 1.21%, 0, 1, 4, 4.52, 8525
1648634544, 5, 166, 238, 222, 2, 1.21%, 0, 1, 4, 4.03, 8583
1648634564, 6, 1, 238, 221, 2, 1.21%, 0, 1, 4, 6.82, 8679
1648634580, 6, 1, 240, 223, 2, 1.21%, 0, 1, 4, 7.55, 8798
1648634585, 6, 1, 241, 224, 2, 1.21%, 0, 1, 4, 8.50, 8843
1648634590, 6, 1, 242, 225, 2, 1.21%, 0, 1, 4, 9.59, 8893
1648634595, 6, 1, 243, 226, 2, 1.21%, 0, 1, 4, 8.41, 8930
1648634600, 6, 7, 245, 228, 1, 1.21%, 0, 1, 4, 5.91, 8974
1648634610, 6, 7, 246, 229, 1, 1.21%, 0, 1, 4, 6.50, 9046
1648634615, 6, 7, 248, 231, 1, 1.22%, 0, 1, 4, 10.04, 9096
1648634626, 6, 7, 249, 232, 1, 1.22%, 0, 1, 4, 9.69, 9190
1648634636, 6, 7, 251, 234, 1, 1.22%, 0, 1, 4, 7.14, 9271
1648634641, 6, 7, 252, 235, 1, 1.22%, 0, 1, 4, 6.23, 9300
1648634646, 6, 19, 252, 234, 0, 1.22%, 0, 1, 4, 7.52, 9341
1648634667, 6, 19, 253, 235, 0, 1.22%, 0, 1, 4, 3.85, 9430
1648634713, 6, 54, 254, 235, 0, 1.22%, 0, 1, 4, 0.00, 9633
1648634764, 6, 110, 254, 234, 0, 1.22%, 0, 1, 4, 18.19, 10032
1648634770, 6, 110, 255, 235, 0, 1.22%, 0, 1, 4, 11.23, 10076
1648634775, 6, 110, 258, 238, 0, 1.23%, 0, 1, 4, 10.36, 10131
1648634785, 6, 110, 259, 239, 0, 1.23%, 0, 1, 4, 8.23, 10206
1648634790, 6, 110, 261, 241, 0, 1.23%, 0, 1, 4, 8.46, 10250
1648634801, 6, 110, 263, 243, 0, 1.23%, 0, 1, 4, 9.06, 10348
1648634806, 6, 116, 264, 243, 0, 1.23%, 0, 1, 4, 8.24, 10389
1648634821, 6, 116, 265, 244, 0, 1.23%, 0, 1, 4, 6.88, 10492
1648634826, 6, 116, 266, 245, 0, 1.23%, 0, 1, 4, 5.44, 10520
1648634832, 6, 116, 267, 246, 0, 1.23%, 0, 1, 4, 5.79, 10549
1648634852, 7, 138, 267, 245, 0, 1.23%, 0, 1, 4, 6.80, 10694
1648634868, 7, 138, 268, 246, 0, 1.23%, 0, 1, 4, 4.37, 10772
1648634878, 7, 138, 269, 247, 0, 1.23%, 0, 1, 4, 5.35, 10828
1648634883, 7, 138, 270, 248, 0, 1.23%, 0, 1, 4, 4.12, 10845
1648634893, 7, 138, 271, 249, 0, 1.23%, 0, 1, 4, 5.19, 10894
1648634898, 7, 138, 272, 250, 0, 1.23%, 0, 1, 4, 4.55, 10917
1648634904, 7, 138, 273, 251, 0, 1.23%, 0, 1, 4, 5.11, 10946
1648634919, 8, 144, 274, 251, 0, 1.23%, 0, 1, 4, 5.99, 11040
1648634929, 8, 144, 275, 252, 0, 1.23%, 0, 1, 4, 8.31, 11137
1648634934, 8, 144, 276, 253, 0, 1.23%, 0, 1, 4, 7.63, 11175
1648634940, 8, 144, 278, 255, 0, 1.23%, 0, 1, 4, 7.37, 11212
1648634945, 8, 144, 279, 256, 0, 1.23%, 0, 1, 4, 7.51, 11249
1648634960, 8, 144, 280, 257, 0, 1.23%, 0, 1, 4, 6.45, 11354
1648634970, 9, 23, 280, 256, 0, 1.23%, 0, 1, 4, 6.52, 11421
1648635001, 9, 23, 281, 257, 0, 1.23%, 0, 1, 4, 3.76, 11547
1648635006, 9, 23, 282, 258, 0, 1.23%, 0, 1, 4, 3.49, 11564
1648635012, 9, 23, 283, 259, 0, 1.23%, 0, 1, 4, 3.53, 11582
1648635017, 9, 23, 284, 260, 0, 1.23%, 0, 1, 4, 3.66, 11602
1648635043, 9, 172, 284, 259, 0, 1.23%, 0, 1, 4, 3.77, 11699
1648635068, 9, 172, 286, 261, 0, 1.23%, 0, 1, 4, 5.82, 11813
1648635083, 9, 172, 287, 262, 0, 1.23%, 0, 1, 4, 4.80, 11887
1648635089, 9, 172, 288, 263, 0, 1.23%, 0, 1, 4, 5.34, 11915
1648635099, 9, 172, 289, 264, 0, 1.23%, 0, 1, 4, 4.33, 11962
1648635104, 9, 172, 290, 265, 0, 1.23%, 0, 1, 4, 4.53, 11984
1648635109, 9, 172, 291, 266, 0, 1.23%, 0, 1, 4, 3.89, 12002
1648635114, 9, 172, 292, 267, 0, 1.23%, 0, 1, 4, 5.60, 12033
1648635120, 10, 114, 292, 266, 0, 1.23%, 0, 1, 4, 5.49, 12058
1648635130, 10, 114, 293, 267, 0, 1.23%, 0, 1, 4, 9.50, 12181
1648635140, 10, 114, 294, 268, 0, 1.25%, 0, 1, 4, 12.39, 12293
1648635145, 10, 114, 295, 269, 0, 1.25%, 0, 1, 4, 9.46, 12335
1648635151, 10, 114, 296, 270, 0, 1.25%, 0, 1, 4, 7.18, 12365
1648635156, 11, 7, 296, 270, 1, 1.25%, 0, 1, 4, 8.08, 12404
1648635161, 11, 7, 297, 271, 1, 1.25%, 0, 1, 4, 7.54, 12443
1648635166, 11, 7, 299, 273, 1, 1.25%, 0, 1, 4, 5.93, 12471
1648635182, 11, 7, 300, 274, 1, 1.25%, 0, 1, 4, 6.05, 12571
1648635187, 11, 7, 302, 276, 1, 1.25%, 0, 1, 4, 5.03, 12596
1648635192, 11, 7, 304, 278, 1, 1.25%, 0, 1, 4, 4.74, 12620
1648635197, 11, 7, 305, 279, 1, 1.25%, 0, 1, 4, 5.10, 12649
1648635202, 11, 7, 306, 280, 1, 1.25%, 0, 1, 4, 5.81, 12680
1648635212, 11, 187, 306, 280, 0, 1.25%, 0, 1, 4, 7.65, 12755
1648635233, 11, 187, 307, 281, 0, 1.25%, 0, 1, 4, 5.30, 12896
1648635254, 11, 187, 308, 282, 0, 1.26%, 0, 1, 4, 5.04, 13006
1648635274, 11, 209, 308, 281, 1, 1.26%, 0, 1, 4, 5.56, 13112
1648635290, 11, 209, 309, 282, 1, 1.26%, 0, 1, 4, 6.54, 13211
1648635295, 11, 209, 310, 283, 1, 1.26%, 0, 1, 4, 6.06, 13239
1648635300, 11, 209, 311, 284, 1, 1.26%, 0, 1, 4, 6.48, 13273
1648635311, 11, 209, 312, 285, 1, 1.26%, 0, 1, 4, 6.19, 13339
1648635316, 11, 209, 313, 286, 1, 1.26%, 0, 1, 4, 5.61, 13365
1648635337, 12, 166, 313, 285, 0, 1.26%, 0, 1, 4, 11.73, 13533
1648635342, 12, 166, 314, 286, 0, 1.26%, 0, 1, 4, 9.93, 13576
1648635347, 12, 166, 315, 287, 0, 1.26%, 0, 1, 4, 8.54, 13618
1648635352, 12, 166, 317, 289, 0, 1.26%, 0, 1, 4, 9.24, 13670
1648635357, 12, 166, 320, 292, 0, 1.26%, 0, 1, 4, 7.50, 13704
1648635373, 12, 166, 322, 294, 0, 1.26%, 0, 1, 4, 7.89, 13830
1648635378, 12, 217, 322, 294, 0, 1.26%, 0, 1, 4, 11.17, 13890
1648635393, 12, 217, 323, 295, 0, 1.26%, 0, 1, 4, 8.75, 14026
1648635414, 13, 102, 323, 294, 0, 1.26%, 0, 1, 4, 7.96, 14191
1648635481, 13, 231, 323, 293, 0, 1.26%, 0, 1, 4, 3.84, 14472
1648635522, 13, 231, 324, 294, 0, 1.26%, 0, 1, 4, 5.95, 14695
1648635527, 13, 231, 325, 295, 0, 1.27%, 0, 1, 4, 6.58, 14728
1648635533, 13, 231, 326, 296, 0, 1.27%, 0, 1, 4, 6.31, 14761
1648635548, 14, 13, 326, 295, 0, 1.27%, 0, 1, 4, 5.68, 14840
1648635584, 14, 16, 326, 295, 0, 1.27%, 0, 1, 4, 7.99, 15115
1648635610, 14, 16, 327, 296, 0, 1.27%, 0, 1, 4, 7.88, 15316
1648635620, 14, 237, 327, 295, 1, 1.27%, 0, 1, 4, 5.15, 15377
1648635666, 15, 51, 327, 294, 0, 1.27%, 0, 1, 4, 4.66, 15553
1648635676, 15, 51, 328, 295, 0, 1.27%, 0, 1, 4, 8.19, 15647
1648635681, 15, 51, 329, 296, 0, 1.27%, 0, 1, 4, 9.63, 15694
1648635697, 16, 13, 329, 296, 0, 1.27%, 0, 1, 4, 9.57, 15842
1648635722, 16, 13, 330, 297, 0, 1.27%, 0, 1, 4, 8.23, 16056
1648635728, 16, 22, 330, 297, 0, 1.27%, 0, 1, 4, 7.92, 16094
1648635769, 16, 112, 330, 296, 0, 1.27%, 0, 1, 4, 7.94, 16362
1648635779, 16, 112, 333, 299, 0, 1.27%, 0, 1, 4, 8.08, 16454
1648635789, 16, 112, 335, 301, 0, 1.27%, 0, 1, 4, 7.52, 16537
1648635794, 16, 112, 336, 302, 0, 1.27%, 0, 1, 4, 7.94, 16576
1648635810, 16, 123, 336, 301, 1, 1.27%, 0, 1, 4, 7.79, 16691
1648635856, 17, 267, 336, 300, 1, 1.27%, 0, 1, 4, 5.47, 16997
1648635892, 17, 267, 337, 301, 1, 1.27%, 0, 1, 4, 5.28, 17141
1648635928, 17, 267, 338, 302, 1, 1.27%, 0, 1, 4, 5.54, 17323
1648635944, 18, 145, 338, 301, 0, 1.27%, 0, 1, 4, 5.43, 17403
1648635964, 19, 90, 338, 300, 0, 1.27%, 0, 1, 4, 6.50, 17534
1648635995, 19, 90, 339, 301, 0, 1.27%, 0, 1, 4, 4.88, 17703
1648636015, 19, 284, 339, 300, 1, 1.27%, 0, 1, 4, 8.72, 17833
1648636051, 19, 284, 340, 301, 1, 1.27%, 0, 1, 5, 7.52, 18146
1648636061, 19, 284, 341, 302, 1, 1.27%, 0, 1, 5, 7.60, 18221
1648636082, 19, 284, 342, 303, 1, 1.27%, 0, 1, 5, 7.67, 18386
1648636087, 20, 237, 342, 302, 1, 1.27%, 0, 1, 5, 9.06, 18433
1648636097, 20, 237, 343, 303, 1, 1.27%, 0, 1, 5, 7.51, 18517
1648636102, 20, 237, 345, 305, 1, 1.27%, 0, 1, 5, 8.30, 18559
1648636108, 20, 237, 346, 306, 1, 1.27%, 0, 1, 5, 7.41, 18593
1648636118, 20, 237, 347, 307, 1, 1.27%, 0, 1, 5, 9.30, 18691
1648636123, 20, 237, 348, 308, 1, 1.28%, 0, 1, 5, 7.16, 18724
1648636128, 21, 7, 348, 308, 1, 1.28%, 0, 1, 5, 7.38, 18761
1648636139, 21, 7, 349, 309, 1, 1.28%, 0, 1, 5, 6.47, 18834
1648636149, 21, 7, 350, 310, 1, 1.28%, 0, 1, 5, 4.67, 18881
1648636180, 21, 258, 350, 310, 2, 1.28%, 0, 1, 5, 10.98, 19113
1648636206, 21, 258, 351, 311, 2, 1.28%, 0, 1, 5, 8.93, 19359
1648636216, 22, 238, 351, 310, 0, 1.28%, 0, 1, 5, 17.29, 19506
1648636221, 22, 238, 352, 311, 0, 1.28%, 0, 1, 5, 11.03, 19549
1648636231, 22, 238, 353, 312, 0, 1.28%, 0, 1, 5, 8.98, 19625
1648636236, 22, 238, 354, 313, 0, 1.28%, 0, 1, 5, 7.24, 19658
1648636242, 22, 238, 355, 314, 0, 1.28%, 0, 1, 5, 6.67, 19691
1648636252, 22, 238, 356, 315, 0, 1.28%, 0, 1, 5, 8.90, 19786
1648636257, 22, 321, 356, 314, 1, 1.28%, 0, 1, 5, 9.63, 19832
1648636324, 22, 321, 357, 315, 1, 1.28%, 0, 1, 5, 6.74, 20275
1648636344, 22, 322, 357, 314, 0, 1.28%, 0, 1, 5, 8.69, 20424
1648636364, 23, 221, 357, 313, 0, 1.28%, 0, 1, 5, 10.77, 20721
1648636370, 23, 221, 358, 314, 0, 1.28%, 0, 1, 5, 8.41, 20759
1648636390, 23, 221, 360, 316, 0, 1.28%, 0, 1, 5, 4.80, 20884
1648636421, 23, 324, 360, 315, 1, 1.28%, 0, 1, 5, 6.54, 21092
1648636452, 24, 16, 360, 314, 0, 1.28%, 0, 1, 5, 7.59, 21351
1648636457, 24, 43, 360, 314, 0, 1.28%, 0, 1, 5, 6.84, 21388
1648636478, 24, 43, 361, 315, 0, 1.28%, 0, 1, 5, 6.54, 21533
1648636498, 24, 269, 361, 314, 0, 1.28%, 0, 1, 5, 5.64, 21659
1648636581, 25, 57, 362, 314, 0, 1.28%, 0, 1, 5, 10.79, 22038
1648636586, 25, 57, 363, 315, 0, 1.28%, 0, 1, 5, 9.33, 22082
1648636607, 25, 81, 363, 314, 0, 1.28%, 0, 1, 5, 10.12, 22287
1648636643, 25, 81, 364, 315, 0, 1.28%, 0, 1, 5, 6.09, 22569
1648636648, 26, 70, 364, 314, 1, 1.28%, 0, 1, 5, 7.04, 22607
1648636663, 26, 70, 365, 315, 1, 1.28%, 0, 1, 5, 4.75, 22691
1648636699, 26, 267, 366, 315, 1, 1.28%, 0, 1, 5, 0.00, 22872
1648636715, 27, 112, 366, 315, 2, 1.28%, 0, 1, 5, 6.02, 22926
1648636745, 27, 112, 367, 316, 2, 1.28%, 0, 1, 5, 8.10, 23189
1648636751, 27, 134, 367, 316, 2, 1.28%, 0, 1, 5, 8.51, 23232
1648636781, 27, 134, 368, 317, 2, 1.29%, 0, 1, 5, 7.28, 23447
1648636797, 28, 296, 368, 316, 2, 1.29%, 0, 1, 5, 7.59, 23534
1648636812, 28, 296, 369, 317, 2, 1.29%, 0, 1, 5, 9.03, 23673
1648636838, 29, 116, 370, 317, 0, 1.29%, 0, 1, 5, 3.43, 23864
1648636895, 29, 146, 370, 317, 0, 1.29%, 0, 1, 5, 6.00, 24155
1648636921, 29, 146, 371, 318, 0, 1.29%, 0, 1, 5, 6.73, 24333
1648636926, 29, 146, 373, 320, 0, 1.29%, 0, 1, 5, 6.64, 24367
1648636931, 29, 146, 374, 321, 0, 1.29%, 0, 1, 5, 6.37, 24399
1648636942, 29, 228, 374, 320, 2, 1.29%, 0, 1, 5, 7.81, 24484
1648636993, 30, 292, 374, 319, 2, 1.29%, 0, 1, 5, 6.87, 24832
1648637014, 30, 292, 376, 321, 2, 1.29%, 0, 1, 5, 7.39, 24980
1648637040, 30, 292, 377, 322, 2, 1.29%, 0, 1, 5, 6.76, 25153
1648637045, 31, 198, 377, 321, 3, 1.29%, 0, 1, 5, 6.11, 25183
1648637101, 31, 198, 377, 321, 3, 1.29%, 0, 2, 5, 3.57, 25394
1648637127, 31, 283, 377, 320, 3, 1.29%, 0, 2, 5, 3.86, 25484
1648637148, 31, 283, 378, 321, 3, 1.29%, 0, 2, 5, 1.41, 25693
1648637153, 31, 283, 379, 322, 3, 1.29%, 0, 2, 5, 7.80, 25726
1648637169, 32, 274, 379, 321, 1, 1.29%, 0, 2, 5, 4.97, 25792
1648637209, 32, 274, 381, 323, 1, 1.29%, 0, 2, 5, 6.03, 26070
1648637220, 32, 309, 381, 322, 0, 1.29%, 0, 2, 5, 7.22, 26144
1648637265, 33, 215, 381, 321, 0, 1.29%, 0, 2, 5, 7.85, 26511
1648637307, 33, 357, 381, 320, 0, 1.29%, 0, 2, 5, 7.75, 26815
1648637332, 33, 357, 382, 321, 0, 1.29%, 0, 2, 5, 6.18, 26974
1648637368, 33, 357, 382, 321, 0, 1.29%, 0, 3, 5, 7.15, 27232
1648637394, 34, 342, 382, 320, 0, 1.29%, 0, 3, 5, 5.50, 27394
1648637544, 34, 342, 383, 321, 0, 1.29%, 0, 3, 6, 3.35, 27925
1648637549, 34, 342, 384, 322, 0, 1.29%, 0, 3, 6, 2.83, 27938
1648637560, 35, 20, 384, 321, 0, 1.29%, 0, 3, 6, 4.88, 27981
1648637570, 35, 20, 386, 323, 0, 1.29%, 0, 3, 6, 6.74, 28052
1648637600, 35, 40, 387, 323, 0, 1.29%, 0, 3, 6, 8.24, 28258
1648637636, 35, 275, 387, 323, 0, 1.29%, 0, 3, 6, 5.87, 28551
1648637662, 35, 275, 388, 324, 0, 1.29%, 0, 3, 6, 3.25, 28649
1648637703, 35, 275, 389, 325, 0, 1.29%, 0, 3, 6, 4.92, 28829
1648637723, 36, 60, 389, 324, 0, 1.29%, 0, 3, 6, 5.59, 28935
1648637770, 36, 89, 389, 323, 0, 1.29%, 0, 3, 6, 6.03, 29200
1648637806, 37, 77, 389, 322, 0, 1.29%, 0, 3, 6, 8.52, 29503
1648637853, 37, 77, 390, 323, 0, 1.29%, 0, 3, 6, 4.79, 29733
1648637858, 37, 77, 391, 324, 0, 1.29%, 0, 3, 6, 3.77, 29750
1648637864, 37, 77, 392, 325, 0, 1.29%, 0, 3, 6, 3.57, 29768
1648637874, 38, 114, 392, 324, 0, 1.29%, 0, 3, 6, 5.74, 29820
1648637910, 38, 114, 393, 325, 0, 1.29%, 0, 3, 6, 6.86, 30068
1648637915, 38, 173, 393, 325, 0, 1.29%, 0, 3, 6, 8.35, 30109
1648637920, 38, 173, 394, 326, 0, 1.29%, 0, 3, 6, 7.89, 30150
1648637925, 38, 173, 395, 327, 0, 1.29%, 0, 3, 6, 8.42, 30198
1648637936, 38, 173, 396, 328, 0, 1.29%, 0, 3, 6, 10.03, 30296
1648637946, 39, 9, 396, 327, 0, 1.29%, 0, 3, 6, 12.77, 30410
1648637951, 39, 336, 396, 326, 0, 1.29%, 0, 3, 6, 10.35, 30461
1648638039, 40, 150, 396, 325, 0, 1.29%, 0, 3, 6, 4.46, 31016
1648638055, 40, 151, 396, 324, 0, 1.29%, 0, 3, 6, 16.24, 31161
1648638085, 40, 233, 396, 323, 0, 1.29%, 0, 3, 6, 19.86, 31504
1648638101, 40, 233, 396, 323, 0, 1.29%, 0, 4, 6, 3.58, 31684
1648638116, 40, 233, 397, 324, 0, 1.29%, 0, 4, 6, 7.79, 31816
1648638127, 40, 233, 397, 324, 0, 1.29%, 0, 5, 6, 9.64, 31908
1648638137, 41, 293, 397, 322, 0, 1.29%, 0, 5, 6, 15.16, 32046
1648638275, 43, 189, 397, 321, 0, 1.29%, 0, 5, 6, 4.60, 32643
1648638342, 43, 351, 397, 320, 0, 1.29%, 0, 5, 6, 5.20, 32945
1648638362, 43, 351, 398, 321, 0, 1.30%, 0, 5, 6, 6.36, 33069
1648638367, 43, 351, 400, 323, 0, 1.30%, 0, 5, 6, 6.60, 33102
1648638372, 43, 351, 401, 324, 0, 1.30%, 0, 5, 6, 6.26, 33134
1648638393, 43, 351, 402, 325, 0, 1.30%, 0, 5, 6, 6.20, 33256
1648638404, 44, 314, 402, 324, 0, 1.30%, 0, 5, 6, 6.13, 33321
1648638409, 44, 314, 402, 324, 0, 1.30%, 0, 6, 6, 5.86, 33347
1648638424, 44, 314, 403, 325, 0, 1.30%, 0, 6, 6, 5.94, 33434
1648638466, 44, 314, 403, 325, 0, 1.30%, 0, 7, 6, 6.50, 33676
1648638476, 44, 314, 404, 326, 0, 1.30%, 0, 7, 6, 6.34, 33739
1648638486, 44, 314, 405, 327, 0, 1.30%, 0, 8, 6, 6.35, 33796
1648638491, 44, 314, 406, 328, 0, 1.30%, 0, 8, 6, 6.42, 33829
1648638502, 44, 314, 406, 328, 0, 1.30%, 0, 9, 6, 1.80, 33877
1648638507, 44, 314, 406, 328, 0, 1.30%, 0, 10, 6, 4.39, 33904
1648638512, 44, 314, 407, 329, 0, 1.30%, 0, 10, 6, 4.49, 33929
1648638523, 45, 216, 407, 328, 0, 1.30%, 0, 10, 6, 5.41, 33982
1648638574, 45, 223, 407, 327, 0, 1.30%, 0, 10, 6, 5.96, 34312
1648638605, 45, 223, 408, 328, 0, 1.30%, 0, 10, 6, 6.34, 34519
1648638615, 45, 223, 408, 328, 0, 1.30%, 0, 11, 6, 6.84, 34578
1648638631, 45, 371, 408, 327, 0, 1.30%, 0, 11, 6, 11.86, 34706
1648638652, 45, 371, 409, 328, 0, 1.30%, 0, 11, 6, 0.00, 34917
1648638662, 45, 371, 410, 329, 0, 1.30%, 0, 11, 6, 7.06, 34984
1648638672, 45, 371, 411, 330, 0, 1.30%, 0, 11, 6, 7.09, 35054
1648638677, 45, 371, 412, 331, 0, 1.30%, 0, 11, 6, 8.12, 35097
1648638687, 45, 409, 412, 330, 0, 1.30%, 0, 11, 6, 9.55, 35194
1648638698, 45, 409, 412, 330, 0, 1.30%, 0, 12, 6, 0.98, 35289
1648638714, 45, 409, 413, 331, 0, 1.30%, 0, 12, 6, 9.32, 35426
1648638750, 45, 409, 414, 332, 0, 1.30%, 0, 12, 6, 4.76, 35675
1648638755, 45, 409, 415, 333, 0, 1.31%, 0, 13, 6, 8.60, 35701
1648638760, 45, 409, 416, 334, 0, 1.31%, 0, 14, 6, 9.35, 35726
1648638765, 45, 409, 417, 335, 0, 1.31%, 0, 14, 6, 7.38, 35758
1648638775, 45, 409, 418, 336, 0, 1.31%, 0, 14, 6, 1.42, 35818
1648638781, 45, 409, 419, 337, 0, 1.31%, 0, 14, 6, 4.06, 35842
1648638786, 46, 404, 419, 336, 4294967295, 1.31%, 0, 14, 6, 6.05, 35879
1648638827, 46, 404, 420, 337, 4294967295, 1.31%, 0, 14, 6, 6.27, 36149
1648638832, 46, 404, 421, 338, 4294967295, 1.31%, 0, 14, 6, 5.37, 36175
1648638842, 46, 404, 421, 338, 4294967295, 1.31%, 0, 15, 6, 6.44, 36238
1648638868, 46, 404, 422, 339, 4294967295, 1.31%, 0, 15, 6, 3.17, 36364
1648638884, 46, 404, 423, 340, 4294967295, 1.31%, 0, 15, 6, 2.83, 36406
1648638894, 46, 404, 424, 341, 4294967295, 1.31%, 0, 15, 6, 2.60, 36434
1648638900, 46, 404, 425, 342, 4294967295, 1.32%, 0, 15, 6, 2.33, 36445
1648638926, 46, 404, 426, 343, 4294967295, 1.32%, 0, 15, 6, 2.61, 36505
1648638931, 46, 404, 427, 344, 4294967295, 1.32%, 0, 15, 6, 2.87, 36521
1648638936, 46, 404, 428, 345, 4294967295, 1.32%, 0, 15, 6, 2.85, 36536
1648638941, 47, 91, 428, 344, 0, 1.32%, 0, 15, 6, 4.91, 36562
1648638988, 47, 206, 428, 343, 0, 1.32%, 0, 15, 6, 10.33, 36888
1648639024, 48, 61, 428, 342, 0, 1.32%, 0, 15, 6, 7.39, 37195
1648639034, 48, 61, 429, 343, 0, 1.32%, 0, 15, 6, 7.51, 37272
1648639060, 48, 61, 430, 344, 0, 1.32%, 0, 15, 6, 5.76, 37429
1648639070, 48, 415, 430, 343, 0, 1.32%, 0, 16, 6, 10.18, 37498
1648639081, 48, 415, 430, 343, 0, 1.32%, 0, 17, 6, 0.97, 37576
1648639101, 48, 415, 431, 344, 0, 1.32%, 0, 17, 6, 6.93, 37717
1648639106, 48, 415, 433, 346, 0, 1.32%, 0, 17, 6, 6.38, 37749
1648639111, 48, 415, 434, 347, 0, 1.32%, 0, 17, 6, 0.79, 37783
1648639117, 48, 430, 434, 347, 1, 1.32%, 0, 17, 6, 24.49, 37896
1648639153, 49, 116, 434, 346, 0, 1.32%, 0, 17, 6, 12.78, 38695
1648639163, 49, 116, 435, 347, 0, 1.32%, 0, 17, 6, 8.09, 38773
1648639189, 49, 116, 436, 348, 0, 1.32%, 0, 17, 6, 6.19, 38931
1648639194, 50, 33, 436, 348, 0, 1.32%, 0, 17, 6, 6.68, 38965
1648639240, 50, 168, 436, 347, 0, 1.32%, 0, 17, 6, 4.56, 39216
1648639303, 50, 295, 436, 346, 0, 1.32%, 0, 17, 6, 5.15, 39516
1648639344, 51, 169, 436, 345, 0, 1.32%, 0, 17, 6, 5.83, 39759
1648639390, 51, 169, 438, 347, 0, 1.32%, 0, 17, 6, 5.67, 39966
1648639411, 51, 326, 438, 346, 2, 1.32%, 0, 17, 6, 6.11, 40075
1648639426, 52, 35, 438, 345, 1, 1.32%, 0, 17, 6, 9.87, 40209
1648639452, 52, 258, 438, 344, 1, 1.32%, 0, 17, 6, 7.51, 40454
1648639482, 52, 258, 439, 345, 1, 1.32%, 0, 17, 6, 5.61, 40610
1648639488, 52, 258, 440, 346, 1, 1.32%, 0, 17, 6, 5.76, 40641
1648639498, 52, 258, 441, 347, 1, 1.32%, 0, 17, 6, 6.10, 40702
1648639508, 52, 258, 442, 348, 1, 1.32%, 0, 17, 6, 4.00, 40744
1648639513, 53, 83, 442, 348, 0, 1.32%, 0, 17, 6, 30.01, 40787
1648639518, 53, 83, 443, 349, 0, 1.32%, 0, 17, 6, 5.39, 40835
1648639545, 53, 271, 443, 348, 0, 1.32%, 0, 17, 6, 7.52, 41060
1648639581, 53, 271, 444, 349, 0, 1.32%, 0, 17, 6, 5.40, 41200
1648639622, 53, 271, 446, 351, 0, 1.32%, 0, 17, 6, 5.21, 41389
1648639627, 54, 265, 446, 350, 2, 1.32%, 0, 17, 6, 6.08, 41420
1648639647, 55, 3, 446, 349, 1, 1.32%, 0, 17, 6, 6.93, 41567
1648639658, 55, 3, 447, 350, 1, 1.32%, 0, 17, 6, 5.24, 41625
1648639669, 55, 3, 447, 350, 1, 1.32%, 0, 18, 6, 4.02, 41667
1648639674, 55, 3, 447, 350, 1, 1.32%, 0, 19, 6, 3.98, 41685
1648639679, 55, 3, 447, 350, 1, 1.32%, 0, 20, 6, 5.09, 41711
1648639705, 55, 439, 447, 350, 1, 1.32%, 0, 20, 6, 5.84, 41859
1648639792, 56, 398, 447, 349, 0, 1.32%, 0, 20, 6, 6.17, 42418
1648639828, 56, 398, 448, 350, 0, 1.32%, 0, 20, 6, 6.84, 42660
1648639833, 56, 398, 449, 351, 0, 1.32%, 0, 20, 6, 6.12, 42690
1648639884, 57, 95, 449, 350, 0, 1.32%, 0, 20, 6, 8.34, 43037
1648639910, 57, 95, 449, 350, 0, 1.32%, 0, 21, 6, 1.00, 43197
1648639926, 57, 95, 450, 351, 0, 1.32%, 0, 21, 6, 4.96, 43280
1648639931, 57, 398, 450, 350, 0, 1.32%, 0, 22, 6, 4.59, 43300
1648639983, 57, 398, 451, 351, 0, 1.32%, 0, 22, 6, 5.06, 43527
1648640014, 57, 398, 452, 352, 0, 1.32%, 0, 22, 6, 4.86, 43695
1648640019, 57, 398, 453, 353, 0, 1.32%, 0, 22, 6, 5.25, 43722
1648640055, 58, 298, 453, 353, 0, 1.32%, 0, 22, 6, 6.16, 43911
1648640106, 59, 173, 453, 352, 0, 1.32%, 0, 22, 6, 5.50, 44249
1648640167, 60, 9, 453, 352, 0, 1.32%, 0, 22, 6, 8.47, 44554
1648640203, 60, 399, 453, 352, 0, 1.32%, 0, 22, 6, 6.88, 44838
1648640276, 60, 399, 454, 353, 0, 1.32%, 0, 22, 6, 6.68, 45298
1648640296, 60, 445, 454, 352, 0, 1.32%, 0, 22, 6, 6.16, 45430
1648640363, 60, 445, 455, 353, 0, 1.32%, 0, 22, 6, 6.02, 45821
1648640384, 60, 445, 456, 354, 0, 1.32%, 0, 22, 6, 4.48, 45930
1648640410, 61, 360, 456, 353, 1, 1.32%, 0, 22, 6, 5.23, 46055
1648640425, 61, 360, 457, 354, 1, 1.33%, 0, 22, 6, 5.08, 46133
1648640482, 62, 140, 457, 353, 0, 1.33%, 0, 22, 6, 6.51, 46527
1648640523, 62, 140, 458, 354, 0, 1.33%, 0, 22, 6, 5.30, 46767
1648640533, 62, 447, 458, 353, 0, 1.33%, 0, 22, 6, 14.53, 46873
1648640554, 63, 359, 458, 352, 0, 1.33%, 0, 22, 6, 9.90, 47128
1648640564, 63, 359, 459, 353, 0, 1.33%, 0, 22, 6, 5.93, 47184
1648640616, 63, 359, 460, 354, 0, 1.33%, 0, 22, 6, 0.80, 47471
1648640641, 63, 359, 460, 354, 0, 1.33%, 0, 23, 6, 7.35, 47666
1648640652, 63, 359, 461, 355, 0, 1.33%, 0, 23, 6, 5.34, 47721
1648640662, 64, 198, 462, 355, 3, 1.33%, 0, 23, 6, 6.76, 47789
1648640672, 64, 198, 463, 356, 3, 1.33%, 0, 23, 6, 4.54, 47836
1648640709, 64, 198, 464, 357, 3, 1.33%, 0, 23, 6, 3.35, 47967
1648640740, 64, 258, 464, 357, 2, 1.33%, 0, 23, 6, 4.50, 48075
1648640755, 64, 393, 464, 357, 2, 1.33%, 0, 23, 6, 5.21, 48168
1648640822, 64, 393, 465, 358, 2, 1.33%, 0, 23, 6, 4.19, 48401
1648640827, 65, 164, 465, 357, 1, 1.33%, 0, 23, 6, 29.36, 48455
1648640838, 65, 164, 467, 359, 1, 1.33%, 0, 23, 6, 13.16, 48625
1648640863, 65, 400, 467, 358, 1, 1.33%, 0, 23, 6, 12.93, 48901
1648640889, 65, 400, 468, 359, 1, 1.33%, 0, 23, 6, 6.52, 49147
1648640915, 65, 400, 469, 360, 1, 1.33%, 0, 23, 6, 7.55, 49317
1648640945, 65, 448, 469, 359, 0, 1.33%, 0, 23, 6, 9.21, 49539
1648640991, 65, 448, 470, 360, 0, 1.33%, 0, 23, 6, 7.27, 49935
1648641012, 66, 341, 470, 359, 0, 1.33%, 0, 23, 6, 9.69, 50095
1648641027, 66, 341, 471, 360, 0, 1.33%, 0, 23, 6, 12.49, 50334
1648641038, 66, 341, 472, 361, 0, 1.33%, 0, 23, 6, 8.78, 50437
1648641048, 66, 341, 473, 362, 0, 1.33%, 0, 23, 6, 3.72, 50482
1648641084, 67, 168, 473, 361, 0, 1.33%, 0, 23, 6, 5.81, 50728
1648641172, 67, 176, 473, 361, 0, 1.33%, 0, 23, 6, 3.22, 51000
1648641218, 67, 176, 474, 362, 0, 1.33%, 0, 23, 6, 5.54, 51210
1648641229, 67, 176, 475, 363, 0, 1.33%, 0, 23, 6, 5.61, 51264
1648641239, 67, 453, 475, 362, 0, 1.33%, 0, 23, 6, 5.06, 51312
1648641275, 68, 68, 475, 361, 0, 1.33%, 0, 23, 6, 6.88, 51559
1648641290, 68, 270, 475, 361, 0, 1.33%, 0, 23, 6, 7.12, 51669
1648641306, 68, 270, 476, 362, 0, 1.33%, 0, 23, 6, 4.96, 51767
1648641321, 68, 270, 477, 363, 0, 1.33%, 0, 23, 6, 6.66, 51873
1648641342, 69, 258, 477, 362, 3, 1.33%, 0, 23, 6, 6.76, 52005
1648641347, 69, 393, 477, 362, 3, 1.33%, 0, 23, 6, 6.95, 52039
1648641388, 69, 393, 478, 363, 3, 1.33%, 0, 23, 6, 6.42, 52396
1648641399, 69, 393, 479, 364, 3, 1.33%, 0, 23, 6, 6.28, 52454
1648641430, 69, 469, 479, 364, 0, 1.33%, 0, 23, 6, 5.20, 52647
1648641471, 69, 469, 480, 365, 0, 1.33%, 0, 23, 7, 5.12, 52846
1648641497, 69, 469, 481, 366, 0, 1.33%, 0, 23, 7, 6.20, 52993
1648641543, 70, 261, 481, 365, 3, 1.33%, 0, 23, 7, 9.85, 53259
1648641554, 70, 261, 482, 366, 3, 1.33%, 0, 23, 7, 8.49, 53361
1648641584, 70, 454, 482, 365, 2, 1.33%, 0, 23, 7, 6.31, 53593
1648641625, 71, 378, 482, 364, 1, 1.33%, 0, 23, 7, 6.04, 53820
1648641719, 72, 334, 482, 363, 0, 1.33%, 0, 23, 7, 6.73, 54405
1648641765, 72, 334, 483, 364, 0, 1.33%, 0, 24, 7, 6.13, 54692
1648641770, 72, 334, 484, 365, 0, 1.33%, 0, 24, 7, 5.87, 54722
1648641776, 72, 451, 484, 364, 0, 1.33%, 0, 24, 7, 4.32, 54740
1648641837, 73, 239, 484, 363, 0, 1.33%, 0, 24, 7, 4.62, 54927
1648641920, 73, 408, 484, 362, 0, 1.33%, 0, 24, 7, 4.82, 55266
1648641971, 73, 408, 485, 363, 0, 1.34%, 0, 24, 7, 2.73, 55416
1648641997, 73, 408, 486, 364, 0, 1.34%, 0, 24, 7, 3.09, 55490
1648642079, 74, 403, 486, 363, 0, 1.34%, 0, 24, 7, 4.49, 55748
1648642132, 74, 403, 486, 363, 0, 1.34%, 0, 25, 7, 2.17, 55866
1648642205, 74, 403, 487, 364, 0, 1.34%, 0, 25, 7, 2.26, 56037
1648642325, 74, 467, 487, 363, 1, 1.34%, 0, 25, 7, 6.23, 56344
1648642398, 74, 467, 489, 365, 1, 1.34%, 0, 25, 7, 6.90, 56836
1648642408, 75, 460, 489, 364, 0, 1.34%, 0, 25, 7, 6.98, 56907
1648642449, 75, 460, 490, 365, 0, 1.34%, 0, 25, 7, 5.76, 57187
1648642454, 75, 460, 491, 366, 0, 1.34%, 0, 25, 7, 5.07, 57213
1648642465, 75, 460, 492, 367, 0, 1.35%, 0, 25, 7, 6.31, 57269
1648642491, 75, 460, 492, 367, 0, 1.35%, 0, 26, 7, 4.72, 57385
1648642502, 75, 460, 492, 367, 0, 1.35%, 0, 27, 7, 5.60, 57448
1648642512, 76, 92, 492, 366, 0, 1.35%, 0, 27, 7, 7.57, 57515
1648642549, 76, 92, 493, 367, 0, 1.35%, 0, 27, 7, 5.04, 57745
1648642564, 76, 185, 493, 366, 0, 1.35%, 0, 27, 7, 4.54, 57815
1648642590, 77, 184, 493, 365, 0, 1.35%, 0, 27, 7, 5.26, 57946
1648642662, 77, 218, 493, 364, 0, 1.35%, 0, 27, 7, 5.67, 58284
1648642714, 77, 483, 493, 363, 0, 1.35%, 0, 27, 7, 4.97, 58582
1648642889, 78, 425, 493, 362, 0, 1.35%, 0, 27, 7, 5.28, 59459
1648642925, 79, 272, 493, 361, 0, 1.35%, 0, 27, 7, 2.98, 59584
1648642977, 80, 171, 493, 360, 0, 1.35%, 0, 27, 7, 6.16, 59930
1648643018, 80, 171, 494, 361, 0, 1.35%, 0, 27, 7, 2.61, 60052
1648643039, 80, 171, 494, 361, 0, 1.35%, 0, 28, 7, 2.85, 60105
1648643076, 80, 171, 495, 362, 0, 1.35%, 0, 28, 7, 2.67, 60209
1648643107, 80, 366, 495, 361, 0, 1.35%, 0, 28, 7, 3.75, 60299
1648643159, 80, 413, 495, 360, 0, 1.35%, 0, 28, 7, 5.88, 60642
1648643169, 81, 402, 495, 360, 0, 1.35%, 0, 28, 7, 5.19, 60695
1648643190, 81, 402, 495, 360, 0, 1.35%, 0, 29, 7, 6.82, 60820
1648643216, 81, 402, 496, 361, 0, 1.35%, 0, 29, 7, 5.63, 60962
1648643221, 81, 402, 497, 362, 0, 1.35%, 0, 29, 7, 4.61, 60984
1648643231, 82, 40, 497, 362, 0, 1.35%, 0, 29, 7, 8.26, 61046
1648643247, 82, 40, 498, 363, 0, 1.35%, 0, 29, 7, 8.53, 61186
1648643257, 82, 189, 498, 363, 0, 1.35%, 0, 29, 7, 9.33, 61278
1648643319, 82, 469, 498, 363, 0, 1.35%, 0, 29, 7, 3.64, 61543
1648643402, 82, 469, 499, 364, 0, 1.35%, 0, 29, 7, 5.05, 61789
1648643496, 83, 409, 499, 364, 1, 1.35%, 0, 30, 7, 3.35, 62125
1648643532, 83, 409, 500, 365, 1, 1.35%, 0, 30, 7, 3.73, 62258
1648643557, 83, 409, 501, 366, 1, 1.35%, 0, 30, 7, 3.80, 62354
1648643594, 83, 409, 502, 367, 1, 1.35%, 0, 30, 7, 0.78, 62514
1648643656, 84, 221, 502, 367, 1, 1.35%, 0, 30, 7, 4.96, 62778
1648643662, 84, 393, 502, 367, 1, 1.35%, 0, 30, 7, 5.35, 62807
1648643734, 84, 479, 503, 368, 1, 1.35%, 0, 30, 8, 0.78, 63396
1648643739, 84, 479, 504, 369, 1, 1.35%, 0, 30, 8, 4.54, 63419
1648643745, 84, 479, 504, 369, 1, 1.35%, 0, 31, 8, 4.41, 63443
1648643755, 84, 479, 505, 370, 1, 1.35%, 0, 31, 8, 4.74, 63491
1648643786, 84, 479, 506, 371, 1, 1.35%, 0, 31, 8, 4.79, 63619
1648643838, 84, 479, 507, 372, 1, 1.35%, 0, 31, 8, 4.68, 63884
1648643854, 84, 479, 507, 372, 1, 1.35%, 0, 32, 8, 0.97, 63946
1648643869, 85, 467, 507, 371, 1, 1.35%, 0, 32, 8, 4.93, 64020
1648643946, 85, 467, 508, 372, 1, 1.35%, 0, 32, 8, 5.39, 64340
1648644013, 87, 141, 508, 372, 1, 1.35%, 0, 32, 8, 6.93, 64629
1648644060, 87, 481, 508, 371, 1, 1.35%, 0, 32, 8, 6.50, 64916
1648644195, 88, 480, 508, 370, 0, 1.35%, 0, 32, 8, 5.02, 65778
1648644277, 88, 480, 509, 371, 0, 1.35%, 0, 32, 8, 5.21, 66132
1648644335, 88, 480, 509, 370, 0, 1.35%, 0, 32, 8, 5.05, 66381
1648644371, 90, 45, 509, 370, 0, 1.35%, 0, 32, 8, 8.27, 66621
1648644391, 90, 45, 510, 371, 0, 1.35%, 0, 32, 8, 6.01, 66771
1648644396, 90, 45, 511, 372, 0, 1.35%, 0, 32, 8, 5.98, 66800
1648644407, 90, 172, 511, 371, 0, 1.35%, 0, 32, 8, 7.73, 66878
1648644453, 90, 172, 512, 372, 0, 1.35%, 0, 32, 8, 2.61, 67013
1648644474, 90, 172, 512, 372, 0, 1.35%, 0, 33, 8, 2.67, 67065
1648644521, 91, 146, 512, 372, 0, 1.35%, 0, 33, 8, 3.44, 67203
1648644563, 91, 420, 512, 372, 0, 1.35%, 0, 33, 8, 5.90, 67504
1648644609, 92, 201, 512, 371, 0, 1.35%, 0, 33, 8, 6.69, 67750
1648644661, 92, 489, 512, 370, 0, 1.35%, 0, 33, 8, 6.09, 68078
1648644713, 93, 483, 512, 369, 0, 1.35%, 0, 33, 8, 6.43, 68407
1648644791, 94, 394, 512, 369, 0, 1.35%, 0, 33, 8, 6.35, 68857
1648644843, 94, 394, 513, 370, 0, 1.35%, 0, 33, 8, 2.52, 69103
1648644983, 95, 178, 514, 370, 0, 1.36%, 0, 33, 8, 17.05, 69492
1648645019, 96, 220, 515, 370, 0, 1.36%, 0, 33, 8, 7.29, 69784
1648645091, 96, 430, 515, 369, 0, 1.36%, 0, 33, 8, 3.89, 70091
1648645132, 97, 404, 515, 369, 0, 1.36%, 0, 33, 8, 20.14, 70969
1648645183, 98, 224, 515, 369, 0, 1.36%, 0, 33, 8, 11.01, 71227
1648645224, 99, 206, 515, 368, 0, 1.36%, 0, 33, 8, 6.88, 71542
1648645235, 100, 55, 515, 368, 0, 1.36%, 0, 33, 8, 7.38, 71619
1648645265, 100, 55, 516, 369, 0, 1.36%, 0, 33, 8, 5.91, 71796
1648645286, 100, 425, 516, 368, 0, 1.36%, 0, 33, 8, 6.72, 71930
1648645338, 100, 425, 517, 369, 0, 1.36%, 0, 33, 8, 2.57, 72085
1648645349, 101, 268, 517, 369, 0, 1.36%, 0, 33, 8, 2.93, 72113
1648645374, 101, 415, 517, 368, 0, 1.36%, 0, 33, 8, 5.06, 72209
1648645390, 101, 415, 518, 369, 0, 1.36%, 0, 33, 8, 5.62, 72294
1648645405, 101, 415, 518, 369, 0, 1.36%, 0, 34, 8, 6.10, 72370
1648645446, 101, 426, 518, 369, 0, 1.36%, 0, 34, 8, 4.89, 72571
1648645477, 102, 416, 518, 368, 0, 1.36%, 0, 34, 8, 6.03, 72769
1648645514, 102, 416, 518, 368, 0, 1.36%, 0, 35, 8, 6.25, 72977
1648645530, 103, 212, 518, 368, 0, 1.36%, 0, 35, 8, 8.75, 73085
1648645576, 104, 181, 518, 367, 0, 1.36%, 0, 35, 8, 4.47, 73397
1648645644, 104, 181, 518, 367, 0, 1.36%, 0, 36, 8, 2.33, 73567
1648645685, 105, 62, 518, 366, 0, 1.36%, 0, 36, 8, 3.01, 73676
1648645732, 105, 414, 518, 365, 0, 1.36%, 0, 36, 8, 6.47, 73959
1648645773, 106, 153, 518, 365, 0, 1.36%, 0, 36, 8, 10.05, 74251
1648645803, 107, 113, 518, 365, 0, 1.36%, 0, 36, 8, 12.06, 74555
1648645824, 107, 113, 519, 366, 0, 1.36%, 0, 36, 8, 7.16, 74732
1648645839, 108, 64, 519, 365, 0, 1.36%, 0, 36, 8, 7.76, 74862
1648645885, 108, 427, 519, 364, 0, 1.36%, 0, 36, 8, 6.45, 75170
1648645911, 109, 182, 519, 363, 0, 1.36%, 0, 36, 8, 6.86, 75340
1648645972, 109, 184, 519, 362, 0, 1.36%, 0, 36, 8, 6.00, 75662
1648645988, 109, 184, 520, 363, 0, 1.36%, 0, 36, 8, 4.05, 75739
1648646013, 109, 184, 521, 364, 0, 1.36%, 0, 37, 8, 4.30, 75860
1648646029, 109, 220, 521, 364, 0, 1.36%, 0, 37, 8, 5.23, 75939
1648646034, 109, 225, 521, 364, 0, 1.36%, 0, 37, 8, 5.49, 75968
1648646085, 109, 491, 521, 363, 0, 1.36%, 0, 37, 8, 7.36, 76329
1648646111, 109, 491, 521, 363, 0, 1.36%, 0, 38, 8, 6.73, 76512
1648646122, 110, 433, 521, 363, 0, 1.36%, 0, 38, 8, 9.64, 76605
1648646164, 110, 502, 521, 363, 0, 1.36%, 0, 38, 8, 5.44, 76870
1648646189, 110, 502, 522, 364, 0, 1.36%, 0, 38, 9, 4.27, 76998
1648646220, 110, 502, 523, 365, 0, 1.36%, 0, 38, 9, 5.12, 77132
1648646236, 111, 322, 523, 365, 0, 1.36%, 0, 38, 9, 14.48, 77261
1648646252, 111, 516, 523, 365, 0, 1.36%, 0, 38, 9, 2.07, 77453
1648646424, 112, 275, 523, 364, 0, 1.36%, 0, 38, 9, 3.15, 77891
1648646465, 112, 414, 523, 364, 0, 1.36%, 0, 38, 9, 7.59, 78081
1648646486, 112, 414, 524, 365, 0, 1.36%, 0, 38, 9, 0.79, 78210
1648646491, 112, 414, 525, 366, 0, 1.37%, 0, 38, 9, 7.96, 78254
1648646512, 112, 437, 525, 366, 0, 1.37%, 0, 38, 9, 14.40, 78435
1648646522, 113, 307, 525, 365, 0, 1.37%, 0, 38, 9, 24.13, 78646
1648646559, 113, 504, 525, 364, 0, 1.37%, 0, 38, 9, 7.43, 78991
1648646666, 113, 504, 526, 365, 0, 1.37%, 0, 38, 9, 3.06, 79363
1648646718, 113, 504, 526, 365, 0, 1.37%, 0, 39, 9, 3.71, 79536
1648646754, 114, 114, 526, 364, 0, 1.37%, 0, 39, 9, 4.58, 79661
1648646795, 114, 350, 526, 364, 0, 1.37%, 0, 39, 9, 7.07, 79940
1648646831, 114, 350, 527, 365, 0, 1.37%, 0, 39, 9, 5.31, 80182
1648646882, 115, 9, 527, 364, 0, 1.37%, 0, 39, 9, 5.41, 80503
1648646913, 115, 166, 527, 364, 0, 1.37%, 0, 39, 9, 14.81, 80847
1648646944, 115, 184, 527, 364, 0, 1.37%, 0, 39, 9, 7.01, 81087
1648646970, 115, 184, 528, 365, 0, 1.37%, 0, 39, 9, 5.28, 81229
1648647006, 115, 184, 529, 366, 0, 1.37%, 0, 39, 9, 4.41, 81393
1648647011, 115, 415, 529, 366, 0, 1.37%, 0, 40, 9, 4.04, 81403
1648647022, 116, 214, 529, 366, 0, 1.37%, 0, 40, 9, 7.24, 81474
1648647048, 116, 214, 530, 367, 0, 1.37%, 0, 40, 9, 5.56, 81640
1648647080, 116, 472, 530, 366, 0, 1.37%, 0, 40, 9, 5.70, 81833
1648647085, 116, 472, 530, 366, 0, 1.37%, 0, 41, 9, 5.47, 81856
1648647111, 116, 472, 530, 366, 0, 1.37%, 0, 42, 9, 5.52, 81989
1648647132, 117, 381, 530, 366, 0, 1.37%, 0, 42, 9, 5.36, 82102
1648647163, 117, 381, 530, 366, 0, 1.37%, 0, 43, 9, 5.90, 82288
1648647225, 118, 298, 530, 365, 0, 1.37%, 0, 43, 9, 6.82, 82694
1648647276, 118, 517, 530, 365, 0, 1.37%, 0, 43, 9, 6.99, 83016
1648647281, 118, 517, 531, 366, 0, 1.37%, 0, 43, 9, 7.12, 83052
1648647298, 119, 18, 531, 366, 0, 1.37%, 0, 43, 9, 8.43, 83157
1648647308, 119, 18, 532, 367, 0, 1.37%, 0, 43, 9, 8.29, 83243
1648647334, 119, 118, 532, 366, 0, 1.37%, 0, 43, 9, 22.96, 83524
1648647375, 119, 185, 532, 365, 0, 1.37%, 0, 43, 9, 7.42, 83865
1648647406, 119, 185, 533, 366, 0, 1.37%, 0, 43, 9, 4.60, 84018
1648647436, 119, 506, 533, 366, 0, 1.37%, 0, 43, 9, 4.44, 84151
1648647498, 120, 303, 533, 366, 0, 1.37%, 0, 43, 9, 5.22, 84445
1648647518, 120, 303, 534, 367, 0, 1.37%, 0, 43, 9, 5.56, 84576
1648647560, 121, 46, 534, 366, 0, 1.37%, 0, 43, 9, 6.67, 84806
1648647591, 121, 47, 534, 366, 0, 1.37%, 0, 43, 9, 7.85, 85066
1648647622, 121, 47, 535, 367, 0, 1.37%, 0, 43, 9, 5.06, 85260
1648647633, 121, 377, 535, 366, 0, 1.37%, 0, 43, 9, 6.21, 85319
1648647643, 121, 377, 535, 366, 0, 1.37%, 0, 44, 9, 6.81, 85385
1648647648, 121, 377, 536, 367, 0, 1.37%, 0, 44, 9, 5.76, 85414
1648647679, 122, 0, 536, 367, 1, 1.37%, 0, 44, 9, 7.59, 85598
1648647709, 122, 0, 537, 368, 1, 1.37%, 0, 44, 9, 5.16, 85777
1648647725, 122, 510, 537, 368, 1, 1.37%, 0, 44, 9, 5.29, 85855
1648647751, 122, 510, 538, 369, 1, 1.37%, 0, 44, 9, 5.50, 86033
1648647797, 123, 258, 538, 368, 1, 1.37%, 0, 44, 9, 5.12, 86322
1648647813, 123, 258, 539, 369, 1, 1.38%, 0, 44, 9, 3.23, 86371
1648647859, 123, 258, 540, 370, 1, 1.38%, 0, 44, 9, 3.32, 86522
1648647889, 124, 185, 540, 370, 0, 1.38%, 0, 44, 9, 4.89, 86628
1648647940, 124, 430, 540, 370, 0, 1.38%, 0, 44, 9, 5.28, 86880
1648648028, 124, 430, 541, 371, 0, 1.38%, 0, 44, 9, 4.94, 87489
1648648069, 125, 283, 541, 371, 1, 1.38%, 0, 44, 9, 5.97, 87761
1648648121, 125, 424, 541, 371, 1, 1.38%, 0, 44, 9, 1.79, 88086
1648648188, 125, 461, 541, 370, 0, 1.38%, 0, 44, 9, 6.39, 88432
1648648264, 125, 461, 542, 371, 0, 1.38%, 0, 44, 9, 6.05, 89082
1648648312, 126, 317, 542, 370, 0, 1.38%, 0, 44, 9, 6.51, 89354
1648648347, 126, 317, 544, 372, 0, 1.38%, 0, 44, 9, 6.03, 89568
1648648404, 127, 316, 544, 371, 0, 1.38%, 0, 44, 9, 6.34, 89927
1648648477, 128, 207, 544, 370, 0, 1.38%, 0, 44, 9, 5.60, 90185
1648648534, 128, 273, 544, 369, 0, 1.38%, 0, 44, 9, 4.61, 90536
1648648611, 128, 497, 544, 368, 0, 1.38%, 0, 44, 9, 5.99, 90875
1648648679, 128, 497, 545, 369, 0, 1.38%, 0, 44, 9, 6.24, 91292
1648648699, 129, 425, 545, 368, 0, 1.38%, 0, 44, 9, 8.43, 91434
1648648719, 130, 186, 545, 368, 0, 1.38%, 0, 44, 9, 10.14, 91669
1648648786, 130, 262, 545, 367, 0, 1.38%, 0, 44, 9, 10.41, 92045
1648648828, 130, 464, 545, 366, 0, 1.38%, 0, 44, 9, 0.98, 92346
1648648839, 130, 464, 546, 367, 0, 1.38%, 0, 44, 9, 4.84, 92396
1648648865, 130, 464, 546, 367, 0, 1.38%, 0, 45, 9, 4.37, 92507
1648648876, 130, 464, 546, 367, 0, 1.38%, 0, 46, 9, 4.42, 92554
1648648907, 130, 464, 547, 368, 0, 1.38%, 0, 46, 9, 5.62, 92716
1648648917, 130, 464, 548, 369, 0, 1.38%, 0, 46, 9, 4.01, 92760
1648648954, 130, 464, 549, 370, 0, 1.38%, 0, 46, 9, 5.77, 92913
1648648970, 131, 3, 549, 369, 1, 1.38%, 0, 46, 9, 8.13, 93021
1648649001, 131, 481, 549, 369, 1, 1.38%, 0, 46, 9, 9.28, 93242
1648649130, 131, 481, 550, 370, 1, 1.38%, 0, 46, 9, 5.70, 94080
1648649202, 131, 481, 551, 371, 1, 1.38%, 0, 46, 9, 6.73, 94850
1648649213, 131, 481, 552, 372, 1, 1.38%, 0, 46, 9, 6.11, 94914
1648649218, 131, 481, 553, 373, 1, 1.38%, 0, 46, 9, 6.01, 94944
1648649228, 131, 508, 553, 373, 1, 1.38%, 0, 46, 9, 7.50, 95030
1648649368, 131, 508, 554, 374, 1, 1.38%, 0, 46, 9, 4.88, 95838
1648649476, 131, 550, 554, 373, 0, 1.38%, 0, 46, 9, 4.18, 96210
1648649549, 131, 550, 554, 373, 0, 1.38%, 0, 47, 9, 1.91, 96459
