# unix_time, cycles_done, cur_path, paths_total, pending_total, pending_favs, map_size, unique_crashes, unique_hangs, max_depth, execs_per_sec, total_execs
1648633346, 0, 0, 14, 14, 11, 1.02%, 0, 0, 2, 10.69, 202
1648633351, 0, 0, 17, 17, 11, 1.02%, 0, 0, 2, 9.32, 248
1648633357, 0, 0, 20, 20, 11, 1.03%, 0, 0, 2, 7.92, 286
1648633362, 0, 0, 23, 23, 11, 1.03%, 0, 0, 2, 7.13, 322
1648633367, 0, 0, 26, 26, 11, 1.03%, 0, 0, 2, 6.15, 353
1648633372, 0, 0, 29, 29, 11, 1.03%, 0, 0, 2, 5.94, 383
1648633377, 0, 0, 32, 32, 11, 1.03%, 0, 0, 2, 5.85, 414
1648633382, 0, 0, 34, 34, 11, 1.03%, 0, 0, 2, 7.26, 455
1648633387, 0, 0, 35, 35, 11, 1.03%, 0, 0, 2, 7.52, 494
1648633393, 0, 0, 38, 38, 11, 1.03%, 0, 0, 2, 9.88, 547
1648633398, 0, 0, 40, 40, 11, 1.03%, 0, 0, 2, 8.47, 583
1648633403, 0, 13, 43, 42, 0, 1.03%, 0, 0, 3, 8.79, 633
1648633408, 0, 13, 44, 43, 0, 1.03%, 0, 0, 3, 10.52, 694
1648633413, 0, 13, 45, 44, 0, 1.03%, 0, 0, 3, 10.39, 750
1648633418, 0, 13, 46, 45, 0, 1.03%, 0, 0, 3, 7.98, 786
1648633434, 0, 39, 50, 48, 0, 1.04%, 0, 0, 3, 15.85, 962
1648633439, 0, 39, 51, 49, 0, 1.04%, 0, 0, 3, 15.45, 1043
1648633449, 0, 39, 53, 51, 0, 1.04%, 0, 0, 3, 11.58, 1161
1648633454, 0, 39, 54, 52, 0, 1.04%, 0, 0, 3, 12.86, 1223
1648633459, 1, 0, 56, 53, 10, 1.04%, 0, 0, 3, 10.98, 1275
1648633465, 1, 0, 59, 56, 10, 1.04%, 0, 0, 3, 7.38, 1308
1648633470, 1, 0, 62, 59, 10, 1.04%, 0, 0, 3, 6.23, 1340
1648633475, 1, 0, 64, 61, 10, 1.05%, 0, 0, 3, 5.27, 1365
1648633480, 1, 0, 67, 64, 10, 1.06%, 0, 0, 3, 5.81, 1397
1648633485, 1, 0, 69, 66, 10, 1.06%, 0, 0, 3, 6.43, 1430
1648633490, 1, 0, 71, 68, 10, 1.07%, 0, 0, 3, 8.06, 1473
1648633495, 1, 0, 73, 70, 10, 1.08%, 0, 0, 3, 7.73, 1511
1648633500, 1, 0, 75, 72, 10, 1.08%, 0, 0, 3, 6.63, 1542
1648633505, 1, 0, 77, 74, 10, 1.08%, 0, 0, 3, 6.38, 1574
1648633511, 1, 0, 80, 77, 10, 1.08%, 0, 0, 3, 5.68, 1603
1648633516, 1, 0, 81, 78, 10, 1.08%, 0, 0, 3, 5.51, 1633
1648633521, 1, 0, 84, 81, 10, 1.09%, 0, 0, 3, 6.12, 1667
1648633526, 1, 0, 85, 82, 10, 1.09%, 0, 0, 3, 7.07, 1704
1648633531, 1, 0, 86, 83, 10, 1.09%, 0, 0, 3, 6.41, 1736
1648633536, 1, 0, 88, 85, 10, 1.10%, 0, 0, 3, 7.09, 1772
1648633541, 1, 0, 90, 87, 10, 1.10%, 0, 0, 3, 7.54, 1809
1648633547, 1, 0, 90, 87, 1, 1.10%, 0, 0, 3, 8.92, 1857
1648633552, 1, 0, 91, 88, 1, 1.11%, 0, 0, 3, 7.85, 1895
1648633557, 1, 0, 92, 89, 1, 1.11%, 0, 0, 3, 6.99, 1929
1648633562, 1, 0, 94, 91, 1, 1.11%, 0, 0, 3, 6.25, 1960
1648633573, 1, 0, 95, 92, 1, 1.11%, 0, 0, 3, 6.93, 2033
1648633578, 1, 0, 98, 95, 1, 1.11%, 0, 0, 3, 7.37, 2072
1648633583, 1, 0, 99, 96, 1, 1.12%, 0, 0, 3, 7.49, 2110
1648633588, 1, 0, 100, 97, 1, 1.12%, 0, 0, 3, 5.74, 2138
1648633593, 1, 0, 101, 98, 1, 1.12%, 0, 0, 3, 6.17, 2171
1648633599, 1, 0, 102, 99, 2, 1.12%, 0, 0, 3, 7.94, 2210
1648633604, 1, 0, 103, 100, 2, 1.12%, 0, 0, 3, 8.48, 2256
1648633609, 1, 0, 106, 103, 2, 1.12%, 0, 0, 3, 8.53, 2301
1648633614, 1, 0, 107, 104, 2, 1.12%, 0, 0, 3, 9.27, 2351
1648633619, 1, 0, 109, 106, 2, 1.12%, 0, 0, 3, 7.24, 2382
1648633624, 1, 0, 110, 107, 2, 1.12%, 0, 0, 3, 6.70, 2412
1648633635, 1, 0, 111, 108, 2, 1.12%, 0, 0, 3, 6.30, 2479
1648633640, 1, 0, 112, 109, 2, 1.12%, 0, 0, 3, 7.49, 2518
1648633645, 1, 66, 112, 109, 0, 1.12%, 0, 0, 3, 6.77, 2552
1648633655, 1, 66, 113, 110, 0, 1.12%, 0, 0, 3, 4.91, 2604
1648633666, 1, 66, 115, 112, 0, 1.12%, 0, 0, 3, 4.43, 2649
1648633671, 1, 66, 117, 114, 0, 1.12%, 0, 0, 3, 3.77, 2666
1648633676, 1, 66, 118, 115, 0, 1.12%, 0, 0, 3, 3.80, 2685
1648633681, 1, 66, 119, 116, 0, 1.14%, 0, 0, 3, 3.59, 2703
1648633686, 1, 66, 121, 118, 0, 1.14%, 0, 0, 3, 4.30, 2726
1648633691, 1, 66, 122, 119, 0, 1.14%, 0, 0, 3, 3.92, 2745
1648633697, 1, 66, 123, 120, 0, 1.14%, 0, 0, 3, 4.03, 2766
1648633702, 1, 66, 124, 121, 0, 1.14%, 0, 0, 3, 3.92, 2786
1648633707, 1, 66, 126, 123, 0, 1.15%, 0, 0, 3, 4.71, 2812
1648633712, 1, 66, 128, 125, 0, 1.16%, 0, 0, 3, 4.76, 2835
1648633717, 1, 66, 130, 127, 0, 1.16%, 0, 0, 3, 4.21, 2854
1648633738, 1, 66, 131, 128, 0, 1.16%, 0, 0, 3, 4.60, 2949
1648633748, 2, 58, 131, 127, 0, 1.16%, 0, 0, 3, 22.34, 3049
1648633753, 2, 58, 132, 128, 0, 1.16%, 0, 0, 3, 12.09, 3088
1648633758, 2, 58, 133, 129, 0, 1.16%, 0, 0, 3, 8.84, 3125
1648633763, 2, 58, 134, 130, 0, 1.16%, 0, 0, 3, 8.78, 3167
1648633768, 2, 58, 136, 132, 0, 1.17%, 0, 0, 3, 8.11, 3209
1648633774, 2, 58, 137, 133, 0, 1.17%, 0, 0, 3, 7.47, 3246
1648633784, 2, 58, 138, 134, 0, 1.19%, 0, 0, 3, 8.78, 3350
1648633789, 2, 58, 140, 136, 0, 1.19%, 0, 0, 3, 9.11, 3394
1648633794, 3, 2, 141, 135, 1, 1.19%, 0, 0, 3, 8.32, 3435
1648633799, 3, 2, 142, 136, 1, 1.19%, 0, 0, 3, 8.99, 3481
1648633804, 3, 2, 143, 137, 1, 1.19%, 0, 0, 3, 9.74, 3531
1648633815, 3, 2, 144, 138, 1, 1.19%, 0, 0, 3, 6.92, 3597
1648633825, 3, 2, 146, 140, 1, 1.19%, 0, 0, 3, 7.37, 3675
1648633835, 3, 2, 147, 140, 1, 1.19%, 0, 0, 3, 5.94, 3739
1648633840, 3, 3, 147, 140, 1, 1.19%, 0, 0, 3, 10.45, 3801
1648633845, 3, 3, 149, 142, 1, 1.19%, 0, 0, 3, 8.02, 3835
1648633855, 3, 3, 152, 145, 1, 1.19%, 0, 0, 3, 9.42, 3944
1648633861, 3, 3, 153, 146, 1, 1.19%, 0, 0, 3, 8.47, 3986
1648633871, 3, 3, 154, 147, 1, 1.19%, 0, 0, 3, 9.66, 4085
1648633876, 3, 18, 154, 146, 0, 1.19%, 0, 0, 3, 7.91, 4122
1648633881, 3, 18, 155, 147, 0, 1.19%, 0, 0, 3, 5.49, 4143
1648633886, 3, 18, 156, 148, 0, 1.19%, 0, 0, 3, 4.67, 4165
1648633892, 3, 18, 157, 149, 0, 1.19%, 0, 0, 3, 4.32, 4187
1648633902, 3, 18, 158, 150, 0, 1.19%, 0, 0, 3, 3.78, 4226
1648633917, 3, 18, 159, 151, 0, 1.19%, 0, 0, 3, 3.99, 4292
1648633943, 4, 3, 160, 151, 2, 1.19%, 0, 0, 3, 4.81, 4413
1648633948, 4, 3, 162, 153, 2, 1.19%, 0, 0, 3, 5.82, 4448
1648633953, 4, 3, 164, 155, 2, 1.19%, 0, 0, 3, 4.88, 4471
1648633958, 4, 3, 165, 156, 2, 1.19%, 0, 0, 3, 4.91, 4497
1648633963, 4, 3, 166, 157, 2, 1.19%, 0, 0, 3, 5.73, 4528
1648633974, 4, 3, 167, 158, 2, 1.19%, 0, 0, 3, 5.60, 4585
1648633979, 4, 3, 169, 160, 2, 1.19%, 0, 0, 3, 5.14, 4612
1648633989, 4, 3, 171, 162, 2, 1.19%, 0, 0, 3, 4.63, 4662
1648633999, 4, 3, 172, 163, 2, 1.19%, 0, 0, 3, 4.77, 4711
1648634004, 4, 3, 173, 164, 2, 1.19%, 0, 0, 3, 4.92, 4737
1648634014, 4, 3, 174, 165, 2, 1.20%, 0, 0, 3, 4.21, 4783
1648634025, 4, 4, 176, 167, 1, 1.20%, 0, 0, 3, 24.37, 4845
1648634030, 4, 4, 177, 168, 1, 1.20%, 0, 0, 3, 14.81, 4909
1648634035, 4, 4, 178, 169, 1, 1.20%, 0, 0, 3, 11.54, 4961
1648634040, 4, 4, 179, 170, 1, 1.21%, 0, 0, 3, 8.22, 4996
1648634046, 4, 4, 180, 171, 1, 1.21%, 0, 0, 3, 7.53, 5033
1648634051, 4, 4, 181, 172, 1, 1.21%, 0, 0, 3, 9.51, 5084
1648634056, 4, 4, 183, 174, 1, 1.21%, 0, 0, 3, 8.22, 5119
1648634061, 4, 4, 184, 175, 1, 1.21%, 0, 0, 3, 7.85, 5160
1648634066, 4, 4, 185, 176, 1, 1.21%, 0, 0, 3, 7.92, 5199
1648634071, 4, 5, 185, 175, 2, 1.21%, 0, 0, 3, 7.38, 5240
1648634077, 4, 5, 187, 177, 2, 1.21%, 0, 0, 3, 6.30, 5271
1648634092, 4, 5, 188, 178, 2, 1.21%, 0, 0, 3, 5.15, 5353
1648634103, 4, 5, 189, 179, 2, 1.21%, 0, 0, 3, 6.58, 5420
1648634113, 4, 5, 190, 180, 2, 1.21%, 0, 0, 3, 5.00, 5472
1648634118, 4, 5, 191, 181, 2, 1.22%, 0, 0, 3, 4.77, 5496
1648634123, 4, 5, 192, 182, 2, 1.22%, 0, 0, 3, 4.55, 5520
1648634143, 4, 5, 192, 181, 1, 1.22%, 0, 0, 3, 6.77, 5623
1648634149, 4, 5, 193, 182, 1, 1.22%, 0, 0, 3, 6.09, 5654
1648634159, 4, 5, 194, 183, 1, 1.22%, 0, 0, 3, 6.15, 5716
1648634185, 4, 11, 194, 183, 0, 1.22%, 0, 0, 3, 11.09, 5895
1648634190, 4, 11, 195, 184, 0, 1.22%, 0, 0, 3, 10.13, 5951
1648634195, 4, 11, 196, 185, 0, 1.22%, 0, 0, 3, 9.57, 6003
1648634206, 4, 11, 198, 187, 0, 1.23%, 0, 0, 3, 10.03, 6098
1648634211, 4, 11, 201, 190, 0, 1.23%, 0, 0, 3, 6.31, 6126
1648634221, 4, 12, 201, 190, 1, 1.23%, 0, 0, 3, 11.07, 6221
1648634226, 4, 12, 202, 191, 1, 1.23%, 0, 0, 3, 11.31, 6283
1648634231, 4, 12, 203, 192, 1, 1.23%, 0, 0, 3, 13.38, 6359
1648634237, 4, 12, 204, 193, 1, 1.23%, 0, 0, 3, 12.13, 6418
1648634242, 4, 12, 207, 196, 1, 1.23%, 0, 0, 3, 10.61, 6474
1648634247, 4, 12, 208, 197, 1, 1.23%, 0, 0, 3, 7.71, 6504
1648634252, 4, 12, 209, 198, 1, 1.23%, 0, 0, 3, 7.68, 6540
1648634262, 4, 29, 209, 197, 0, 1.23%, 0, 0, 3, 12.82, 6669
1648634267, 4, 29, 211, 199, 0, 1.23%, 0, 0, 3, 9.48, 6711
1648634272, 4, 29, 212, 200, 0, 1.23%, 0, 0, 3, 8.18, 6749
1648634283, 4, 29, 214, 202, 0, 1.23%, 0, 0, 3, 8.66, 6845
1648634288, 4, 29, 215, 203, 0, 1.23%, 0, 0, 3, 8.10, 6884
1648634293, 4, 29, 217, 205, 0, 1.23%, 0, 0, 3, 7.70, 6925
1648634298, 4, 123, 217, 204, 0, 1.23%, 0, 0, 3, 6.83, 6958
1648634319, 4, 123, 218, 205, 0, 1.23%, 0, 0, 4, 3.25, 7025
1648634324, 4, 123, 219, 206, 0, 1.23%, 0, 0, 4, 3.87, 7045
1648634344, 4, 123, 220, 207, 0, 1.23%, 0, 0, 4, 4.04, 7121
1648634354, 4, 123, 221, 208, 0, 1.23%, 0, 0, 4, 3.70, 7159
1648634360, 4, 123, 222, 209, 0, 1.23%, 0, 0, 4, 3.93, 7177
1648634370, 4, 123, 224, 211, 0, 1.23%, 0, 0, 4, 3.20, 7210
1648634381, 4, 123, 225, 212, 0, 1.23%, 0, 0, 4, 3.55, 7244
1648634396, 4, 137, 225, 211, 0, 1.23%, 0, 0, 4, 9.36, 7335
1648634401, 4, 137, 226, 212, 0, 1.23%, 0, 0, 4, 9.44, 7386
1648634406, 4, 137, 227, 213, 0, 1.23%, 0, 0, 4, 9.19, 7431
1648634411, 4, 137, 229, 215, 0, 1.23%, 0, 0, 4, 7.58, 7465
1648634417, 4, 137, 230, 216, 0, 1.23%, 0, 0, 4, 8.65, 7515
1648634432, 4, 137, 232, 218, 0, 1.23%, 0, 0, 4, 8.53, 7638
1648634437, 4, 137, 234, 220, 0, 1.23%, 0, 0, 4, 7.40, 7674
1648634442, 5, 124, 234, 219, 0, 1.23%, 0, 0, 4, 10.71, 7730
1648634463, 5, 124, 236, 221, 0, 1.23%, 0, 0, 4, 7.54, 7909
1648634468, 5, 124, 237, 222, 0, 1.23%, 0, 0, 4, 7.23, 7944
1648634473, 5, 124, 239, 224, 0, 1.23%, 0, 0, 4, 7.79, 7984
1648634478, 6, 1, 239, 223, 2, 1.23%, 0, 0, 4, 8.44, 8029
1648634484, 6, 1, 240, 224, 2, 1.23%, 0, 0, 4, 7.36, 8072
1648634489, 6, 15, 240, 224, 2, 1.23%, 0, 0, 4, 8.06, 8112
1648634519, 6, 15, 242, 226, 2, 1.23%, 0, 0, 4, 6.25, 8353
1648634524, 6, 15, 243, 227, 2, 1.23%, 0, 0, 4, 4.62, 8374
1648634535, 7, 0, 243, 226, 2, 1.23%, 0, 0, 4, 6.95, 8434
1648634540, 7, 0, 244, 227, 2, 1.23%, 0, 0, 4, 6.72, 8471
1648634555, 7, 0, 245, 228, 2, 1.24%, 0, 0, 4, 7.27, 8596
1648634560, 7, 0, 246, 229, 2, 1.24%, 0, 0, 4, 8.01, 8635
1648634571, 7, 1, 247, 230, 2, 1.24%, 0, 0, 4, 9.73, 8740
1648634591, 7, 1, 250, 233, 2, 1.24%, 0, 0, 4, 6.77, 8900
1648634596, 7, 1, 251, 234, 2, 1.24%, 0, 0, 4, 6.82, 8936
1648634606, 7, 7, 253, 236, 2, 1.24%, 0, 0, 4, 5.63, 9015
1648634612, 7, 7, 254, 237, 2, 1.24%, 0, 0, 4, 7.30, 9042
1648634617, 7, 7, 255, 238, 2, 1.24%, 0, 0, 4, 10.10, 9095
1648634622, 7, 7, 256, 239, 2, 1.24%, 0, 0, 4, 5.85, 9119
1648634628, 7, 7, 257, 240, 2, 1.24%, 0, 0, 4, 4.84, 9143
1648634633, 7, 7, 259, 242, 2, 1.24%, 0, 0, 4, 5.19, 9169
1648634638, 7, 7, 261, 244, 2, 1.24%, 0, 0, 4, 5.67, 9200
1648634643, 7, 7, 262, 245, 2, 1.24%, 0, 0, 4, 6.40, 9236
1648634648, 7, 7, 263, 246, 2, 1.24%, 0, 0, 4, 6.67, 9270
1648634658, 7, 7, 263, 246, 2, 1.24%, 0, 1, 4, 8.76, 9342
1648634669, 7, 32, 263, 245, 0, 1.24%, 0, 1, 4, 8.18, 9423
1648634674, 7, 32, 264, 246, 0, 1.24%, 0, 1, 4, 6.22, 9454
1648634684, 7, 32, 265, 247, 0, 1.24%, 0, 1, 4, 4.28, 9496
1648634689, 7, 32, 266, 248, 0, 1.24%, 0, 1, 4, 5.33, 9525
1648634720, 7, 112, 266, 247, 0, 1.24%, 0, 1, 4, 7.25, 9725
1648634751, 7, 112, 268, 249, 0, 1.24%, 0, 1, 4, 5.97, 9939
1648634756, 7, 112, 269, 250, 0, 1.24%, 0, 1, 4, 5.93, 9967
1648634766, 7, 112, 270, 251, 0, 1.24%, 0, 1, 4, 5.78, 10034
1648634771, 8, 62, 270, 250, 0, 1.24%, 0, 1, 4, 5.09, 10059
1648634781, 8, 62, 271, 251, 0, 1.24%, 0, 1, 4, 4.24, 10102
1648634786, 8, 62, 272, 252, 0, 1.24%, 0, 1, 4, 3.89, 10121
1648634792, 8, 62, 273, 253, 0, 1.24%, 0, 1, 4, 4.25, 10144
1648634812, 8, 62, 274, 254, 0, 1.24%, 0, 1, 4, 4.04, 10220
1648634823, 8, 62, 275, 255, 0, 1.24%, 0, 1, 4, 4.15, 10265
1648634848, 9, 105, 275, 254, 0, 1.24%, 0, 1, 4, 5.78, 10381
1648634853, 9, 105, 276, 255, 0, 1.24%, 0, 1, 4, 5.97, 10413
1648634869, 9, 105, 277, 256, 0, 1.25%, 0, 1, 4, 3.60, 10468
1648634885, 9, 105, 278, 257, 0, 1.25%, 0, 1, 4, 4.00, 10532
1648634895, 9, 105, 279, 258, 0, 1.25%, 0, 1, 4, 3.93, 10573
1648634900, 9, 105, 280, 259, 0, 1.25%, 0, 1, 4, 3.81, 10592
1648634936, 9, 105, 281, 260, 0, 1.25%, 0, 1, 4, 4.77, 10769
1648634942, 9, 105, 282, 261, 0, 1.26%, 0, 1, 4, 4.28, 10791
1648634947, 10, 2, 282, 260, 1, 1.26%, 0, 1, 4, 9.31, 10818
1648634952, 10, 238, 282, 260, 1, 1.26%, 0, 1, 4, 11.14, 10875
1648634967, 10, 238, 283, 261, 1, 1.26%, 0, 1, 5, 11.30, 11062
1648634978, 10, 238, 284, 262, 1, 1.26%, 0, 1, 5, 8.68, 11149
1648634983, 10, 238, 285, 263, 1, 1.27%, 0, 1, 5, 7.20, 11182
1648634988, 10, 238, 286, 264, 1, 1.27%, 0, 1, 5, 8.31, 11229
1648635013, 10, 238, 289, 267, 1, 1.27%, 0, 1, 5, 7.53, 11438
1648635019, 11, 154, 290, 267, 1, 1.27%, 0, 1, 5, 7.40, 11475
1648635024, 11, 154, 291, 268, 1, 1.27%, 0, 1, 5, 7.46, 11514
1648635029, 11, 154, 293, 270, 1, 1.27%, 0, 1, 5, 5.52, 11538
1648635034, 12, 3, 293, 269, 1, 1.27%, 0, 1, 5, 8.15, 11584
1648635054, 12, 3, 294, 270, 1, 1.27%, 0, 1, 5, 5.14, 11692
1648635065, 12, 3, 295, 271, 1, 1.27%, 0, 1, 5, 4.56, 11746
1648635095, 12, 7, 295, 271, 1, 1.27%, 0, 1, 5, 6.24, 11912
1648635101, 12, 7, 296, 272, 1, 1.27%, 0, 1, 5, 5.51, 11939
1648635116, 12, 7, 297, 273, 1, 1.27%, 0, 1, 5, 5.19, 12019
1648635121, 12, 7, 298, 274, 1, 1.27%, 0, 1, 5, 5.04, 12046
1648635126, 12, 7, 299, 275, 1, 1.27%, 0, 1, 5, 4.91, 12071
1648635141, 12, 7, 299, 275, 2, 1.27%, 0, 1, 5, 7.98, 12181
1648635146, 12, 7, 300, 276, 2, 1.27%, 0, 1, 5, 6.59, 12213
1648635162, 12, 7, 301, 277, 2, 1.27%, 0, 1, 5, 5.77, 12313
1648635167, 12, 7, 303, 279, 2, 1.27%, 0, 1, 5, 7.06, 12348
1648635172, 12, 7, 304, 280, 2, 1.27%, 0, 1, 5, 7.40, 12391
1648635177, 12, 7, 305, 281, 2, 1.27%, 0, 1, 5, 5.22, 12414
1648635182, 12, 7, 307, 283, 2, 1.27%, 0, 1, 5, 5.29, 12442
1648635192, 12, 7, 308, 284, 2, 1.27%, 0, 1, 5, 6.19, 12506
1648635203, 12, 7, 309, 285, 2, 1.27%, 0, 1, 5, 4.58, 12552
1648635208, 12, 226, 310, 286, 0, 1.27%, 0, 1, 5, 6.48, 12588
1648635239, 12, 226, 311, 287, 0, 1.27%, 0, 1, 5, 8.13, 12889
1648635254, 12, 226, 312, 288, 0, 1.27%, 0, 1, 5, 7.69, 13008
1648635259, 12, 226, 313, 289, 0, 1.27%, 0, 1, 5, 7.42, 13042
1648635264, 12, 226, 314, 290, 0, 1.27%, 0, 1, 5, 6.60, 13077
1648635274, 12, 226, 315, 291, 0, 1.27%, 0, 1, 5, 7.06, 13149
1648635285, 12, 226, 316, 292, 0, 1.27%, 0, 1, 5, 4.50, 13199
1648635290, 13, 196, 316, 291, 2, 1.27%, 0, 1, 5, 5.62, 13227
1648635316, 13, 196, 317, 292, 2, 1.27%, 0, 1, 5, 7.60, 13407
1648635321, 13, 196, 318, 293, 2, 1.27%, 0, 1, 5, 5.82, 13434
1648635336, 13, 196, 319, 294, 2, 1.27%, 0, 1, 5, 5.07, 13497
1648635347, 13, 196, 320, 295, 2, 1.27%, 0, 1, 5, 5.46, 13558
1648635357, 13, 201, 321, 295, 0, 1.27%, 0, 1, 5, 5.20, 13618
1648635372, 13, 201, 322, 296, 0, 1.27%, 0, 1, 5, 6.68, 13720
1648635387, 13, 201, 323, 297, 0, 1.27%, 0, 1, 5, 5.95, 13817
1648635403, 13, 201, 324, 298, 0, 1.27%, 0, 1, 5, 6.06, 13905
1648635413, 13, 201, 325, 299, 0, 1.27%, 0, 1, 5, 6.80, 13972
1648635418, 13, 211, 326, 299, 1, 1.27%, 0, 1, 5, 6.20, 14002
1648635439, 13, 211, 327, 300, 1, 1.27%, 0, 1, 5, 6.61, 14151
1648635444, 13, 211, 328, 301, 1, 1.27%, 0, 1, 5, 6.10, 14183
1648635449, 13, 211, 329, 302, 1, 1.27%, 0, 1, 5, 6.19, 14214
1648635475, 13, 219, 329, 301, 1, 1.27%, 0, 1, 5, 7.25, 14396
1648635495, 13, 219, 331, 303, 1, 1.27%, 0, 1, 5, 7.02, 14543
1648635500, 13, 219, 332, 304, 1, 1.27%, 0, 1, 5, 6.88, 14578
1648635505, 13, 219, 333, 305, 1, 1.27%, 0, 1, 5, 5.99, 14609
1648635526, 13, 219, 334, 306, 1, 1.27%, 0, 1, 5, 6.88, 14744
1648635531, 13, 219, 335, 307, 1, 1.27%, 0, 1, 5, 7.11, 14780
1648635546, 14, 182, 335, 306, 0, 1.27%, 0, 1, 5, 8.47, 14889
1648635567, 14, 182, 336, 307, 0, 1.27%, 0, 1, 5, 7.41, 15052
1648635577, 14, 182, 337, 308, 0, 1.27%, 0, 1, 5, 6.10, 15115
1648635597, 14, 237, 337, 307, 0, 1.27%, 0, 1, 5, 7.50, 15272
1648635629, 14, 237, 338, 308, 0, 1.28%, 0, 1, 5, 6.33, 15489
1648635634, 15, 2, 338, 307, 1, 1.28%, 0, 1, 5, 8.47, 15536
1648635639, 15, 240, 338, 307, 1, 1.28%, 0, 1, 5, 6.72, 15567
1648635670, 15, 240, 339, 308, 1, 1.28%, 0, 1, 5, 5.70, 15744
1648635701, 16, 1, 339, 307, 2, 1.28%, 0, 1, 5, 7.85, 15938
1648635711, 16, 1, 340, 308, 2, 1.28%, 0, 1, 5, 7.40, 16013
1648635716, 16, 1, 341, 309, 2, 1.28%, 0, 1, 5, 7.70, 16052
1648635732, 16, 2, 341, 309, 2, 1.28%, 0, 1, 5, 8.41, 16179
1648635758, 16, 2, 344, 312, 2, 1.28%, 0, 1, 5, 6.15, 16358
1648635763, 16, 2, 345, 313, 2, 1.28%, 0, 1, 5, 8.02, 16401
1648635768, 16, 2, 346, 314, 2, 1.28%, 0, 1, 5, 7.80, 16438
1648635773, 16, 34, 346, 314, 0, 1.28%, 0, 1, 5, 8.45, 16483
1648635783, 16, 34, 347, 315, 0, 1.28%, 0, 1, 5, 6.37, 16558
1648635799, 16, 34, 348, 316, 0, 1.28%, 0, 1, 5, 6.43, 16675
1648635804, 16, 34, 350, 318, 0, 1.28%, 0, 1, 5, 4.63, 16695
1648635819, 16, 119, 350, 317, 1, 1.28%, 0, 1, 5, 5.43, 16790
1648635835, 16, 119, 351, 318, 1, 1.29%, 0, 1, 5, 3.59, 16847
1648635896, 16, 119, 352, 319, 1, 1.29%, 0, 1, 5, 3.20, 17065
1648635922, 17, 1, 352, 318, 1, 1.29%, 0, 1, 5, 16.77, 17184
1648635932, 17, 1, 353, 319, 1, 1.29%, 0, 1, 5, 8.60, 17267
1648635938, 17, 1, 354, 320, 1, 1.29%, 0, 1, 5, 8.25, 17306
1648635948, 17, 1, 355, 321, 1, 1.29%, 0, 1, 5, 9.54, 17407
1648635953, 17, 313, 355, 321, 1, 1.29%, 0, 1, 5, 6.70, 17435
1648636025, 17, 313, 356, 322, 1, 1.29%, 0, 1, 6, 3.60, 17657
1648636030, 17, 313, 357, 323, 1, 1.29%, 0, 1, 6, 3.28, 17673
1648636035, 17, 313, 358, 324, 1, 1.29%, 0, 1, 6, 2.94, 17687
1648636041, 17, 313, 359, 325, 1, 1.29%, 0, 1, 6, 3.31, 17705
1648636046, 17, 313, 360, 326, 1, 1.29%, 0, 1, 6, 4.09, 17727
1648636051, 18, 221, 361, 326, 0, 1.29%, 0, 1, 6, 0.00, 17744
1648636184, 19, 144, 361, 325, 0, 1.29%, 0, 1, 6, 5.24, 18332
1648636204, 19, 144, 362, 326, 0, 1.29%, 0, 1, 6, 6.73, 18469
1648636230, 20, 282, 362, 325, 0, 1.29%, 0, 1, 6, 8.01, 18640
1648636256, 20, 282, 363, 326, 0, 1.29%, 0, 1, 6, 9.28, 18946
1648636261, 20, 282, 364, 327, 0, 1.29%, 0, 1, 6, 7.50, 18979
1648636272, 20, 282, 365, 328, 0, 1.29%, 0, 1, 6, 7.83, 19064
1648636282, 20, 282, 366, 329, 0, 1.29%, 0, 1, 6, 6.31, 19131
1648636297, 20, 282, 367, 330, 0, 1.29%, 0, 1, 6, 7.92, 19248
1648636333, 21, 156, 367, 329, 0, 1.29%, 0, 1, 6, 7.38, 19537
1648636348, 21, 156, 368, 330, 0, 1.29%, 0, 1, 6, 3.72, 19598
1648636370, 21, 156, 368, 330, 0, 1.29%, 0, 2, 6, 3.69, 19673
1648636411, 22, 4, 368, 329, 1, 1.29%, 0, 2, 6, 10.22, 19857
1648636436, 22, 8, 368, 329, 1, 1.29%, 0, 2, 6, 11.13, 20105
1648636457, 22, 8, 369, 330, 1, 1.29%, 0, 2, 6, 7.81, 20281
1648636478, 22, 186, 369, 329, 0, 1.29%, 0, 2, 6, 6.91, 20407
1648636498, 22, 186, 370, 330, 0, 1.29%, 0, 2, 6, 4.85, 20532
1648636509, 22, 186, 371, 331, 0, 1.29%, 0, 2, 6, 3.80, 20573
1648636524, 22, 186, 372, 332, 0, 1.29%, 0, 2, 6, 3.41, 20625
1648636535, 22, 186, 373, 333, 0, 1.29%, 0, 2, 6, 3.91, 20668
1648636540, 22, 186, 374, 334, 0, 1.29%, 0, 2, 6, 3.77, 20687
1648636560, 22, 186, 375, 335, 0, 1.29%, 0, 2, 6, 4.26, 20776
1648636570, 22, 286, 375, 334, 3, 1.29%, 0, 2, 6, 5.66, 20832
1648636611, 22, 286, 376, 335, 3, 1.29%, 0, 2, 6, 6.46, 21092
1648636632, 22, 286, 377, 336, 3, 1.29%, 0, 2, 6, 6.73, 21223
1648636637, 22, 286, 378, 337, 3, 1.29%, 0, 2, 6, 6.78, 21259
1648636658, 22, 286, 381, 340, 3, 1.29%, 0, 2, 6, 6.85, 21392
1648636663, 22, 317, 381, 339, 1, 1.29%, 0, 2, 6, 7.80, 21431
1648636689, 22, 317, 382, 340, 1, 1.29%, 0, 2, 6, 3.20, 21517
1648636694, 22, 325, 382, 339, 0, 1.29%, 0, 2, 6, 4.88, 21543
1648636714, 22, 325, 383, 340, 0, 1.29%, 0, 2, 6, 5.21, 21665
1648636719, 22, 327, 383, 339, 1, 1.29%, 0, 2, 6, 4.54, 21688
1648636750, 23, 220, 384, 339, 0, 1.29%, 0, 2, 6, 3.75, 21811
1648636855, 23, 220, 385, 340, 0, 1.29%, 0, 2, 6, 2.72, 22089
1648636860, 23, 220, 386, 341, 0, 1.29%, 0, 2, 6, 2.82, 22104
1648636866, 23, 220, 387, 342, 0, 1.29%, 0, 2, 6, 2.87, 22119
1648636886, 23, 368, 387, 341, 0, 1.29%, 0, 2, 6, 19.75, 22200
1648636892, 23, 368, 388, 342, 0, 1.29%, 0, 2, 6, 11.83, 22242
1648636897, 23, 368, 389, 343, 0, 1.29%, 0, 2, 6, 6.69, 22265
1648636907, 23, 368, 390, 344, 0, 1.29%, 0, 2, 6, 4.18, 22307
1648636922, 23, 368, 391, 345, 0, 1.30%, 0, 2, 6, 3.66, 22360
1648636949, 23, 368, 392, 346, 0, 1.30%, 0, 2, 6, 3.63, 22447
1648636969, 23, 368, 393, 347, 0, 1.30%, 0, 2, 6, 3.23, 22516
1648636980, 23, 368, 394, 348, 0, 1.30%, 0, 2, 6, 3.25, 22550
1648636985, 24, 337, 394, 348, 1, 1.30%, 0, 2, 6, 3.54, 22569
1648637047, 24, 337, 394, 348, 1, 1.30%, 0, 4, 6, 3.02, 22892
1648637057, 24, 337, 394, 348, 1, 1.30%, 0, 5, 6, 5.07, 22943
1648637078, 24, 337, 394, 348, 1, 1.30%, 0, 6, 6, 0.98, 23047
1648637089, 24, 337, 395, 349, 1, 1.30%, 0, 6, 6, 5.85, 23108
1648637099, 25, 9, 396, 349, 0, 1.30%, 0, 6, 6, 11.83, 23195
1648637104, 25, 9, 397, 350, 0, 1.30%, 0, 6, 6, 10.74, 23252
1648637110, 25, 9, 398, 351, 0, 1.30%, 0, 6, 6, 7.39, 23281
1648637120, 25, 45, 398, 350, 0, 1.30%, 0, 6, 6, 6.48, 23354
1648637166, 25, 54, 398, 349, 0, 1.30%, 0, 6, 6, 7.75, 23621
1648637202, 26, 11, 398, 349, 0, 1.30%, 0, 6, 6, 9.54, 23883
1648637228, 26, 11, 398, 349, 0, 1.30%, 0, 7, 6, 8.06, 24080
1648637233, 26, 93, 399, 350, 1, 1.30%, 0, 7, 6, 7.55, 24119
1648637249, 26, 93, 401, 352, 1, 1.30%, 0, 7, 6, 6.32, 24224
1648637280, 26, 122, 401, 351, 0, 1.30%, 0, 7, 6, 5.98, 24436
1648637295, 26, 122, 402, 352, 0, 1.30%, 0, 7, 6, 3.12, 24486
1648637336, 26, 122, 402, 352, 0, 1.30%, 0, 8, 6, 2.94, 24615
1648637341, 26, 122, 402, 352, 0, 1.30%, 0, 9, 6, 3.24, 24630
1648637378, 26, 318, 403, 352, 0, 1.30%, 0, 9, 6, 29.30, 24865
1648637383, 26, 318, 404, 353, 0, 1.30%, 0, 9, 6, 28.71, 25009
1648637388, 26, 318, 404, 353, 0, 1.30%, 0, 10, 6, 28.00, 25130
1648637393, 27, 55, 404, 352, 0, 1.30%, 0, 10, 6, 15.45, 25192
1648637398, 27, 55, 405, 353, 0, 1.30%, 0, 10, 6, 9.76, 25229
1648637440, 27, 355, 405, 352, 0, 1.30%, 0, 10, 6, 4.53, 25461
1648637460, 27, 355, 406, 353, 0, 1.30%, 0, 10, 7, 2.70, 25519
1648637513, 27, 355, 407, 354, 0, 1.30%, 0, 10, 7, 3.93, 25678
1648637518, 27, 355, 408, 355, 0, 1.30%, 0, 10, 7, 3.15, 25691
1648637559, 27, 355, 409, 356, 0, 1.30%, 0, 10, 7, 3.61, 25823
1648637586, 29, 145, 409, 355, 0, 1.30%, 0, 10, 7, 5.63, 25923
1648637611, 29, 145, 410, 356, 0, 1.30%, 0, 10, 7, 6.92, 26103
1648637617, 29, 145, 410, 356, 0, 1.30%, 0, 11, 7, 0.98, 26126
1648637622, 29, 145, 411, 357, 0, 1.30%, 0, 11, 7, 4.86, 26158
1648637632, 30, 289, 411, 356, 0, 1.30%, 0, 11, 7, 10.92, 26255
1648637658, 30, 289, 413, 358, 0, 1.30%, 0, 11, 7, 9.52, 26521
1648637668, 30, 289, 414, 359, 0, 1.30%, 0, 11, 7, 7.62, 26600
1648637673, 30, 289, 415, 360, 0, 1.30%, 0, 11, 7, 7.05, 26634
1648637683, 30, 289, 416, 361, 0, 1.30%, 0, 11, 7, 7.91, 26719
1648637693, 30, 289, 418, 363, 0, 1.30%, 0, 11, 7, 7.29, 26796
1648637704, 31, 156, 418, 362, 0, 1.30%, 0, 11, 7, 5.12, 26851
1648637776, 31, 161, 418, 362, 0, 1.30%, 0, 11, 7, 6.81, 27133
1648637786, 31, 161, 419, 363, 0, 1.31%, 0, 11, 7, 5.16, 27187
1648637812, 31, 161, 420, 364, 0, 1.31%, 0, 11, 7, 4.83, 27317
1648637843, 31, 161, 421, 365, 0, 1.31%, 0, 11, 7, 4.70, 27454
1648637848, 31, 295, 421, 364, 1, 1.31%, 0, 11, 7, 5.64, 27485
1648637885, 31, 295, 421, 364, 1, 1.31%, 0, 12, 7, 0.98, 27716
1648637890, 31, 295, 421, 364, 1, 1.31%, 0, 14, 7, 2.25, 27730
1648637900, 31, 295, 422, 365, 1, 1.31%, 0, 14, 7, 5.68, 27791
1648637910, 32, 189, 422, 364, 0, 1.31%, 0, 14, 7, 5.22, 27844
1648637982, 32, 312, 422, 363, 0, 1.31%, 0, 14, 7, 3.67, 28142
1648638018, 32, 312, 423, 364, 0, 1.31%, 0, 14, 7, 2.35, 28226
1648638055, 32, 312, 423, 364, 0, 1.31%, 0, 15, 7, 2.25, 28309
1648638086, 32, 319, 423, 363, 0, 1.31%, 0, 15, 7, 3.24, 28384
1648638111, 32, 319, 424, 364, 0, 1.31%, 0, 15, 7, 5.27, 28509
1648638117, 32, 324, 424, 363, 1, 1.31%, 0, 15, 7, 6.34, 28543
1648638132, 32, 324, 425, 364, 1, 1.32%, 0, 15, 7, 5.66, 28646
1648638137, 32, 346, 425, 363, 1, 1.32%, 0, 15, 7, 6.23, 28675
1648638153, 32, 346, 426, 364, 1, 1.32%, 0, 15, 7, 6.92, 28791
1648638163, 33, 223, 426, 363, 0, 1.32%, 0, 15, 7, 6.57, 28851
1648638251, 33, 223, 427, 364, 0, 1.32%, 0, 15, 7, 3.42, 29095
1648638261, 33, 223, 428, 365, 0, 1.32%, 0, 15, 7, 3.38, 29130
1648638287, 33, 387, 428, 364, 2, 1.32%, 0, 15, 7, 3.18, 29205
1648638293, 33, 387, 428, 364, 2, 1.32%, 0, 16, 7, 0.97, 29238
1648638308, 34, 376, 428, 363, 1, 1.32%, 0, 16, 7, 6.17, 29339
1648638354, 35, 11, 428, 362, 0, 1.32%, 0, 16, 7, 6.64, 29596
1648638360, 35, 241, 428, 362, 0, 1.32%, 0, 16, 7, 6.99, 29636
1648638401, 35, 241, 429, 363, 0, 1.32%, 0, 16, 7, 6.82, 29885
1648638416, 36, 163, 430, 363, 0, 1.32%, 0, 16, 7, 5.14, 29972
1648638452, 36, 163, 431, 364, 0, 1.32%, 0, 16, 7, 4.50, 30149
1648638457, 36, 163, 432, 365, 0, 1.32%, 0, 16, 7, 4.49, 30173
1648638493, 37, 67, 432, 364, 0, 1.32%, 0, 16, 7, 7.43, 30359
1648638504, 37, 67, 434, 366, 0, 1.32%, 0, 16, 7, 6.40, 30432
1648638535, 37, 95, 434, 365, 0, 1.32%, 0, 16, 7, 8.36, 30647
1648638550, 37, 123, 434, 364, 0, 1.32%, 0, 16, 7, 6.60, 30769
1648638555, 37, 123, 434, 364, 0, 1.32%, 0, 17, 7, 5.02, 30790
1648638597, 37, 123, 434, 364, 0, 1.32%, 0, 18, 7, 4.42, 30972
1648638602, 37, 123, 435, 365, 0, 1.32%, 0, 18, 7, 4.20, 30993
1648638617, 37, 320, 436, 366, 0, 1.32%, 0, 18, 7, 3.57, 31042
1648638720, 38, 117, 436, 365, 0, 1.32%, 0, 18, 7, 4.25, 31412
1648638786, 38, 358, 437, 365, 0, 1.32%, 0, 18, 7, 3.94, 31688
1648638879, 38, 358, 437, 365, 0, 1.32%, 0, 19, 7, 7.43, 32080
1648638894, 38, 358, 438, 366, 0, 1.32%, 0, 19, 7, 5.46, 32160
1648638904, 40, 161, 439, 366, 0, 1.32%, 0, 19, 7, 0.00, 32242
1648638914, 40, 325, 439, 366, 0, 1.32%, 0, 19, 7, 4.96, 32280
1648638920, 40, 325, 439, 366, 0, 1.32%, 0, 20, 7, 4.46, 32300
1648638930, 40, 325, 440, 367, 0, 1.32%, 0, 20, 7, 3.36, 32334
1648639018, 41, 156, 440, 367, 0, 1.32%, 0, 20, 7, 4.25, 32642
1648639101, 41, 163, 440, 367, 0, 1.32%, 0, 20, 7, 3.20, 32929
1648639158, 41, 297, 440, 367, 0, 1.32%, 0, 20, 7, 5.59, 33213
1648639224, 41, 297, 441, 368, 0, 1.32%, 0, 20, 7, 3.97, 33525
1648639230, 41, 308, 441, 367, 4, 1.32%, 0, 20, 7, 4.50, 33548
1648639256, 41, 308, 442, 368, 4, 1.32%, 0, 20, 7, 3.67, 33682
1648639271, 41, 376, 442, 367, 4, 1.32%, 0, 20, 7, 6.29, 33755
1648639343, 41, 376, 443, 368, 4, 1.32%, 0, 20, 7, 3.45, 34225
1648639369, 41, 423, 443, 368, 4, 1.32%, 0, 20, 7, 4.10, 34314
1648639452, 41, 423, 444, 369, 4, 1.32%, 0, 20, 7, 5.73, 34806
1648639467, 41, 424, 444, 368, 1, 1.32%, 0, 20, 7, 4.65, 34892
1648639514, 41, 424, 445, 369, 1, 1.32%, 0, 20, 7, 4.19, 35073
1648639529, 41, 424, 446, 370, 1, 1.32%, 0, 20, 7, 4.17, 35142
1648639545, 41, 424, 447, 371, 1, 1.32%, 0, 20, 7, 3.69, 35206
1648639576, 42, 383, 447, 370, 1, 1.32%, 0, 20, 7, 4.62, 35352
1648639602, 42, 383, 448, 371, 1, 1.32%, 0, 20, 7, 4.13, 35464
1648639648, 43, 380, 448, 370, 1, 1.32%, 0, 20, 7, 5.51, 35705
1648639689, 43, 380, 449, 371, 1, 1.32%, 0, 20, 7, 4.92, 35908
1648639705, 43, 380, 450, 372, 1, 1.32%, 0, 20, 7, 5.35, 35988
1648639756, 43, 393, 450, 371, 1, 1.32%, 0, 20, 7, 5.33, 36291
1648639771, 43, 393, 450, 371, 1, 1.32%, 0, 21, 7, 5.71, 36376
1648639781, 43, 423, 450, 370, 0, 1.32%, 0, 21, 7, 8.48, 36451
1648639807, 43, 423, 451, 371, 0, 1.33%, 0, 21, 7, 5.29, 36695
1648639823, 43, 423, 452, 372, 0, 1.33%, 0, 21, 7, 6.67, 36810
1648639838, 43, 423, 452, 372, 0, 1.33%, 0, 22, 7, 1.49, 36885
1648639843, 43, 423, 453, 373, 0, 1.33%, 0, 22, 7, 3.70, 36908
1648639869, 44, 309, 453, 373, 4, 1.33%, 0, 22, 7, 10.74, 37110
1648639905, 44, 309, 454, 374, 4, 1.33%, 0, 22, 7, 6.36, 37337
1648639921, 44, 411, 454, 373, 4, 1.33%, 0, 22, 7, 6.45, 37417
1648639972, 44, 411, 455, 374, 4, 1.33%, 0, 22, 7, 7.51, 37859
1648639993, 45, 7, 455, 373, 3, 1.33%, 0, 22, 7, 3.48, 37992
1648640003, 45, 7, 455, 373, 3, 1.33%, 0, 23, 7, 5.60, 38055
1648640044, 45, 371, 455, 373, 3, 1.33%, 0, 23, 7, 4.85, 38263
1648640070, 45, 380, 455, 372, 2, 1.33%, 0, 23, 7, 6.45, 38395
1648640116, 46, 199, 455, 372, 2, 1.33%, 0, 23, 7, 13.78, 38757
1648640121, 46, 199, 456, 373, 2, 1.33%, 0, 23, 7, 12.69, 38824
1648640151, 46, 240, 456, 372, 2, 1.33%, 0, 23, 7, 18.56, 39143
1648640162, 46, 447, 456, 372, 2, 1.33%, 0, 23, 7, 17.20, 39337
1648640202, 46, 447, 457, 373, 2, 1.33%, 0, 23, 7, 5.30, 39608
1648640213, 46, 447, 458, 374, 2, 1.33%, 0, 23, 7, 4.92, 39665
1648640218, 46, 447, 460, 376, 2, 1.33%, 0, 23, 7, 5.09, 39694
1648640223, 47, 118, 460, 375, 0, 1.33%, 0, 23, 7, 5.32, 39722
1648640306, 48, 80, 460, 374, 0, 1.33%, 0, 23, 7, 5.89, 40017
1648640347, 48, 209, 460, 373, 0, 1.33%, 0, 23, 7, 6.29, 40277
1648640378, 48, 413, 460, 372, 0, 1.33%, 0, 23, 7, 6.06, 40471
1648640439, 48, 413, 460, 372, 0, 1.33%, 0, 24, 7, 2.24, 40872
1648640465, 49, 359, 460, 371, 0, 1.33%, 0, 24, 7, 5.60, 41041
1648640568, 50, 124, 460, 370, 0, 1.33%, 0, 24, 7, 4.80, 41482
1648640635, 50, 169, 460, 370, 0, 1.33%, 0, 24, 7, 6.33, 41757
1648640655, 50, 169, 461, 371, 0, 1.33%, 0, 24, 7, 4.26, 41854
1648640712, 50, 169, 462, 372, 0, 1.33%, 0, 24, 7, 4.11, 42108
1648640722, 50, 203, 462, 371, 0, 1.33%, 0, 24, 7, 4.99, 42150
1648640774, 50, 204, 462, 370, 0, 1.33%, 0, 24, 7, 6.05, 42488
1648640804, 51, 195, 462, 369, 0, 1.33%, 0, 24, 7, 6.65, 42690
1648640850, 51, 389, 462, 368, 0, 1.33%, 0, 24, 7, 6.76, 43014
1648640892, 51, 389, 463, 369, 0, 1.33%, 0, 24, 7, 6.78, 43270
1648640897, 52, 275, 463, 369, 0, 1.33%, 0, 25, 7, 1.78, 43295
1648640908, 52, 275, 464, 370, 0, 1.33%, 0, 25, 7, 6.64, 43361
1648640929, 52, 275, 465, 371, 0, 1.34%, 0, 25, 7, 1.43, 43506
1648640939, 52, 275, 465, 371, 0, 1.34%, 0, 26, 7, 3.27, 43559
1648640945, 52, 275, 466, 372, 0, 1.34%, 0, 26, 7, 5.44, 43594
1648640950, 52, 415, 466, 372, 0, 1.34%, 0, 26, 7, 5.83, 43624
1648640991, 52, 415, 467, 373, 0, 1.34%, 0, 26, 7, 5.94, 43877
1648641053, 53, 175, 467, 372, 0, 1.34%, 0, 26, 7, 25.97, 44283
1648641135, 53, 372, 467, 371, 0, 1.34%, 0, 26, 7, 10.37, 45102
1648641176, 54, 332, 468, 371, 0, 1.34%, 0, 26, 7, 2.91, 45373
1648641326, 54, 442, 468, 370, 0, 1.34%, 0, 26, 7, 3.41, 45813
1648641346, 55, 177, 468, 370, 0, 1.34%, 0, 26, 7, 6.05, 45917
1648641393, 55, 177, 469, 371, 0, 1.34%, 0, 26, 7, 5.79, 46247
1648641398, 55, 413, 469, 370, 0, 1.34%, 0, 26, 7, 5.89, 46276
1648641459, 55, 413, 470, 371, 0, 1.34%, 0, 26, 7, 2.75, 46619
1648641543, 55, 457, 470, 371, 2, 1.34%, 0, 26, 7, 2.57, 46841
1648641621, 56, 387, 471, 371, 1, 1.34%, 0, 26, 7, 13.62, 47192
1648641636, 56, 387, 472, 372, 1, 1.34%, 0, 26, 7, 8.59, 47358
1648641646, 56, 387, 473, 373, 1, 1.34%, 0, 26, 7, 11.84, 47459
1648641662, 56, 418, 473, 373, 1, 1.35%, 0, 26, 7, 7.33, 47598
1648641698, 56, 418, 474, 374, 1, 1.35%, 0, 26, 7, 2.95, 47803
1648641725, 57, 415, 474, 373, 0, 1.35%, 0, 26, 7, 8.92, 47952
1648641835, 57, 415, 475, 374, 0, 1.35%, 0, 26, 7, 2.05, 48435
1648641877, 58, 41, 475, 374, 0, 1.35%, 0, 26, 7, 1.00, 48553
1648641902, 58, 98, 475, 374, 0, 1.35%, 0, 26, 7, 8.83, 48787
1648641949, 59, 13, 475, 373, 0, 1.35%, 0, 26, 7, 7.12, 49086
1648641985, 59, 373, 475, 373, 0, 1.35%, 0, 26, 7, 12.29, 49355
1648642021, 60, 198, 475, 372, 0, 1.35%, 0, 26, 7, 6.70, 49645
1648642063, 60, 210, 475, 372, 0, 1.35%, 0, 26, 7, 5.86, 49893
1648642120, 61, 103, 475, 371, 0, 1.35%, 0, 26, 7, 10.94, 50266
1648642125, 61, 103, 476, 372, 0, 1.35%, 0, 26, 7, 11.04, 50328
1648642156, 61, 440, 476, 371, 1, 1.35%, 0, 26, 7, 6.52, 50570
1648642176, 61, 440, 476, 371, 1, 1.35%, 0, 27, 7, 2.06, 50668
1648642182, 61, 440, 477, 372, 1, 1.35%, 0, 27, 7, 4.16, 50695
1648642233, 62, 374, 477, 371, 0, 1.35%, 0, 27, 7, 6.32, 50973
1648642285, 63, 126, 477, 370, 0, 1.35%, 0, 27, 7, 6.83, 51307
1648642342, 63, 126, 478, 371, 0, 1.35%, 0, 27, 7, 2.70, 51481
1648642378, 63, 454, 478, 370, 0, 1.35%, 0, 27, 7, 7.60, 51611
1648642398, 63, 454, 479, 371, 0, 1.35%, 0, 27, 8, 8.45, 51843
1648642403, 63, 454, 480, 372, 0, 1.35%, 0, 27, 8, 9.36, 51893
1648642429, 63, 454, 481, 373, 0, 1.35%, 0, 27, 8, 7.62, 52094
1648642444, 63, 479, 481, 372, 3, 1.35%, 0, 27, 8, 5.54, 52203
1648642475, 63, 479, 482, 373, 3, 1.35%, 0, 27, 9, 4.48, 52342
1648642526, 63, 479, 483, 374, 3, 1.35%, 0, 27, 9, 5.88, 52586
1648642531, 63, 479, 484, 375, 3, 1.35%, 0, 27, 9, 6.26, 52621
1648642547, 63, 479, 485, 376, 3, 1.35%, 0, 27, 9, 4.84, 52701
1648642584, 63, 479, 485, 376, 3, 1.35%, 0, 28, 9, 5.55, 52893
1648642594, 63, 479, 486, 377, 3, 1.35%, 0, 28, 9, 4.80, 52940
1648642599, 63, 479, 488, 379, 3, 1.35%, 0, 28, 9, 6.14, 52974
1648642604, 63, 479, 489, 380, 3, 1.35%, 0, 28, 9, 6.71, 53010
1648642630, 64, 277, 489, 379, 1, 1.35%, 0, 28, 9, 6.49, 53149
1648642687, 65, 81, 489, 378, 0, 1.35%, 0, 28, 9, 6.06, 53445
1648642712, 65, 81, 490, 379, 0, 1.35%, 0, 28, 9, 5.66, 53601
1648642728, 65, 81, 491, 380, 0, 1.35%, 0, 28, 9, 5.62, 53699
1648642738, 65, 481, 491, 379, 0, 1.35%, 0, 28, 9, 4.59, 53748
1648642820, 65, 481, 492, 380, 0, 1.35%, 0, 28, 10, 6.33, 54139
1648642882, 65, 481, 492, 380, 0, 1.35%, 0, 29, 10, 5.40, 54482
1648642908, 66, 120, 492, 379, 0, 1.35%, 0, 29, 10, 6.25, 54637
1648642929, 66, 120, 493, 380, 0, 1.36%, 0, 29, 10, 3.42, 54704
1648642985, 66, 443, 493, 379, 1, 1.36%, 0, 29, 10, 4.23, 54917
1648643016, 66, 443, 494, 380, 1, 1.36%, 0, 29, 10, 6.74, 55138
1648643078, 67, 14, 494, 379, 0, 1.36%, 0, 29, 10, 7.40, 55503
1648643083, 67, 22, 494, 378, 0, 1.36%, 0, 29, 10, 6.07, 55535
1648643130, 67, 405, 494, 377, 0, 1.36%, 0, 29, 10, 5.45, 55797
1648643135, 67, 405, 495, 378, 0, 1.36%, 0, 29, 10, 5.62, 55828
1648643218, 67, 458, 495, 377, 0, 1.36%, 0, 29, 10, 4.92, 56178
1648643310, 68, 407, 495, 376, 0, 1.36%, 0, 29, 10, 5.61, 56737
1648643368, 69, 123, 495, 375, 0, 1.36%, 0, 29, 10, 3.28, 56881
1648643435, 70, 43, 495, 375, 0, 1.36%, 0, 29, 10, 32.81, 57158
1648643460, 70, 43, 496, 376, 0, 1.36%, 0, 29, 10, 7.73, 57366
1648643465, 70, 445, 496, 375, 1, 1.36%, 0, 29, 10, 8.60, 57409
1648643565, 71, 163, 496, 374, 0, 1.36%, 0, 29, 10, 4.41, 57754
1648643570, 71, 459, 496, 374, 0, 1.36%, 0, 29, 10, 4.42, 57776
1648643616, 71, 459, 498, 376, 0, 1.36%, 0, 29, 10, 4.25, 57961
1648643642, 71, 459, 499, 377, 0, 1.36%, 0, 29, 10, 4.41, 58099
1648643663, 71, 459, 500, 378, 0, 1.36%, 0, 29, 10, 5.82, 58199
1648643673, 71, 483, 500, 377, 4, 1.36%, 0, 29, 10, 5.15, 58250
1648643735, 71, 483, 501, 378, 4, 1.36%, 0, 29, 10, 5.32, 58570
1648643745, 71, 483, 502, 379, 4, 1.36%, 0, 29, 10, 6.68, 58637
1648643771, 72, 417, 502, 378, 1, 1.36%, 0, 29, 10, 4.73, 58770
1648643927, 72, 417, 503, 379, 1, 1.36%, 0, 29, 10, 2.67, 59183
1648643959, 72, 417, 504, 380, 1, 1.36%, 0, 29, 10, 2.65, 59265
1648643995, 73, 277, 504, 379, 3, 1.36%, 0, 29, 10, 3.47, 59362
1648644077, 73, 472, 504, 379, 3, 1.36%, 0, 29, 10, 12.10, 59716
1648644082, 73, 472, 505, 380, 3, 1.36%, 0, 29, 10, 16.09, 59804
1648644093, 73, 472, 506, 381, 3, 1.37%, 0, 29, 10, 17.14, 59984
1648644113, 73, 472, 507, 382, 3, 1.37%, 0, 29, 10, 12.54, 60264
1648644139, 73, 472, 508, 383, 3, 1.37%, 0, 29, 10, 11.70, 60494
1648644154, 73, 472, 509, 384, 3, 1.37%, 0, 29, 10, 6.74, 60595
1648644175, 73, 472, 510, 385, 3, 1.37%, 0, 29, 10, 7.28, 60729
1648644221, 73, 500, 510, 384, 3, 1.37%, 0, 29, 10, 7.97, 61043
1648644335, 73, 500, 511, 385, 3, 1.37%, 0, 29, 11, 4.67, 61776
1648644398, 74, 441, 511, 384, 2, 1.37%, 0, 29, 11, 4.02, 61966
1648644461, 75, 411, 511, 383, 1, 1.37%, 0, 29, 11, 7.49, 62299
1648644502, 75, 411, 512, 384, 1, 1.37%, 0, 29, 11, 6.44, 62617
1648644507, 75, 411, 514, 386, 1, 1.37%, 0, 29, 11, 5.89, 62645
1648644522, 75, 411, 515, 387, 1, 1.37%, 0, 29, 11, 5.82, 62745
1648644543, 76, 205, 515, 387, 0, 1.37%, 0, 29, 11, 7.36, 62899
1648644564, 76, 292, 515, 386, 0, 1.37%, 0, 29, 11, 4.67, 63027
1648644673, 77, 208, 515, 385, 0, 1.37%, 0, 29, 11, 4.45, 63451
1648644724, 77, 355, 515, 384, 0, 1.37%, 0, 29, 11, 7.29, 63786
1648644802, 77, 355, 516, 385, 0, 1.37%, 0, 29, 11, 2.68, 64002
1648644900, 77, 466, 516, 385, 0, 1.37%, 0, 29, 11, 4.73, 64279
1648644926, 77, 466, 517, 386, 0, 1.37%, 0, 29, 11, 7.03, 64465
1648644988, 78, 178, 517, 385, 0, 1.37%, 0, 29, 11, 5.62, 64739
1648645025, 78, 245, 517, 384, 0, 1.37%, 0, 29, 11, 9.73, 65045
1648645081, 78, 321, 517, 383, 0, 1.37%, 0, 29, 11, 5.32, 65390
1648645107, 78, 321, 518, 384, 0, 1.37%, 0, 29, 11, 6.19, 65556
1648645113, 78, 321, 519, 385, 0, 1.37%, 0, 30, 11, 4.42, 65570
1648645143, 79, 296, 519, 384, 0, 1.37%, 0, 30, 11, 6.09, 65740
1648645205, 80, 82, 519, 383, 0, 1.37%, 0, 30, 11, 6.31, 66083
1648645221, 80, 453, 520, 383, 0, 1.37%, 0, 30, 11, 0.78, 66191
1648645226, 80, 453, 521, 384, 0, 1.38%, 0, 30, 11, 7.89, 66231
1648645267, 80, 488, 521, 384, 0, 1.38%, 0, 30, 11, 7.27, 66501
1648645355, 80, 488, 522, 385, 0, 1.38%, 0, 30, 11, 6.83, 67116
1648645401, 81, 478, 522, 384, 0, 1.38%, 0, 30, 11, 8.72, 67394
1648645499, 82, 277, 522, 383, 0, 1.38%, 0, 30, 11, 6.67, 68244
1648645541, 82, 277, 522, 383, 0, 1.38%, 0, 31, 11, 3.45, 68392
1648645577, 84, 23, 522, 383, 0, 1.38%, 0, 31, 11, 6.37, 68540
1648645613, 84, 25, 522, 382, 0, 1.38%, 0, 31, 11, 6.08, 68784
1648645661, 84, 85, 522, 381, 0, 1.38%, 0, 31, 11, 6.39, 69054
1648645697, 84, 85, 523, 382, 0, 1.38%, 0, 31, 11, 5.08, 69234
1648645717, 84, 391, 523, 381, 0, 1.38%, 0, 31, 11, 5.80, 69347
1648645733, 85, 388, 523, 380, 0, 1.38%, 0, 31, 11, 6.97, 69453
1648645780, 86, 231, 523, 379, 0, 1.38%, 0, 31, 11, 3.60, 69767
1648645939, 86, 437, 523, 378, 0, 1.38%, 0, 31, 11, 5.33, 70365
1648646042, 86, 437, 523, 378, 0, 1.38%, 0, 32, 11, 6.78, 71021
1648646078, 87, 179, 523, 377, 0, 1.38%, 0, 32, 11, 6.77, 71250
1648646140, 87, 281, 523, 376, 0, 1.38%, 0, 32, 11, 4.77, 71566
1648646221, 87, 451, 523, 375, 0, 1.38%, 0, 32, 11, 4.85, 71887
1648646375, 87, 509, 523, 374, 0, 1.38%, 0, 32, 11, 4.55, 72456
1648646474, 88, 272, 523, 373, 0, 1.38%, 0, 32, 11, 5.24, 73043
1648646536, 88, 361, 523, 372, 0, 1.38%, 0, 32, 11, 5.31, 73379
1648646561, 89, 86, 523, 371, 0, 1.38%, 0, 32, 11, 12.44, 73576
1648646597, 89, 89, 523, 370, 0, 1.38%, 0, 32, 11, 8.21, 73815
1648646644, 89, 409, 523, 369, 0, 1.38%, 0, 32, 11, 6.75, 74120
1648646664, 89, 453, 523, 368, 0, 1.38%, 0, 32, 11, 6.35, 74252
1648646669, 89, 453, 525, 370, 0, 1.38%, 0, 32, 11, 5.13, 74278
1648646690, 89, 453, 526, 371, 0, 1.38%, 0, 32, 11, 7.65, 74402
1648646705, 89, 453, 527, 372, 0, 1.38%, 0, 32, 11, 7.35, 74485
1648646711, 90, 446, 527, 372, 0, 1.38%, 0, 32, 11, 6.79, 74520
1648646794, 91, 201, 527, 371, 0, 1.38%, 0, 32, 11, 5.02, 74767
1648646840, 91, 382, 527, 371, 0, 1.38%, 0, 32, 11, 5.99, 75014
1648646937, 91, 382, 528, 372, 0, 1.38%, 0, 32, 11, 6.24, 75583
1648646943, 92, 399, 528, 371, 3, 1.38%, 0, 32, 11, 6.18, 75615
1648646995, 92, 399, 529, 372, 3, 1.38%, 0, 32, 11, 6.16, 75919
1648647000, 92, 454, 529, 371, 2, 1.38%, 0, 32, 11, 5.71, 75948
1648647146, 92, 454, 530, 372, 2, 1.38%, 0, 32, 11, 5.34, 76503
1648647156, 93, 36, 530, 372, 2, 1.38%, 0, 32, 11, 10.63, 76571
1648647187, 93, 510, 530, 371, 2, 1.38%, 0, 32, 11, 1.47, 76805
1648647192, 93, 510, 531, 372, 2, 1.38%, 0, 32, 12, 2.26, 76820
1648647212, 93, 510, 532, 373, 2, 1.38%, 0, 32, 12, 3.05, 76890
1648647399, 93, 510, 533, 374, 2, 1.38%, 0, 32, 12, 1.69, 77228
1648647409, 93, 510, 534, 375, 2, 1.38%, 0, 32, 12, 1.63, 77244
1648647545, 94, 124, 534, 374, 0, 1.38%, 0, 32, 12, 5.98, 77538
1648647581, 95, 115, 534, 374, 0, 1.38%, 0, 32, 12, 7.26, 77776
1648647606, 95, 115, 535, 375, 0, 1.38%, 0, 32, 12, 3.65, 77866
1648647658, 95, 529, 535, 374, 0, 1.38%, 0, 32, 12, 3.99, 78058
1648647674, 95, 529, 536, 375, 0, 1.39%, 0, 32, 12, 8.75, 78157
1648647740, 95, 529, 537, 376, 0, 1.39%, 0, 32, 12, 3.67, 78541
1648647761, 95, 529, 538, 377, 0, 1.39%, 0, 32, 12, 4.09, 78615
1648647797, 95, 529, 539, 378, 0, 1.39%, 0, 32, 12, 7.84, 78820
1648647838, 96, 476, 539, 377, 0, 1.39%, 0, 32, 12, 5.19, 79067
1648647947, 96, 476, 540, 378, 0, 1.39%, 0, 32, 12, 6.37, 79639
1648647952, 97, 44, 540, 377, 0, 1.39%, 0, 32, 12, 8.58, 79690
1648647988, 97, 324, 540, 376, 0, 1.39%, 0, 32, 12, 8.55, 79948
1648648024, 97, 324, 541, 377, 0, 1.39%, 0, 32, 12, 5.57, 80191
1648648044, 98, 118, 541, 377, 0, 1.39%, 0, 32, 12, 4.28, 80285
1648648075, 98, 118, 542, 378, 0, 1.39%, 0, 32, 12, 3.47, 80392
1648648121, 98, 419, 542, 378, 0, 1.39%, 0, 32, 12, 4.42, 80552
1648648126, 98, 419, 543, 379, 0, 1.39%, 0, 32, 12, 4.43, 80576
1648648142, 98, 419, 544, 380, 0, 1.39%, 0, 32, 12, 4.36, 80641
1648648214, 99, 340, 544, 379, 0, 1.40%, 0, 32, 12, 5.81, 80973
1648648234, 99, 348, 544, 378, 0, 1.40%, 0, 32, 12, 6.32, 81114
1648648286, 99, 531, 544, 377, 0, 1.40%, 0, 32, 12, 6.10, 81402
1648648291, 99, 531, 545, 378, 0, 1.40%, 0, 32, 13, 2.24, 81413
1648648334, 99, 531, 546, 379, 0, 1.40%, 0, 32, 13, 1.72, 81485
1648648361, 99, 531, 546, 379, 0, 1.40%, 0, 33, 13, 1.65, 81529
1648648470, 100, 502, 547, 380, 6, 1.40%, 0, 33, 13, 0.00, 81710
1648648609, 101, 493, 549, 381, 5, 1.40%, 0, 33, 13, 5.34, 82080
1648648733, 102, 217, 549, 380, 1, 1.40%, 0, 33, 13, 3.30, 82651
1648648785, 102, 510, 549, 379, 1, 1.40%, 0, 33, 13, 4.27, 82792
1648649073, 103, 399, 549, 379, 1, 1.40%, 0, 33, 13, 3.86, 83436
1648649098, 103, 399, 550, 380, 1, 1.40%, 0, 33, 13, 4.88, 83582
1648649130, 103, 399, 552, 382, 1, 1.40%, 0, 33, 13, 6.48, 83763
1648649135, 103, 526, 552, 382, 3, 1.40%, 0, 33, 13, 6.16, 83793
1648649186, 103, 549, 552, 382, 3, 1.40%, 0, 33, 13, 3.47, 84062
1648649263, 104, 264, 552, 381, 2, 1.40%, 0, 33, 13, 3.94, 84337
1648649356, 104, 264, 553, 382, 2, 1.40%, 0, 33, 13, 3.14, 84642
1648649367, 104, 276, 553, 381, 2, 1.40%, 0, 33, 13, 3.71, 84681
1648649465, 104, 278, 553, 380, 2, 1.40%, 0, 33, 13, 3.62, 84990
1648649548, 105, 199, 553, 379, 1, 1.40%, 0, 33, 13, 4.99, 85303
1648649589, 105, 502, 553, 379, 1, 1.40%, 0, 33, 13, 6.78, 85570
1648649640, 105, 513, 553, 379, 1, 1.40%, 0, 33, 13, 4.88, 85900
