# unix_time, cycles_done, cur_path, paths_total, pending_total, pending_favs, map_size, unique_crashes, unique_hangs, max_depth, execs_per_sec, total_execs
1648633354, 0, 0, 14, 14, 12, 1.02%, 0, 0, 2, 10.45, 137
1648633359, 0, 0, 17, 17, 12, 1.02%, 0, 0, 2, 9.37, 183
1648633364, 0, 0, 21, 21, 12, 1.03%, 0, 0, 2, 7.69, 225
1648633370, 0, 0, 25, 25, 12, 1.03%, 0, 0, 2, 7.98, 266
1648633375, 0, 0, 29, 29, 12, 1.03%, 0, 0, 2, 9.56, 313
1648633380, 0, 0, 34, 34, 12, 1.03%, 0, 0, 2, 10.61, 371
1648633385, 0, 13, 36, 35, 0, 1.03%, 0, 0, 3, 9.39, 413
1648633390, 0, 13, 37, 36, 0, 1.03%, 0, 0, 3, 9.75, 463
1648633400, 0, 13, 39, 38, 0, 1.03%, 0, 0, 3, 6.46, 536
1648633405, 0, 13, 41, 40, 0, 1.03%, 0, 0, 3, 9.36, 584
1648633410, 0, 13, 42, 41, 0, 1.03%, 0, 0, 3, 8.66, 628
1648633415, 0, 13, 44, 43, 0, 1.03%, 0, 0, 3, 6.87, 664
1648633420, 0, 13, 46, 45, 0, 1.03%, 0, 0, 3, 6.89, 700
1648633425, 0, 34, 46, 44, 0, 1.03%, 0, 0, 3, 8.24, 744
1648633430, 0, 34, 47, 45, 0, 1.03%, 0, 0, 3, 7.81, 784
1648633441, 0, 34, 49, 47, 0, 1.03%, 0, 0, 3, 7.59, 860
1648633446, 0, 34, 52, 50, 0, 1.03%, 0, 0, 3, 7.21, 896
1648633451, 0, 34, 53, 51, 0, 1.04%, 0, 0, 3, 6.65, 929
1648633456, 0, 34, 54, 52, 0, 1.04%, 0, 0, 3, 6.44, 964
1648633461, 0, 34, 55, 53, 0, 1.04%, 0, 0, 3, 6.34, 995
1648633476, 1, 0, 58, 55, 11, 1.04%, 0, 0, 3, 9.07, 1113
1648633481, 1, 0, 60, 57, 11, 1.05%, 0, 0, 3, 7.25, 1145
1648633486, 1, 0, 62, 59, 11, 1.06%, 0, 0, 3, 8.13, 1185
1648633492, 1, 0, 65, 62, 11, 1.06%, 0, 0, 3, 7.69, 1223
1648633497, 1, 0, 67, 64, 11, 1.06%, 0, 0, 3, 7.02, 1255
1648633502, 1, 0, 69, 66, 11, 1.07%, 0, 0, 3, 6.25, 1286
1648633507, 1, 0, 70, 67, 11, 1.07%, 0, 0, 3, 7.23, 1326
1648633512, 1, 0, 71, 68, 11, 1.07%, 0, 0, 3, 7.55, 1366
1648633517, 1, 0, 73, 70, 11, 1.07%, 0, 0, 3, 6.79, 1398
1648633523, 1, 0, 75, 72, 11, 1.07%, 0, 0, 3, 6.46, 1430
1648633533, 1, 0, 79, 76, 11, 1.08%, 0, 0, 3, 8.37, 1517
1648633538, 1, 0, 82, 79, 1, 1.08%, 0, 0, 3, 7.93, 1557
1648633543, 1, 0, 84, 81, 1, 1.09%, 0, 0, 3, 7.33, 1595
1648633548, 1, 0, 86, 83, 1, 1.09%, 0, 0, 3, 6.24, 1623
1648633553, 1, 0, 87, 84, 1, 1.09%, 0, 0, 3, 7.10, 1660
1648633558, 1, 0, 88, 85, 1, 1.09%, 0, 0, 3, 5.82, 1688
1648633574, 1, 0, 91, 88, 1, 1.10%, 0, 0, 3, 7.06, 1798
1648633579, 1, 0, 92, 89, 1, 1.10%, 0, 0, 3, 7.67, 1837
1648633584, 1, 0, 96, 93, 1, 1.10%, 0, 0, 3, 7.48, 1874
1648633589, 1, 0, 99, 96, 1, 1.10%, 0, 0, 3, 7.63, 1912
1648633594, 1, 0, 99, 96, 4, 1.10%, 0, 0, 3, 7.98, 1951
1648633599, 1, 0, 100, 97, 4, 1.11%, 0, 0, 3, 7.39, 1988
1648633604, 1, 0, 101, 98, 4, 1.11%, 0, 0, 3, 7.86, 2028
1648633609, 1, 0, 102, 99, 4, 1.11%, 0, 0, 3, 7.51, 2066
1648633625, 1, 0, 105, 102, 4, 1.11%, 0, 0, 3, 6.58, 2167
1648633630, 1, 0, 106, 103, 4, 1.11%, 0, 0, 3, 6.47, 2201
1648633635, 1, 0, 107, 104, 4, 1.11%, 0, 0, 3, 6.86, 2237
1648633650, 2, 1, 108, 105, 0, 1.11%, 0, 0, 3, 9.46, 2354
1648633656, 2, 1, 110, 107, 0, 1.12%, 0, 0, 3, 7.58, 2388
1648633666, 2, 1, 114, 111, 0, 1.12%, 0, 0, 3, 8.15, 2464
1648633671, 2, 1, 117, 114, 0, 1.12%, 0, 0, 3, 8.92, 2512
1648633676, 2, 1, 118, 115, 0, 1.13%, 0, 0, 3, 7.95, 2550
1648633681, 2, 1, 120, 117, 0, 1.13%, 0, 0, 3, 7.84, 2591
1648633686, 2, 1, 121, 118, 0, 1.13%, 0, 0, 3, 7.84, 2632
1648633692, 2, 1, 123, 120, 0, 1.13%, 0, 0, 3, 7.40, 2668
1648633697, 2, 1, 124, 121, 0, 1.13%, 0, 0, 3, 8.11, 2711
1648633702, 2, 1, 128, 125, 0, 1.14%, 0, 0, 3, 8.92, 2761
1648633707, 2, 1, 130, 126, 1, 1.14%, 0, 0, 3, 8.29, 2801
1648633712, 2, 1, 131, 127, 1, 1.14%, 0, 0, 3, 7.18, 2835
1648633727, 2, 1, 132, 128, 1, 1.14%, 0, 0, 3, 5.76, 2932
1648633733, 2, 1, 133, 129, 1, 1.14%, 0, 0, 3, 4.83, 2956
1648633738, 2, 1, 134, 130, 1, 1.14%, 0, 0, 3, 5.81, 2987
1648633743, 2, 1, 135, 131, 1, 1.14%, 0, 0, 3, 6.02, 3018
1648633748, 2, 1, 138, 134, 1, 1.14%, 0, 0, 3, 5.05, 3043
1648633768, 2, 1, 140, 136, 1, 1.14%, 0, 0, 3, 0.00, 3152
1648633774, 2, 2, 140, 136, 1, 1.14%, 0, 0, 3, 10.47, 3197
1648633779, 2, 2, 141, 137, 1, 1.14%, 0, 0, 3, 8.86, 3237
1648633789, 2, 2, 142, 138, 1, 1.14%, 0, 0, 3, 7.72, 3311
1648633794, 2, 2, 144, 140, 1, 1.15%, 0, 0, 3, 6.93, 3344
1648633799, 2, 2, 145, 141, 1, 1.15%, 0, 0, 3, 7.37, 3380
1648633804, 2, 2, 146, 142, 1, 1.16%, 0, 0, 3, 8.29, 3422
1648633809, 2, 2, 149, 145, 1, 1.16%, 0, 0, 3, 8.34, 3465
1648633815, 2, 2, 151, 147, 1, 1.16%, 0, 0, 3, 8.23, 3508
1648633820, 2, 2, 152, 147, 3, 1.16%, 0, 0, 3, 9.38, 3538
1648633825, 2, 3, 154, 149, 3, 1.16%, 0, 0, 3, 9.98, 3591
1648633841, 2, 3, 156, 151, 3, 1.16%, 0, 0, 3, 7.79, 3737
1648633846, 2, 3, 157, 152, 3, 1.16%, 0, 0, 3, 7.16, 3773
1648633851, 2, 3, 158, 153, 3, 1.17%, 0, 0, 3, 8.09, 3817
1648633856, 2, 3, 161, 156, 3, 1.17%, 0, 0, 3, 7.67, 3855
1648633867, 2, 16, 162, 156, 0, 1.17%, 0, 0, 3, 8.83, 3939
1648633882, 2, 16, 163, 157, 0, 1.17%, 0, 0, 3, 4.97, 4022
1648633913, 2, 153, 163, 156, 0, 1.17%, 0, 0, 3, 5.55, 4192
1648633923, 2, 153, 164, 157, 0, 1.17%, 0, 0, 3, 4.92, 4245
1648633928, 2, 153, 165, 158, 0, 1.17%, 0, 0, 3, 4.32, 4267
1648633944, 2, 153, 166, 159, 0, 1.17%, 0, 0, 3, 4.44, 4343
1648633959, 2, 153, 168, 161, 0, 1.17%, 0, 0, 3, 6.11, 4415
1648633964, 2, 153, 169, 162, 0, 1.17%, 0, 0, 3, 6.69, 4450
1648633970, 2, 153, 171, 164, 0, 1.17%, 0, 0, 3, 6.43, 4482
1648633975, 2, 153, 173, 166, 0, 1.17%, 0, 0, 3, 5.60, 4507
1648633980, 2, 153, 175, 168, 0, 1.17%, 0, 0, 3, 6.70, 4545
1648633990, 2, 153, 176, 169, 0, 1.17%, 0, 0, 3, 6.83, 4611
1648633996, 2, 153, 178, 171, 0, 1.17%, 0, 0, 3, 6.55, 4642
1648634001, 2, 153, 179, 172, 0, 1.17%, 0, 0, 3, 5.10, 4665
1648634006, 3, 3, 180, 172, 1, 1.17%, 0, 0, 3, 5.54, 4690
1648634011, 3, 3, 181, 173, 1, 1.19%, 0, 0, 3, 6.02, 4724
1648634021, 3, 3, 182, 174, 1, 1.20%, 0, 0, 3, 6.57, 4787
1648634037, 3, 3, 183, 175, 1, 1.20%, 0, 0, 3, 5.83, 4888
1648634042, 3, 3, 184, 176, 1, 1.20%, 0, 0, 3, 5.29, 4916
1648634053, 3, 3, 186, 178, 1, 1.20%, 0, 0, 3, 4.98, 4973
1648634058, 3, 80, 187, 179, 0, 1.20%, 0, 0, 3, 27.33, 5008
1648634063, 3, 80, 188, 180, 0, 1.20%, 0, 0, 3, 15.99, 5089
1648634068, 3, 80, 190, 182, 0, 1.20%, 0, 0, 3, 11.50, 5137
1648634078, 3, 80, 191, 183, 0, 1.20%, 0, 0, 3, 9.47, 5229
1648634083, 3, 80, 194, 186, 0, 1.20%, 0, 0, 3, 8.56, 5272
1648634088, 3, 80, 196, 188, 0, 1.20%, 0, 0, 3, 9.82, 5324
1648634094, 3, 80, 199, 191, 0, 1.21%, 0, 0, 3, 11.34, 5377
1648634099, 3, 80, 200, 192, 0, 1.21%, 0, 0, 3, 11.43, 5436
1648634104, 4, 77, 201, 192, 0, 1.21%, 0, 0, 3, 9.28, 5478
1648634124, 4, 77, 202, 193, 0, 1.21%, 0, 0, 3, 5.26, 5610
1648634129, 4, 77, 204, 195, 0, 1.21%, 0, 0, 3, 4.80, 5634
1648634140, 4, 77, 206, 197, 0, 1.21%, 0, 0, 3, 4.62, 5684
1648634145, 4, 77, 207, 198, 0, 1.21%, 0, 0, 3, 4.53, 5707
1648634150, 4, 77, 208, 199, 0, 1.21%, 0, 0, 3, 4.90, 5733
1648634155, 4, 77, 209, 200, 0, 1.21%, 0, 0, 3, 4.86, 5759
1648634160, 4, 77, 211, 202, 0, 1.21%, 0, 0, 3, 4.68, 5783
1648634165, 4, 77, 213, 204, 0, 1.21%, 0, 0, 3, 4.75, 5808
1648634171, 4, 77, 214, 205, 0, 1.21%, 0, 0, 3, 4.99, 5834
1648634176, 4, 77, 215, 206, 0, 1.21%, 0, 0, 3, 4.84, 5859
1648634181, 4, 77, 216, 207, 0, 1.21%, 0, 0, 3, 4.54, 5882
1648634186, 4, 77, 218, 209, 0, 1.21%, 0, 0, 3, 4.43, 5905
1648634191, 5, 11, 219, 209, 0, 1.21%, 0, 0, 3, 25.85, 5963
1648634201, 5, 11, 222, 212, 0, 1.22%, 0, 0, 3, 8.98, 6035
1648634211, 5, 11, 225, 215, 0, 1.22%, 0, 0, 3, 7.63, 6112
1648634217, 5, 11, 226, 216, 0, 1.22%, 0, 0, 3, 8.25, 6156
1648634222, 5, 11, 227, 217, 0, 1.22%, 0, 0, 3, 9.35, 6205
1648634232, 5, 11, 229, 219, 0, 1.22%, 0, 0, 3, 9.92, 6310
1648634237, 5, 12, 230, 219, 0, 1.22%, 0, 0, 3, 17.51, 6400
1648634242, 5, 12, 232, 221, 0, 1.22%, 0, 0, 3, 10.97, 6441
1648634248, 5, 12, 235, 224, 0, 1.22%, 0, 0, 3, 8.32, 6478
1648634253, 5, 12, 236, 225, 0, 1.22%, 0, 0, 3, 11.66, 6541
1648634258, 5, 12, 237, 226, 0, 1.22%, 0, 0, 3, 9.82, 6590
1648634263, 5, 12, 239, 228, 0, 1.22%, 0, 0, 3, 8.92, 6635
1648634268, 5, 12, 241, 230, 0, 1.22%, 0, 0, 3, 8.72, 6681
1648634273, 5, 20, 242, 230, 0, 1.22%, 0, 0, 3, 9.89, 6730
1648634284, 5, 20, 243, 231, 0, 1.22%, 0, 0, 3, 5.55, 6787
1648634304, 5, 20, 244, 232, 0, 1.22%, 0, 0, 3, 4.98, 6894
1648634309, 5, 20, 245, 233, 0, 1.22%, 0, 0, 3, 4.80, 6920
1648634325, 5, 20, 246, 234, 0, 1.22%, 0, 0, 3, 5.03, 7001
1648634330, 5, 64, 246, 233, 0, 1.22%, 0, 0, 3, 5.34, 7027
1648634345, 5, 64, 247, 234, 0, 1.22%, 0, 0, 3, 6.46, 7128
1648634355, 5, 64, 248, 235, 0, 1.22%, 0, 0, 3, 4.91, 7179
1648634366, 5, 64, 249, 236, 0, 1.23%, 0, 0, 3, 4.57, 7230
1648634376, 5, 64, 250, 237, 0, 1.23%, 0, 0, 3, 5.43, 7283
1648634391, 5, 189, 250, 236, 0, 1.23%, 0, 0, 3, 5.30, 7374
1648634402, 5, 189, 251, 237, 0, 1.23%, 0, 0, 4, 7.98, 7459
1648634407, 5, 189, 252, 238, 0, 1.23%, 0, 0, 4, 6.51, 7494
1648634412, 5, 189, 254, 240, 0, 1.23%, 0, 0, 4, 6.89, 7530
1648634417, 5, 189, 255, 241, 0, 1.23%, 0, 0, 4, 6.15, 7563
1648634427, 5, 189, 256, 242, 0, 1.23%, 0, 0, 4, 7.24, 7638
1648634433, 5, 189, 257, 243, 0, 1.23%, 0, 0, 4, 7.75, 7679
1648634438, 6, 15, 257, 242, 0, 1.23%, 0, 0, 4, 8.45, 7724
1648634453, 6, 15, 258, 243, 0, 1.23%, 0, 0, 4, 7.82, 7845
1648634474, 6, 35, 258, 242, 0, 1.23%, 0, 0, 4, 10.06, 8017
1648634494, 6, 49, 258, 242, 0, 1.23%, 0, 0, 4, 11.53, 8247
1648634515, 6, 49, 259, 243, 0, 1.23%, 0, 0, 4, 6.28, 8394
1648634536, 7, 9, 259, 242, 0, 1.23%, 0, 0, 4, 11.59, 8574
1648634541, 7, 9, 260, 243, 0, 1.23%, 0, 0, 4, 10.77, 8618
1648634546, 7, 9, 261, 244, 0, 1.23%, 0, 0, 4, 8.78, 8661
1648634566, 7, 47, 262, 244, 0, 1.23%, 0, 0, 4, 11.48, 8882
1648634571, 7, 47, 263, 245, 0, 1.23%, 0, 0, 4, 9.62, 8926
1648634592, 8, 17, 263, 244, 0, 1.23%, 0, 0, 4, 8.88, 9112
1648634597, 8, 17, 264, 245, 0, 1.23%, 0, 0, 4, 6.80, 9144
1648634627, 8, 108, 264, 244, 0, 1.23%, 0, 0, 4, 8.06, 9380
1648634632, 8, 108, 265, 245, 0, 1.23%, 0, 0, 4, 8.71, 9426
1648634642, 8, 108, 266, 246, 0, 1.23%, 0, 0, 4, 8.65, 9514
1648634653, 8, 108, 267, 247, 0, 1.23%, 0, 0, 4, 7.78, 9598
1648634658, 8, 108, 268, 248, 0, 1.23%, 0, 0, 4, 8.05, 9639
1648634668, 9, 1, 268, 247, 1, 1.23%, 0, 0, 4, 7.73, 9721
1648634674, 9, 1, 269, 248, 1, 1.23%, 0, 0, 4, 5.71, 9748
1648634679, 9, 1, 270, 249, 1, 1.23%, 0, 0, 4, 5.26, 9776
1648634700, 9, 1, 272, 251, 1, 1.23%, 0, 0, 4, 4.74, 9892
1648634705, 9, 1, 274, 253, 1, 1.23%, 0, 0, 4, 4.42, 9914
1648634715, 9, 1, 275, 254, 1, 1.23%, 0, 0, 4, 4.53, 9962
1648634720, 9, 1, 276, 255, 1, 1.23%, 0, 0, 4, 4.69, 9988
1648634736, 9, 1, 277, 256, 1, 1.24%, 0, 0, 4, 4.55, 10055
1648634746, 9, 146, 278, 257, 0, 1.24%, 0, 0, 4, 18.55, 10137
1648634772, 9, 146, 279, 258, 0, 1.24%, 0, 0, 4, 5.48, 10311
1648634777, 9, 146, 280, 259, 0, 1.24%, 0, 0, 4, 6.60, 10346
1648634782, 9, 146, 281, 260, 0, 1.24%, 0, 0, 4, 6.85, 10382
1648634788, 9, 146, 282, 261, 0, 1.24%, 0, 0, 4, 6.67, 10415
1648634798, 10, 146, 282, 260, 0, 1.24%, 0, 0, 4, 9.92, 10508
1648634803, 10, 146, 284, 262, 0, 1.24%, 0, 0, 4, 8.42, 10550
1648634808, 10, 146, 285, 263, 0, 1.24%, 0, 0, 4, 7.77, 10589
1648634819, 10, 146, 286, 264, 0, 1.24%, 0, 0, 4, 8.19, 10674
1648634834, 11, 37, 286, 264, 0, 1.24%, 0, 0, 4, 6.70, 10799
1648634896, 11, 155, 286, 263, 0, 1.24%, 0, 0, 4, 3.82, 11038
1648634937, 11, 155, 287, 264, 0, 1.24%, 0, 0, 4, 5.03, 11276
1648634942, 11, 155, 288, 265, 0, 1.24%, 0, 0, 4, 4.01, 11295
1648634948, 11, 155, 290, 267, 0, 1.24%, 0, 0, 4, 5.72, 11328
1648634953, 11, 155, 291, 268, 0, 1.25%, 0, 0, 4, 6.89, 11365
1648634958, 11, 160, 291, 267, 0, 1.25%, 0, 0, 4, 9.20, 11415
1648634963, 11, 160, 293, 269, 0, 1.25%, 0, 0, 4, 7.80, 11453
1648634968, 11, 160, 294, 270, 0, 1.25%, 0, 0, 4, 7.45, 11490
1648634979, 11, 160, 295, 271, 0, 1.25%, 0, 0, 4, 7.70, 11569
1648634994, 11, 160, 297, 273, 0, 1.25%, 0, 0, 4, 7.80, 11697
1648634999, 11, 196, 297, 272, 1, 1.25%, 0, 0, 4, 9.83, 11747
1648635010, 11, 196, 298, 273, 1, 1.25%, 0, 0, 4, 7.71, 11835
1648635015, 11, 196, 299, 274, 1, 1.25%, 0, 0, 4, 7.84, 11876
1648635020, 11, 196, 300, 275, 1, 1.25%, 0, 0, 4, 8.04, 11916
1648635025, 11, 196, 301, 276, 1, 1.25%, 0, 0, 4, 8.26, 11955
1648635030, 11, 196, 302, 277, 1, 1.25%, 0, 0, 4, 7.68, 11994
1648635041, 11, 208, 303, 277, 1, 1.25%, 0, 0, 4, 7.31, 12073
1648635051, 11, 208, 304, 278, 1, 1.25%, 0, 0, 4, 7.11, 12146
1648635056, 11, 208, 305, 279, 1, 1.25%, 0, 0, 4, 7.65, 12187
1648635067, 11, 208, 306, 280, 1, 1.25%, 0, 0, 4, 7.58, 12266
1648635082, 11, 221, 306, 279, 1, 1.25%, 0, 0, 4, 7.79, 12387
1648635098, 11, 221, 307, 280, 1, 1.25%, 0, 0, 4, 6.72, 12498
1648635103, 11, 221, 309, 282, 1, 1.25%, 0, 0, 4, 6.36, 12528
1648635108, 11, 230, 310, 282, 2, 1.25%, 0, 0, 4, 6.86, 12563
1648635123, 11, 230, 312, 284, 2, 1.25%, 0, 0, 4, 7.18, 12680
1648635128, 11, 230, 313, 285, 2, 1.25%, 0, 0, 4, 7.36, 12718
1648635133, 11, 230, 314, 286, 2, 1.25%, 0, 0, 4, 6.57, 12751
1648635144, 11, 230, 315, 287, 2, 1.25%, 0, 0, 4, 6.73, 12816
1648635149, 11, 230, 316, 288, 2, 1.25%, 0, 0, 4, 5.83, 12844
1648635154, 11, 230, 317, 289, 2, 1.25%, 0, 0, 4, 6.79, 12880
1648635164, 12, 34, 317, 288, 0, 1.25%, 0, 0, 4, 7.04, 12952
1648635185, 12, 34, 319, 290, 0, 1.25%, 0, 0, 4, 6.26, 13087
1648635211, 12, 248, 320, 291, 2, 1.26%, 0, 0, 4, 5.51, 13247
1648635247, 12, 248, 321, 292, 2, 1.26%, 0, 0, 4, 4.54, 13440
1648635278, 13, 189, 321, 291, 1, 1.26%, 0, 0, 4, 6.49, 13607
1648635299, 13, 189, 322, 292, 1, 1.26%, 0, 0, 4, 6.90, 13766
1648635304, 13, 189, 323, 293, 1, 1.26%, 0, 0, 4, 6.73, 13800
1648635309, 13, 189, 324, 294, 1, 1.26%, 0, 0, 4, 7.61, 13840
1648635314, 13, 189, 325, 295, 1, 1.26%, 0, 0, 4, 7.50, 13878
1648635324, 13, 249, 325, 295, 1, 1.26%, 0, 0, 4, 5.14, 13932
1648635345, 14, 39, 325, 294, 0, 1.26%, 0, 0, 4, 9.15, 14055
1648635350, 14, 50, 325, 293, 0, 1.26%, 0, 0, 4, 7.67, 14092
1648635386, 14, 55, 325, 292, 0, 1.26%, 0, 0, 4, 9.86, 14354
1648635396, 14, 55, 326, 293, 0, 1.26%, 0, 0, 4, 8.89, 14453
1648635412, 14, 55, 327, 294, 0, 1.26%, 0, 0, 4, 8.10, 14570
1648635417, 14, 55, 328, 295, 0, 1.26%, 0, 0, 4, 6.92, 14602
1648635427, 14, 85, 328, 295, 1, 1.26%, 0, 0, 4, 10.11, 14694
1648635432, 14, 85, 329, 296, 1, 1.26%, 0, 0, 4, 9.02, 14738
1648635443, 14, 85, 330, 297, 1, 1.26%, 0, 0, 4, 6.77, 14803
1648635448, 14, 85, 331, 298, 1, 1.26%, 0, 0, 4, 7.44, 14840
1648635453, 14, 85, 332, 299, 1, 1.26%, 0, 0, 4, 6.54, 14871
1648635473, 15, 20, 332, 298, 0, 1.26%, 0, 0, 4, 6.33, 15006
1648635525, 15, 111, 332, 298, 0, 1.26%, 0, 0, 4, 7.10, 15266
1648635536, 15, 111, 333, 299, 0, 1.26%, 0, 0, 4, 7.59, 15345
1648635546, 15, 111, 334, 300, 0, 1.26%, 0, 0, 4, 6.55, 15411
1648635566, 16, 1, 335, 300, 4, 1.26%, 0, 0, 4, 7.71, 15564
1648635597, 16, 1, 336, 301, 4, 1.26%, 0, 0, 4, 4.74, 15731
1648635613, 16, 96, 337, 302, 0, 1.26%, 0, 0, 4, 0.00, 15817
1648635648, 16, 148, 337, 301, 0, 1.26%, 0, 0, 4, 8.01, 16107
1648635659, 16, 148, 338, 302, 0, 1.26%, 0, 0, 4, 6.77, 16183
1648635664, 16, 148, 339, 303, 0, 1.26%, 0, 0, 4, 6.69, 16214
1648635679, 16, 148, 340, 304, 0, 1.26%, 0, 0, 4, 7.06, 16328
1648635694, 17, 144, 341, 304, 0, 1.26%, 0, 0, 4, 0.00, 16419
1648635710, 17, 152, 341, 303, 0, 1.26%, 0, 0, 4, 9.80, 16522
1648635720, 17, 152, 342, 304, 0, 1.26%, 0, 0, 4, 7.26, 16602
1648635735, 17, 152, 343, 305, 0, 1.26%, 0, 0, 4, 8.50, 16719
1648635746, 18, 38, 343, 304, 0, 1.26%, 0, 0, 4, 9.05, 16815
1648635761, 18, 38, 344, 305, 0, 1.26%, 0, 0, 4, 3.56, 16868
1648635808, 18, 38, 345, 306, 0, 1.26%, 0, 0, 4, 3.24, 17030
1648635834, 18, 169, 345, 305, 0, 1.26%, 0, 0, 4, 5.08, 17125
1648635839, 18, 169, 346, 306, 0, 1.26%, 0, 0, 4, 6.44, 17161
1648635870, 18, 169, 347, 307, 0, 1.26%, 0, 0, 4, 7.09, 17368
1648635875, 18, 169, 348, 308, 0, 1.26%, 0, 0, 4, 7.01, 17405
1648635880, 18, 182, 348, 307, 0, 1.26%, 0, 0, 4, 6.49, 17438
1648635916, 18, 182, 349, 308, 0, 1.26%, 0, 0, 4, 4.92, 17641
1648635936, 18, 196, 349, 307, 0, 1.26%, 0, 0, 4, 8.85, 17768
1648635957, 18, 196, 350, 308, 0, 1.26%, 0, 0, 4, 8.82, 17961
1648635967, 18, 209, 350, 308, 0, 1.26%, 0, 0, 4, 13.61, 18066
1648635983, 18, 209, 351, 309, 0, 1.27%, 0, 0, 4, 9.89, 18241
1648635998, 18, 222, 352, 309, 0, 1.27%, 0, 0, 4, 8.68, 18378
1648636019, 18, 222, 353, 310, 0, 1.27%, 0, 0, 4, 6.18, 18519
1648636024, 18, 222, 354, 311, 0, 1.27%, 0, 0, 4, 6.53, 18553
1648636039, 18, 222, 355, 312, 0, 1.27%, 0, 0, 4, 6.30, 18649
1648636044, 18, 222, 356, 313, 0, 1.27%, 0, 0, 4, 6.95, 18687
1648636050, 18, 222, 358, 315, 0, 1.27%, 0, 0, 4, 7.00, 18723
1648636055, 18, 222, 360, 317, 0, 1.27%, 0, 0, 4, 6.87, 18758
1648636065, 18, 239, 360, 316, 6, 1.27%, 0, 0, 4, 7.38, 18830
1648636106, 18, 239, 361, 317, 6, 1.27%, 0, 0, 4, 7.74, 19131
1648636111, 18, 318, 361, 316, 1, 1.27%, 0, 0, 4, 7.33, 19168
1648636157, 19, 279, 361, 315, 0, 1.27%, 0, 0, 4, 6.58, 19483
1648636162, 19, 279, 362, 316, 0, 1.27%, 0, 0, 4, 4.73, 19504
1648636167, 19, 279, 363, 317, 0, 1.27%, 0, 0, 4, 4.11, 19524
1648636188, 19, 279, 364, 318, 0, 1.27%, 0, 0, 4, 3.94, 19605
1648636213, 19, 279, 365, 319, 0, 1.27%, 0, 0, 4, 4.27, 19719
1648636235, 19, 279, 366, 320, 0, 1.28%, 0, 0, 4, 4.93, 19815
1648636255, 20, 251, 366, 319, 1, 1.28%, 0, 0, 4, 6.14, 19918
1648636291, 20, 251, 369, 322, 1, 1.28%, 0, 0, 5, 6.99, 20194
1648636302, 20, 251, 370, 323, 1, 1.28%, 0, 0, 5, 7.42, 20270
1648636317, 20, 358, 370, 322, 0, 1.28%, 0, 0, 5, 8.50, 20389
1648636343, 20, 358, 371, 323, 0, 1.28%, 0, 0, 5, 7.57, 20606
1648636353, 20, 358, 372, 324, 0, 1.28%, 0, 0, 5, 7.16, 20682
1648636358, 20, 358, 373, 325, 0, 1.28%, 0, 0, 5, 7.30, 20719
1648636363, 21, 261, 373, 324, 0, 1.28%, 0, 0, 5, 5.86, 20750
1648636435, 21, 261, 374, 325, 0, 1.28%, 0, 0, 5, 5.53, 21068
1648636486, 22, 42, 374, 324, 0, 1.28%, 0, 0, 5, 9.80, 21353
1648636517, 22, 52, 374, 323, 0, 1.28%, 0, 0, 5, 7.67, 21603
1648636558, 22, 60, 374, 322, 0, 1.28%, 0, 0, 5, 6.75, 21867
1648636569, 22, 60, 375, 323, 0, 1.28%, 0, 0, 5, 6.25, 21934
1648636605, 22, 249, 375, 322, 1, 1.28%, 0, 0, 5, 5.82, 22159
1648636631, 22, 249, 376, 323, 1, 1.28%, 0, 0, 5, 4.79, 22277
1648636636, 22, 249, 377, 324, 1, 1.28%, 0, 0, 5, 4.85, 22302
1648636652, 22, 249, 378, 325, 1, 1.28%, 0, 0, 5, 4.71, 22377
1648636667, 22, 249, 379, 326, 1, 1.28%, 0, 0, 5, 4.99, 22454
1648636673, 23, 54, 379, 326, 0, 1.28%, 0, 0, 5, 5.19, 22481
1648636714, 23, 54, 380, 327, 0, 1.28%, 0, 0, 5, 3.89, 22659
1648636729, 23, 114, 380, 326, 0, 1.28%, 0, 0, 5, 4.76, 22731
1648636750, 23, 114, 381, 327, 0, 1.28%, 0, 0, 5, 7.10, 22884
1648636755, 23, 114, 382, 328, 0, 1.28%, 0, 0, 5, 7.42, 22921
1648636760, 23, 114, 383, 329, 0, 1.28%, 0, 0, 5, 6.20, 22951
1648636765, 23, 114, 384, 330, 0, 1.28%, 0, 0, 5, 6.93, 22986
1648636776, 24, 1, 384, 329, 5, 1.28%, 0, 0, 5, 7.74, 23063
1648636781, 24, 1, 385, 330, 5, 1.28%, 0, 0, 5, 6.29, 23096
1648636806, 24, 1, 386, 331, 5, 1.28%, 0, 0, 5, 5.00, 23240
1648636822, 24, 164, 387, 332, 0, 1.28%, 0, 0, 5, 0.00, 23324
1648636837, 25, 149, 387, 331, 0, 1.28%, 0, 0, 5, 3.57, 23363
1648636848, 25, 149, 388, 332, 0, 1.28%, 0, 0, 5, 7.03, 23440
1648636858, 25, 149, 389, 333, 0, 1.28%, 0, 0, 5, 7.16, 23517
1648636874, 25, 149, 390, 334, 0, 1.28%, 0, 0, 5, 6.92, 23628
1648636884, 25, 177, 390, 333, 0, 1.28%, 0, 0, 5, 6.86, 23702
1648636935, 26, 155, 390, 332, 0, 1.28%, 0, 0, 5, 5.11, 23967
1648636971, 26, 155, 391, 333, 0, 1.28%, 0, 0, 5, 6.14, 24182
1648636987, 27, 41, 391, 333, 0, 1.28%, 0, 0, 5, 6.28, 24271
1648637044, 27, 172, 391, 332, 0, 1.28%, 0, 0, 5, 11.28, 24576
1648637070, 27, 172, 393, 334, 0, 1.28%, 0, 0, 5, 7.69, 24793
1648637075, 27, 183, 393, 333, 0, 1.28%, 0, 0, 5, 7.05, 24827
1648637126, 27, 197, 393, 332, 0, 1.28%, 0, 0, 5, 9.90, 25141
1648637152, 27, 197, 394, 333, 0, 1.28%, 0, 0, 5, 8.49, 25377
1648637157, 27, 210, 394, 332, 0, 1.28%, 0, 0, 5, 11.70, 25429
1648637178, 27, 210, 395, 333, 0, 1.28%, 0, 0, 5, 8.73, 25660
1648637188, 27, 359, 395, 332, 1, 1.28%, 0, 0, 5, 8.12, 25751
1648637214, 27, 370, 395, 331, 0, 1.28%, 0, 0, 5, 11.48, 25964
1648637265, 27, 370, 397, 333, 0, 1.28%, 0, 0, 5, 8.18, 26432
1648637275, 28, 242, 397, 332, 0, 1.28%, 0, 0, 5, 7.40, 26507
1648637301, 28, 361, 398, 332, 0, 1.28%, 0, 0, 5, 6.92, 26687
1648637311, 28, 361, 399, 333, 0, 1.28%, 0, 0, 5, 6.81, 26757
1648637327, 28, 361, 400, 334, 0, 1.28%, 0, 0, 5, 4.06, 26832
1648637337, 28, 361, 401, 335, 0, 1.29%, 0, 0, 5, 3.96, 26872
1648637368, 28, 361, 401, 335, 0, 1.29%, 0, 2, 5, 3.70, 26984
1648637378, 28, 361, 402, 336, 0, 1.29%, 0, 2, 5, 4.15, 27032
1648637394, 28, 361, 403, 337, 0, 1.29%, 0, 2, 5, 4.13, 27091
1648637414, 28, 361, 404, 338, 0, 1.30%, 0, 2, 5, 4.24, 27185
1648637450, 28, 368, 404, 337, 0, 1.30%, 0, 2, 5, 7.24, 27357
1648637476, 28, 368, 405, 338, 0, 1.30%, 0, 2, 6, 8.35, 27586
1648637522, 29, 358, 405, 337, 2, 1.30%, 0, 2, 6, 9.73, 27956
1648637543, 29, 358, 406, 338, 2, 1.30%, 0, 2, 6, 7.22, 28128
1648637559, 29, 358, 407, 339, 2, 1.30%, 0, 2, 6, 7.70, 28251
1648637564, 30, 297, 407, 339, 0, 1.30%, 0, 2, 6, 6.45, 28282
1648637640, 31, 45, 407, 338, 0, 1.30%, 0, 2, 6, 4.19, 28530
1648637661, 31, 45, 408, 339, 0, 1.30%, 0, 2, 6, 7.23, 28682
1648637681, 31, 53, 408, 338, 0, 1.30%, 0, 2, 6, 6.19, 28819
1648637728, 31, 67, 408, 337, 0, 1.30%, 0, 2, 6, 5.96, 29077
1648637743, 31, 67, 409, 338, 0, 1.30%, 0, 2, 6, 6.18, 29178
1648637769, 31, 67, 410, 339, 0, 1.30%, 0, 2, 6, 4.81, 29326
1648637774, 31, 329, 410, 338, 3, 1.30%, 0, 2, 6, 10.10, 29375
1648637810, 31, 329, 413, 341, 3, 1.30%, 0, 2, 6, 7.20, 29694
1648637815, 32, 154, 413, 340, 1, 1.30%, 0, 2, 6, 14.72, 29778
1648637841, 33, 104, 414, 340, 0, 1.30%, 0, 2, 6, 3.84, 30004
1648637851, 33, 117, 414, 339, 0, 1.30%, 0, 2, 6, 7.05, 30073
1648637887, 33, 117, 415, 340, 0, 1.30%, 0, 2, 6, 6.76, 30319
1648637892, 34, 2, 415, 339, 5, 1.30%, 0, 2, 6, 6.61, 30349
1648637933, 34, 306, 416, 340, 5, 1.30%, 0, 2, 6, 0.00, 30600
1648638021, 34, 339, 416, 339, 1, 1.30%, 0, 2, 6, 3.90, 30915
1648638042, 35, 180, 417, 339, 0, 1.30%, 0, 2, 6, 0.00, 31030
1648638052, 36, 158, 417, 338, 0, 1.30%, 0, 2, 6, 4.66, 31078
1648638067, 36, 158, 418, 339, 0, 1.30%, 0, 2, 6, 7.59, 31218
1648638088, 36, 158, 419, 340, 0, 1.30%, 0, 2, 6, 7.82, 31378
1648638093, 37, 43, 419, 339, 0, 1.30%, 0, 2, 6, 5.56, 31404
1648638119, 37, 43, 420, 340, 0, 1.30%, 0, 2, 6, 3.30, 31494
1648638124, 37, 43, 421, 341, 0, 1.30%, 0, 2, 6, 3.14, 31510
1648638165, 37, 43, 421, 341, 0, 1.30%, 0, 3, 6, 3.04, 31638
1648638181, 37, 173, 421, 340, 0, 1.30%, 0, 3, 6, 5.32, 31700
1648638232, 37, 184, 421, 339, 0, 1.30%, 0, 3, 6, 4.78, 32025
1648638283, 37, 199, 421, 338, 0, 1.30%, 0, 3, 6, 12.19, 32334
1648638288, 37, 199, 423, 340, 0, 1.30%, 0, 3, 6, 9.59, 32380
1648638314, 37, 199, 424, 341, 0, 1.30%, 0, 3, 6, 8.07, 32570
1648638324, 37, 335, 424, 340, 1, 1.30%, 0, 3, 6, 13.18, 32676
1648638329, 37, 335, 426, 342, 1, 1.30%, 0, 3, 6, 14.60, 32760
1648638334, 37, 335, 427, 343, 1, 1.30%, 0, 3, 6, 9.33, 32794
1648638360, 38, 306, 427, 342, 1, 1.30%, 0, 3, 6, 7.05, 33023
1648638421, 39, 238, 427, 342, 1, 1.30%, 0, 3, 6, 14.55, 33381
1648638427, 39, 238, 428, 343, 1, 1.30%, 0, 3, 6, 12.85, 33453
1648638437, 39, 238, 429, 344, 1, 1.30%, 0, 3, 6, 9.69, 33551
1648638442, 39, 238, 430, 345, 1, 1.30%, 0, 3, 6, 7.67, 33585
1648638447, 39, 238, 432, 347, 1, 1.30%, 0, 3, 6, 7.66, 33625
1648638457, 39, 245, 432, 346, 0, 1.30%, 0, 3, 6, 9.45, 33722
1648638499, 39, 245, 433, 347, 0, 1.30%, 0, 3, 6, 7.10, 34009
1648638504, 39, 363, 433, 346, 3, 1.30%, 0, 3, 6, 6.55, 34042
1648638514, 39, 363, 434, 347, 3, 1.30%, 0, 3, 6, 4.16, 34083
1648638550, 39, 363, 435, 348, 3, 1.31%, 0, 3, 6, 3.96, 34224
1648638622, 39, 368, 435, 347, 0, 1.31%, 0, 3, 6, 5.05, 34552
1648638673, 39, 368, 436, 348, 0, 1.31%, 0, 3, 6, 8.03, 34984
1648638679, 39, 368, 437, 349, 0, 1.31%, 0, 3, 6, 0.78, 35021
1648638684, 39, 368, 437, 349, 0, 1.31%, 0, 4, 6, 6.43, 35049
1648638705, 39, 370, 437, 349, 0, 1.31%, 0, 4, 6, 4.09, 35170
1648638746, 39, 370, 438, 350, 0, 1.31%, 0, 4, 6, 6.14, 35453
1648638777, 39, 370, 439, 351, 0, 1.31%, 0, 4, 6, 6.68, 35664
1648638788, 40, 295, 439, 351, 1, 1.31%, 0, 4, 6, 6.82, 35737
1648638818, 40, 295, 440, 352, 1, 1.31%, 0, 4, 6, 6.67, 35951
1648638829, 40, 295, 441, 353, 1, 1.31%, 0, 4, 6, 5.96, 36015
1648638834, 40, 295, 442, 354, 1, 1.31%, 0, 4, 6, 5.54, 36044
1648638839, 40, 295, 443, 355, 1, 1.31%, 0, 4, 6, 6.47, 36078
1648638844, 41, 65, 443, 354, 0, 1.31%, 0, 4, 6, 6.71, 36113
1648638880, 41, 65, 444, 355, 0, 1.31%, 0, 4, 6, 6.19, 36356
1648638890, 41, 65, 445, 356, 0, 1.31%, 0, 4, 6, 5.73, 36411
1648638895, 41, 379, 445, 355, 0, 1.31%, 0, 4, 6, 4.43, 36431
1648638946, 41, 379, 446, 356, 0, 1.31%, 0, 4, 6, 6.43, 36665
1648638983, 42, 199, 446, 355, 0, 1.31%, 0, 4, 6, 12.27, 36876
1648638998, 42, 199, 447, 356, 0, 1.31%, 0, 4, 6, 9.16, 37028
1648639008, 42, 199, 448, 357, 0, 1.31%, 0, 4, 6, 10.32, 37114
1648639013, 43, 72, 448, 357, 0, 1.31%, 0, 4, 6, 8.46, 37153
1648639054, 43, 78, 448, 356, 0, 1.31%, 0, 4, 6, 7.18, 37440
1648639095, 43, 161, 448, 355, 0, 1.31%, 0, 4, 6, 14.16, 37779
1648639106, 43, 161, 449, 356, 0, 1.31%, 0, 4, 6, 8.90, 37872
1648639111, 43, 161, 451, 358, 0, 1.31%, 0, 4, 6, 7.90, 37909
1648639126, 43, 314, 451, 357, 2, 1.31%, 0, 4, 6, 8.34, 38050
1648639147, 43, 327, 451, 356, 1, 1.31%, 0, 4, 6, 6.19, 38191
1648639162, 43, 327, 452, 357, 1, 1.31%, 0, 4, 6, 3.82, 38251
1648639173, 43, 327, 453, 358, 1, 1.32%, 0, 4, 6, 3.68, 38289
1648639193, 43, 327, 454, 359, 1, 1.32%, 0, 4, 6, 3.99, 38363
1648639219, 43, 327, 454, 359, 1, 1.32%, 0, 5, 6, 3.76, 38475
1648639246, 44, 137, 454, 358, 0, 1.32%, 0, 5, 6, 4.44, 38588
1648639256, 44, 247, 454, 357, 0, 1.32%, 0, 5, 6, 4.94, 38637
1648639318, 44, 353, 454, 356, 0, 1.32%, 0, 5, 6, 5.28, 38966
1648639380, 44, 372, 454, 355, 0, 1.32%, 0, 5, 6, 6.37, 39288
1648639415, 45, 120, 454, 354, 0, 1.32%, 0, 5, 6, 7.21, 39541
1648639456, 45, 380, 454, 353, 0, 1.32%, 0, 5, 6, 6.70, 39810
1648639482, 46, 376, 454, 352, 0, 1.32%, 0, 5, 6, 6.69, 39949
1648639554, 46, 376, 455, 353, 0, 1.32%, 0, 5, 6, 4.47, 40331
1648639595, 47, 45, 455, 352, 0, 1.32%, 0, 5, 6, 29.06, 40542
1648639621, 47, 296, 455, 352, 0, 1.32%, 0, 5, 6, 8.17, 40778
1648639667, 47, 296, 456, 353, 0, 1.32%, 0, 5, 6, 6.56, 41053
1648639672, 47, 296, 457, 354, 0, 1.32%, 0, 5, 6, 6.54, 41086
1648639683, 48, 86, 457, 353, 0, 1.32%, 0, 5, 6, 12.05, 41178
1648639698, 48, 86, 458, 354, 0, 1.32%, 0, 5, 6, 8.38, 41315
1648639708, 48, 86, 459, 355, 0, 1.32%, 0, 5, 6, 9.73, 41392
1648639713, 48, 431, 459, 354, 4, 1.32%, 0, 5, 6, 9.36, 41442
1648639734, 48, 431, 460, 355, 4, 1.32%, 0, 5, 6, 6.17, 41565
1648639744, 48, 431, 461, 356, 4, 1.32%, 0, 5, 6, 6.80, 41634
1648639770, 49, 327, 461, 355, 2, 1.32%, 0, 5, 6, 6.36, 41792
1648639791, 49, 327, 461, 355, 2, 1.32%, 0, 6, 6, 6.92, 41946
1648639806, 49, 327, 462, 356, 2, 1.32%, 0, 6, 6, 6.44, 42044
1648639821, 49, 327, 463, 357, 2, 1.32%, 0, 6, 6, 5.53, 42141
1648639827, 50, 315, 463, 357, 2, 1.32%, 0, 6, 6, 4.66, 42164
1648639852, 50, 422, 464, 357, 2, 1.32%, 0, 6, 6, 5.42, 42286
1648639899, 50, 422, 466, 359, 2, 1.32%, 0, 6, 6, 5.05, 42568
1648639950, 51, 9, 466, 358, 0, 1.32%, 0, 6, 6, 11.18, 42905
1648639955, 51, 427, 466, 358, 0, 1.32%, 0, 6, 6, 9.11, 42948
1648639991, 51, 427, 466, 358, 0, 1.32%, 0, 7, 6, 6.65, 43192
1648640001, 52, 121, 466, 357, 0, 1.32%, 0, 7, 6, 6.92, 43264
1648640048, 52, 176, 466, 356, 0, 1.32%, 0, 7, 6, 5.27, 43556
1648640105, 52, 364, 466, 355, 0, 1.32%, 0, 7, 6, 6.00, 43844
1648640110, 52, 364, 466, 355, 0, 1.32%, 0, 8, 6, 2.00, 43865
1648640131, 52, 364, 467, 356, 0, 1.32%, 0, 8, 6, 4.16, 43963
1648640172, 52, 364, 467, 356, 0, 1.32%, 0, 9, 6, 4.87, 44146
1648640177, 53, 177, 467, 356, 0, 1.32%, 0, 9, 6, 7.24, 44187
1648640187, 54, 163, 467, 356, 0, 1.32%, 0, 9, 6, 5.71, 44253
1648640296, 54, 320, 468, 356, 0, 1.32%, 0, 9, 6, 3.80, 44528
1648640347, 54, 320, 469, 357, 0, 1.33%, 0, 9, 6, 5.49, 44770
1648640393, 54, 440, 469, 356, 5, 1.33%, 0, 9, 6, 5.58, 45015
1648640465, 55, 431, 469, 355, 4, 1.33%, 0, 9, 6, 4.81, 45439
1648640480, 55, 431, 470, 356, 4, 1.33%, 0, 9, 6, 4.14, 45502
1648640537, 56, 132, 470, 356, 0, 1.33%, 0, 9, 6, 4.88, 45797
1648640558, 56, 132, 471, 357, 0, 1.33%, 0, 9, 6, 6.08, 45908
1648640588, 56, 204, 471, 356, 0, 1.33%, 0, 9, 6, 7.14, 46092
1648640609, 56, 204, 472, 357, 0, 1.33%, 0, 9, 6, 6.77, 46244
1648640614, 56, 204, 473, 358, 0, 1.33%, 0, 9, 6, 6.82, 46278
1648640639, 56, 459, 473, 357, 1, 1.33%, 0, 9, 6, 8.76, 46476
1648640681, 56, 459, 474, 358, 1, 1.33%, 0, 9, 6, 6.83, 46814
1648640701, 56, 459, 475, 359, 1, 1.33%, 0, 9, 6, 6.74, 46963
1648640711, 57, 343, 475, 358, 0, 1.33%, 0, 9, 6, 6.63, 47031
1648640727, 57, 343, 476, 359, 0, 1.33%, 0, 9, 6, 3.27, 47081
1648640840, 58, 90, 476, 358, 0, 1.33%, 0, 9, 6, 3.97, 47507
1648640882, 58, 90, 477, 359, 0, 1.33%, 0, 9, 6, 5.78, 47773
1648640887, 58, 387, 477, 358, 0, 1.33%, 0, 9, 6, 6.56, 47806
1648640892, 58, 387, 478, 359, 0, 1.33%, 0, 9, 6, 7.52, 47846
1648640932, 58, 470, 478, 358, 0, 1.33%, 0, 9, 6, 7.63, 48151
1648640953, 58, 470, 479, 359, 0, 1.33%, 0, 9, 6, 7.30, 48341
1648640973, 59, 183, 479, 358, 0, 1.33%, 0, 9, 6, 7.72, 48497
1648640989, 60, 165, 479, 358, 0, 1.33%, 0, 9, 6, 4.10, 48563
1648641093, 60, 317, 479, 357, 0, 1.33%, 0, 9, 6, 2.92, 48821
1648641139, 61, 165, 479, 356, 0, 1.33%, 0, 9, 6, 6.59, 49136
1648641180, 61, 165, 480, 357, 0, 1.33%, 0, 9, 6, 6.29, 49325
1648641200, 62, 109, 480, 357, 0, 1.33%, 0, 9, 6, 4.65, 49427
1648641210, 63, 94, 480, 356, 0, 1.33%, 0, 9, 6, 8.04, 49489
1648641236, 63, 94, 481, 357, 0, 1.33%, 0, 9, 6, 8.66, 49719
1648641241, 63, 108, 481, 356, 0, 1.33%, 0, 9, 6, 9.51, 49769
1648641292, 64, 55, 481, 356, 0, 1.33%, 0, 9, 6, 7.24, 50092
1648641308, 64, 55, 481, 356, 0, 1.33%, 0, 10, 6, 6.70, 50209
1648641323, 64, 358, 481, 356, 0, 1.33%, 0, 10, 6, 9.03, 50331
1648641360, 64, 358, 482, 357, 0, 1.33%, 0, 10, 6, 5.82, 50611
1648641365, 64, 358, 483, 358, 0, 1.33%, 0, 10, 6, 5.59, 50639
1648641375, 65, 156, 483, 358, 0, 1.33%, 0, 10, 6, 6.90, 50706
1648641411, 65, 168, 483, 357, 0, 1.33%, 0, 10, 6, 6.87, 51008
1648641499, 65, 170, 484, 357, 0, 1.33%, 0, 10, 6, 5.58, 51290
1648641550, 65, 370, 484, 356, 0, 1.33%, 0, 10, 6, 6.47, 51573
1648641602, 66, 97, 484, 356, 0, 1.33%, 0, 10, 6, 9.56, 52172
1648641632, 66, 97, 485, 357, 0, 1.33%, 0, 10, 6, 6.11, 52380
1648641648, 66, 154, 485, 356, 1, 1.33%, 0, 10, 6, 10.53, 52508
1648641659, 66, 154, 485, 356, 1, 1.33%, 0, 11, 6, 0.97, 52594
1648641680, 66, 162, 485, 356, 1, 1.33%, 0, 11, 6, 7.89, 52741
1648641757, 66, 401, 485, 355, 1, 1.33%, 0, 11, 6, 3.94, 53017
1648641773, 66, 401, 485, 355, 1, 1.33%, 0, 12, 6, 4.00, 53079
1648641824, 66, 401, 486, 356, 1, 1.33%, 0, 12, 6, 4.13, 53302
1648641866, 67, 113, 486, 355, 0, 1.34%, 0, 12, 6, 4.58, 53475
1648641886, 67, 113, 487, 356, 0, 1.34%, 0, 12, 6, 3.53, 53560
1648641891, 67, 113, 488, 357, 0, 1.34%, 0, 12, 6, 3.39, 53577
1648641948, 68, 53, 488, 356, 1, 1.34%, 0, 12, 6, 4.13, 53786
1648641953, 68, 53, 489, 357, 1, 1.34%, 0, 12, 6, 3.30, 53800
1648642025, 68, 249, 489, 357, 1, 1.34%, 0, 12, 6, 4.31, 54038
1648642045, 68, 249, 490, 358, 1, 1.34%, 0, 12, 6, 4.46, 54131
1648642087, 68, 441, 490, 358, 2, 1.34%, 0, 12, 6, 4.52, 54305
1648642127, 68, 441, 491, 359, 2, 1.34%, 0, 12, 6, 5.60, 54503
1648642132, 68, 441, 492, 360, 2, 1.34%, 0, 12, 6, 6.13, 54535
1648642138, 68, 441, 493, 361, 2, 1.34%, 0, 12, 6, 5.77, 54566
1648642174, 69, 440, 493, 360, 1, 1.34%, 0, 12, 6, 5.54, 54767
1648642236, 69, 440, 494, 361, 1, 1.34%, 0, 12, 6, 6.13, 55054
1648642241, 69, 440, 495, 362, 1, 1.34%, 0, 12, 6, 4.64, 55074
1648642266, 70, 267, 495, 362, 1, 1.34%, 0, 12, 6, 6.28, 55229
1648642317, 71, 112, 495, 361, 0, 1.34%, 0, 12, 6, 4.39, 55563
1648642328, 71, 406, 495, 360, 0, 1.34%, 0, 12, 6, 6.74, 55639
1648642417, 71, 406, 496, 361, 0, 1.34%, 0, 12, 6, 6.14, 56185
1648642422, 72, 388, 496, 360, 0, 1.34%, 0, 12, 6, 6.25, 56218
1648642474, 72, 433, 496, 359, 0, 1.34%, 0, 12, 6, 6.24, 56568
1648642479, 72, 433, 497, 360, 0, 1.34%, 0, 12, 6, 4.62, 56588
1648642489, 72, 433, 498, 361, 0, 1.34%, 0, 12, 6, 3.99, 56629
1648642572, 72, 433, 499, 362, 0, 1.34%, 0, 12, 6, 4.34, 56998
1648642582, 72, 433, 500, 363, 0, 1.34%, 0, 12, 6, 3.93, 57039
1648642597, 73, 313, 500, 362, 1, 1.34%, 0, 12, 6, 3.99, 57105
1648642628, 73, 313, 501, 363, 1, 1.34%, 0, 12, 6, 6.30, 57271
1648642654, 73, 406, 501, 362, 0, 1.34%, 0, 12, 6, 6.01, 57418
1648642710, 73, 406, 501, 362, 0, 1.34%, 0, 13, 6, 0.98, 57786
1648642747, 74, 263, 501, 362, 0, 1.34%, 0, 13, 6, 5.94, 58010
1648642829, 74, 263, 501, 362, 0, 1.34%, 0, 14, 6, 3.26, 58303
1648642839, 74, 285, 501, 361, 0, 1.34%, 0, 14, 6, 6.85, 58357
1648642864, 74, 285, 502, 362, 0, 1.34%, 0, 14, 6, 7.00, 58566
1648642880, 74, 327, 502, 361, 4, 1.34%, 0, 14, 6, 7.44, 58681
1648642885, 74, 327, 503, 362, 4, 1.34%, 0, 14, 6, 8.06, 58721
1648642911, 74, 327, 504, 363, 4, 1.34%, 0, 14, 6, 5.98, 58894
1648642931, 74, 327, 505, 364, 4, 1.34%, 0, 14, 6, 5.03, 58990
1648642947, 74, 461, 506, 365, 4, 1.34%, 0, 14, 6, 6.27, 59091
1648642983, 74, 461, 507, 366, 4, 1.34%, 0, 14, 6, 5.04, 59330
1648643014, 74, 461, 509, 368, 4, 1.34%, 0, 14, 6, 6.82, 59531
1648643039, 75, 425, 509, 367, 3, 1.34%, 0, 14, 6, 6.30, 59694
1648643060, 75, 434, 509, 366, 2, 1.34%, 0, 14, 6, 5.62, 59813
1648643137, 75, 434, 510, 367, 2, 1.34%, 0, 14, 6, 3.63, 60134
1648643143, 75, 434, 511, 368, 2, 1.35%, 0, 14, 6, 3.81, 60154
1648643173, 75, 501, 511, 367, 1, 1.35%, 0, 14, 6, 6.00, 60295
1648643194, 75, 501, 511, 367, 1, 1.35%, 0, 15, 6, 8.31, 60467
1648643209, 75, 501, 512, 368, 1, 1.35%, 0, 15, 6, 6.74, 60572
1648643225, 75, 501, 513, 369, 1, 1.35%, 0, 15, 6, 7.28, 60669
1648643262, 75, 501, 514, 370, 1, 1.35%, 0, 16, 6, 9.34, 60884
1648643272, 76, 142, 514, 369, 0, 1.35%, 0, 16, 6, 5.36, 60943
1648643319, 76, 349, 514, 368, 0, 1.35%, 0, 16, 6, 5.78, 61224
1648643418, 77, 202, 514, 367, 0, 1.35%, 0, 16, 6, 5.70, 61791
1648643485, 77, 498, 514, 366, 0, 1.35%, 0, 16, 6, 5.13, 62140
1648643546, 77, 498, 515, 367, 0, 1.35%, 0, 16, 7, 4.35, 62404
1648643592, 78, 459, 515, 366, 2, 1.35%, 0, 16, 7, 26.55, 62643
1648643608, 79, 267, 515, 366, 2, 1.35%, 0, 16, 7, 10.13, 62894
1648643644, 79, 267, 516, 367, 2, 1.35%, 0, 16, 7, 6.98, 63131
1648643659, 79, 419, 516, 367, 2, 1.35%, 0, 16, 7, 6.47, 63230
1648643670, 79, 419, 517, 368, 2, 1.35%, 0, 16, 7, 3.66, 63265
1648643711, 79, 419, 518, 369, 2, 1.36%, 0, 16, 7, 3.08, 63391
1648643738, 79, 419, 519, 370, 2, 1.36%, 0, 16, 7, 3.06, 63471
1648643753, 79, 419, 520, 371, 2, 1.36%, 0, 16, 7, 4.50, 63532
1648643805, 80, 275, 520, 370, 1, 1.36%, 0, 16, 7, 5.64, 63798
1648643820, 80, 384, 520, 369, 0, 1.36%, 0, 16, 7, 5.57, 63894
1648643846, 81, 262, 520, 368, 0, 1.36%, 0, 16, 7, 6.48, 64026
1648643872, 81, 465, 520, 367, 0, 1.36%, 0, 16, 7, 6.85, 64340
1648643878, 81, 465, 520, 367, 0, 1.36%, 0, 17, 7, 1.57, 64351
1648643888, 81, 465, 521, 368, 0, 1.36%, 0, 17, 7, 2.13, 64375
1648643941, 81, 465, 522, 369, 0, 1.36%, 0, 17, 7, 2.28, 64495
1648644014, 81, 465, 522, 369, 0, 1.36%, 0, 18, 7, 2.71, 64675
1648644071, 81, 511, 522, 368, 0, 1.36%, 0, 18, 7, 5.20, 64836
1648644112, 82, 404, 522, 368, 0, 1.36%, 0, 18, 7, 6.20, 65125
1648644205, 83, 360, 522, 367, 0, 1.36%, 0, 18, 7, 6.73, 65686
1648644225, 83, 380, 522, 366, 0, 1.36%, 0, 18, 7, 10.82, 65853
1648644261, 84, 244, 522, 366, 0, 1.36%, 0, 18, 7, 7.81, 66200
1648644276, 84, 397, 522, 365, 0, 1.36%, 0, 18, 7, 6.52, 66304
1648644292, 84, 397, 523, 366, 0, 1.36%, 0, 18, 7, 4.27, 66382
1648644307, 84, 397, 524, 367, 0, 1.36%, 0, 18, 7, 3.75, 66440
1648644425, 85, 300, 524, 366, 0, 1.36%, 0, 18, 7, 3.11, 66965
1648644617, 86, 180, 524, 365, 0, 1.36%, 0, 18, 7, 4.55, 67553
1648644668, 87, 176, 524, 365, 0, 1.36%, 0, 18, 7, 5.92, 67826
1648644766, 87, 181, 524, 365, 0, 1.36%, 0, 18, 7, 5.96, 68136
1648644817, 87, 395, 524, 364, 0, 1.36%, 0, 18, 7, 6.67, 68427
1648644848, 87, 395, 525, 365, 0, 1.36%, 0, 18, 7, 5.55, 68635
1648644899, 87, 395, 526, 366, 0, 1.36%, 0, 18, 7, 6.42, 68964
1648644904, 88, 329, 526, 365, 2, 1.36%, 0, 18, 7, 7.66, 69004
1648644950, 88, 462, 526, 365, 2, 1.36%, 0, 18, 7, 6.37, 69347
1648644965, 88, 462, 526, 365, 2, 1.36%, 0, 19, 7, 6.10, 69444
1648645002, 88, 462, 527, 366, 2, 1.36%, 0, 19, 7, 5.62, 69661
1648645023, 88, 512, 527, 365, 1, 1.36%, 0, 19, 7, 5.93, 69782
1648645110, 89, 504, 527, 364, 0, 1.36%, 0, 19, 7, 6.51, 70355
1648645209, 90, 218, 527, 363, 0, 1.36%, 0, 19, 7, 6.49, 70944
1648645224, 90, 243, 527, 362, 0, 1.36%, 0, 19, 7, 7.20, 71054
1648645244, 91, 98, 527, 361, 0, 1.36%, 0, 19, 7, 6.99, 71200
1648645275, 91, 261, 527, 360, 0, 1.36%, 0, 19, 7, 7.85, 71491
1648645286, 91, 426, 527, 360, 0, 1.36%, 0, 19, 7, 9.91, 71617
1648645306, 92, 319, 527, 359, 0, 1.36%, 0, 19, 7, 5.60, 71741
1648645321, 92, 319, 528, 360, 0, 1.37%, 0, 19, 7, 3.89, 71804
1648645363, 92, 319, 529, 361, 0, 1.37%, 0, 19, 7, 4.31, 71978
1648645373, 92, 319, 529, 361, 0, 1.37%, 0, 20, 7, 2.29, 72014
1648645383, 93, 276, 529, 361, 0, 1.37%, 0, 20, 7, 4.84, 72062
1648645441, 93, 466, 529, 360, 0, 1.37%, 0, 20, 7, 5.35, 72403
1648645467, 93, 466, 529, 360, 0, 1.37%, 0, 21, 7, 3.82, 72516
1648645508, 94, 219, 529, 360, 0, 1.37%, 0, 21, 7, 5.97, 72687
1648645519, 94, 283, 529, 359, 0, 1.37%, 0, 21, 7, 7.09, 72763
1648645549, 94, 394, 529, 358, 0, 1.37%, 0, 21, 7, 7.03, 73110
1648645632, 94, 463, 529, 357, 0, 1.37%, 0, 21, 7, 4.61, 73371
1648645658, 94, 463, 530, 358, 0, 1.37%, 0, 21, 7, 2.99, 73449
1648645674, 94, 463, 530, 358, 0, 1.37%, 0, 22, 7, 2.90, 73496
1648645772, 94, 463, 531, 359, 0, 1.37%, 0, 22, 7, 3.02, 73794
1648645840, 94, 512, 531, 358, 2, 1.37%, 0, 22, 7, 3.08, 73996
1648645939, 94, 512, 532, 359, 2, 1.37%, 0, 22, 7, 5.77, 74394
1648645981, 94, 514, 532, 359, 2, 1.37%, 0, 22, 7, 4.97, 74585
1648645986, 94, 514, 533, 360, 2, 1.37%, 0, 22, 8, 6.10, 74619
1648646043, 94, 514, 534, 361, 2, 1.37%, 0, 22, 8, 3.63, 74881
1648646094, 95, 471, 534, 360, 2, 1.37%, 0, 22, 8, 4.82, 75103
1648646192, 95, 533, 534, 359, 2, 1.37%, 0, 22, 8, 6.45, 75662
1648646264, 96, 523, 534, 358, 1, 1.37%, 0, 22, 8, 4.98, 75955
1648646310, 96, 523, 535, 359, 1, 1.37%, 0, 22, 8, 5.32, 76165
1648646356, 97, 427, 535, 358, 0, 1.37%, 0, 22, 8, 6.44, 76414
1648646397, 97, 427, 536, 359, 0, 1.38%, 0, 22, 8, 5.10, 76680
1648646418, 98, 144, 536, 359, 0, 1.38%, 0, 22, 8, 5.84, 76794
1648646449, 98, 144, 537, 360, 0, 1.38%, 0, 22, 8, 4.90, 76975
1648646469, 98, 429, 537, 360, 1, 1.38%, 0, 22, 8, 13.99, 77134
1648646506, 99, 314, 537, 359, 1, 1.38%, 0, 22, 8, 10.60, 77437
1648646542, 99, 518, 537, 359, 1, 1.38%, 0, 22, 8, 5.95, 77775
1648646604, 99, 518, 537, 359, 1, 1.38%, 0, 23, 8, 7.16, 77994
1648646635, 99, 518, 538, 360, 1, 1.38%, 0, 23, 8, 5.70, 78175
1648646656, 100, 332, 538, 359, 0, 1.38%, 0, 23, 8, 6.41, 78263
1648646677, 100, 393, 538, 358, 0, 1.38%, 0, 23, 8, 20.53, 78484
1648646692, 100, 393, 539, 359, 0, 1.38%, 0, 23, 8, 6.58, 78660
1648646697, 100, 393, 539, 359, 0, 1.38%, 0, 24, 8, 8.44, 78700
1648646733, 100, 430, 539, 358, 0, 1.38%, 0, 24, 8, 6.75, 78986
1648646785, 100, 535, 539, 357, 0, 1.38%, 0, 24, 8, 5.17, 79325
1648646805, 100, 535, 540, 358, 0, 1.38%, 0, 24, 8, 4.50, 79417
1648646816, 100, 535, 541, 359, 0, 1.38%, 0, 24, 8, 4.51, 79463
1648646872, 100, 535, 542, 360, 0, 1.39%, 0, 24, 8, 4.67, 79739
1648646913, 100, 535, 543, 361, 0, 1.39%, 0, 24, 8, 5.60, 79931
1648646934, 101, 402, 543, 360, 0, 1.39%, 0, 24, 8, 4.39, 80030
1648646954, 101, 402, 544, 361, 0, 1.39%, 0, 24, 8, 5.76, 80122
1648646970, 102, 333, 544, 361, 0, 1.39%, 0, 24, 8, 5.60, 80194
1648646990, 103, 172, 544, 360, 0, 1.39%, 0, 24, 8, 10.63, 80358
1648647026, 103, 315, 544, 360, 0, 1.39%, 0, 24, 8, 6.08, 80622
1648647052, 103, 315, 545, 361, 0, 1.39%, 0, 24, 8, 2.81, 80705
1648647084, 103, 315, 545, 361, 0, 1.39%, 0, 25, 8, 2.65, 80793
1648647130, 103, 315, 546, 362, 0, 1.39%, 0, 25, 8, 2.69, 80923
1648647156, 103, 315, 546, 362, 0, 1.39%, 0, 26, 8, 2.60, 80990
1648647161, 103, 491, 546, 362, 2, 1.39%, 0, 26, 8, 5.27, 81017
1648647265, 104, 368, 546, 361, 1, 1.39%, 0, 26, 8, 8.60, 81898
1648647342, 104, 512, 546, 361, 1, 1.39%, 0, 26, 8, 21.93, 82545
1648647389, 105, 469, 546, 361, 1, 1.39%, 0, 26, 8, 11.64, 83041
1648647414, 106, 78, 546, 360, 0, 1.39%, 0, 26, 8, 12.57, 83313
1648647445, 106, 97, 546, 360, 0, 1.39%, 0, 26, 8, 7.82, 83578
1648647497, 106, 195, 546, 360, 0, 1.39%, 0, 26, 8, 5.70, 83829
1648647538, 107, 128, 546, 359, 0, 1.39%, 0, 26, 8, 0.00, 84103
1648647553, 107, 158, 546, 358, 0, 1.39%, 0, 26, 8, 7.09, 84189
1648647589, 107, 371, 546, 358, 0, 1.39%, 0, 26, 8, 6.94, 84444
1648647625, 107, 371, 546, 358, 0, 1.39%, 0, 27, 8, 6.44, 84677
1648647656, 107, 371, 547, 359, 0, 1.39%, 0, 27, 8, 6.77, 84884
1648647687, 108, 362, 547, 358, 0, 1.39%, 0, 27, 8, 3.79, 85049
1648647785, 108, 426, 547, 357, 0, 1.39%, 0, 27, 8, 6.69, 85483
1648647826, 108, 539, 547, 357, 0, 1.39%, 0, 27, 8, 6.74, 85802
1648647939, 109, 364, 547, 356, 0, 1.39%, 0, 27, 8, 5.20, 86393
1648648000, 110, 334, 547, 356, 0, 1.39%, 0, 27, 8, 4.41, 86665
1648648062, 111, 164, 547, 355, 0, 1.39%, 0, 27, 8, 4.86, 87007
1648648119, 111, 534, 548, 356, 0, 1.39%, 0, 27, 8, 4.88, 87279
1648648227, 111, 536, 548, 355, 1, 1.39%, 0, 27, 8, 4.59, 87870
1648648257, 112, 322, 548, 354, 0, 1.39%, 0, 27, 8, 6.48, 87986
1648648329, 112, 519, 548, 353, 0, 1.39%, 0, 27, 8, 7.19, 88560
1648648370, 112, 519, 549, 354, 0, 1.39%, 0, 27, 8, 6.88, 88850
1648648417, 113, 141, 549, 353, 0, 1.39%, 0, 27, 8, 9.24, 89172
1648648453, 113, 176, 549, 352, 0, 1.39%, 0, 27, 8, 11.81, 89469
1648648463, 113, 176, 550, 353, 0, 1.39%, 0, 27, 8, 8.12, 89550
1648648484, 113, 540, 550, 353, 0, 1.39%, 0, 27, 8, 5.70, 89711
1648648592, 114, 243, 550, 352, 0, 1.39%, 0, 27, 8, 6.11, 90283
1648648602, 115, 68, 551, 353, 0, 1.39%, 0, 27, 8, 9.17, 90366
1648648638, 115, 170, 551, 352, 0, 1.39%, 0, 27, 8, 7.41, 90665
1648648654, 115, 170, 552, 353, 0, 1.39%, 0, 27, 8, 7.09, 90769
1648648679, 115, 536, 552, 353, 2, 1.39%, 0, 27, 8, 6.63, 90940
1648648752, 116, 423, 552, 353, 2, 1.39%, 0, 27, 8, 12.07, 91291
1648648804, 116, 512, 552, 352, 1, 1.39%, 0, 27, 8, 8.03, 91839
1648648881, 117, 491, 552, 352, 1, 1.39%, 0, 27, 8, 5.04, 92096
1648649083, 118, 425, 552, 352, 1, 1.39%, 0, 27, 8, 4.44, 92977
1648649119, 118, 425, 553, 353, 1, 1.39%, 0, 27, 8, 5.16, 93122
1648649160, 118, 548, 553, 353, 0, 1.39%, 0, 27, 8, 6.60, 93349
1648649217, 119, 543, 553, 352, 0, 1.39%, 0, 27, 8, 7.30, 93754
1648649228, 120, 393, 553, 352, 0, 1.39%, 0, 27, 8, 27.27, 93816
1648649352, 121, 55, 553, 352, 0, 1.39%, 0, 28, 8, 5.88, 94396
1648649384, 121, 55, 553, 352, 0, 1.39%, 0, 29, 8, 1.00, 94613
1648649389, 121, 363, 553, 352, 0, 1.39%, 0, 29, 8, 4.94, 94638
1648649491, 122, 127, 553, 352, 0, 1.39%, 0, 29, 8, 10.67, 95125
1648649522, 122, 183, 553, 351, 0, 1.39%, 0, 29, 8, 0.00, 95346
1648649537, 122, 345, 553, 351, 0, 1.39%, 0, 29, 8, 3.57, 95407
