# unix_time, cycles_done, cur_path, paths_total, pending_total, pending_favs, map_size, unique_crashes, unique_hangs, max_depth, execs_per_sec, total_execs
1648633178, 0, 3, 5, 5, 2, 6.06%, 0, 0, 2, 29.36, 161
1648633183, 0, 3, 26, 26, 2, 7.26%, 0, 0, 2, 37.18, 366
1648633188, 0, 3, 46, 46, 2, 7.33%, 0, 0, 2, 48.67, 624
1648633193, 0, 3, 61, 61, 2, 7.43%, 0, 0, 2, 46.90, 858
1648633198, 0, 60, 67, 66, 2, 7.46%, 0, 0, 3, 44.21, 1085
1648633203, 0, 60, 68, 67, 2, 7.46%, 0, 0, 3, 31.95, 1227
1648633208, 1, 26, 69, 67, 0, 7.46%, 0, 0, 3, 54.85, 1452
1648633213, 2, 9, 74, 71, 3, 7.46%, 0, 0, 3, 47.01, 1689
1648633218, 2, 9, 83, 80, 3, 7.50%, 0, 0, 3, 46.88, 1922
1648633224, 3, 3, 83, 79, 4, 7.50%, 0, 0, 3, 33.26, 2080
1648633229, 3, 26, 83, 79, 4, 7.50%, 0, 0, 3, 29.76, 2225
1648633239, 3, 66, 88, 84, 4, 7.50%, 0, 0, 4, 49.29, 2744
1648633244, 3, 72, 89, 84, 4, 7.50%, 0, 0, 4, 48.32, 2992
1648633249, 4, 26, 90, 84, 0, 7.50%, 0, 0, 4, 37.53, 3163
1648633259, 4, 62, 91, 85, 4, 7.50%, 0, 0, 4, 51.58, 3718
1648633269, 5, 26, 91, 84, 4, 7.50%, 0, 0, 4, 52.79, 4223
1648633275, 5, 26, 92, 85, 4, 7.65%, 0, 0, 4, 54.32, 4505
1648633280, 6, 9, 92, 85, 4, 7.65%, 0, 0, 4, 37.76, 4694
1648633285, 6, 9, 93, 86, 4, 7.65%, 0, 0, 4, 31.42, 4848
1648633290, 6, 26, 93, 86, 0, 7.65%, 0, 0, 4, 49.85, 5110
1648633295, 7, 83, 98, 91, 0, 7.65%, 0, 0, 5, 46.09, 5343
1648633300, 7, 83, 100, 93, 0, 7.65%, 0, 0, 5, 48.82, 5597
1648633305, 8, 71, 104, 96, 5, 7.65%, 0, 0, 5, 46.70, 5832
1648633310, 9, 26, 105, 96, 0, 7.65%, 0, 0, 5, 49.24, 6074
1648633315, 10, 22, 107, 98, 0, 7.65%, 0, 0, 5, 51.32, 6345
1648633320, 10, 22, 113, 104, 0, 7.65%, 0, 0, 5, 50.12, 6595
1648633326, 10, 61, 115, 105, 5, 7.65%, 0, 0, 5, 44.60, 6825
1648633331, 11, 26, 115, 104, 0, 7.65%, 0, 0, 5, 43.03, 7020
1648633336, 12, 22, 115, 104, 0, 7.65%, 0, 0, 5, 53.88, 7315
1648633341, 12, 53, 120, 109, 5, 7.66%, 0, 0, 5, 51.17, 7575
1648633351, 13, 26, 120, 108, 5, 7.66%, 0, 0, 5, 44.97, 7953
1648633356, 14, 78, 123, 111, 5, 7.66%, 0, 0, 5, 47.02, 8204
1648633361, 14, 78, 128, 116, 5, 7.66%, 0, 0, 5, 46.14, 8417
1648633366, 14, 120, 129, 116, 5, 7.66%, 0, 0, 5, 46.22, 8647
1648633372, 14, 120, 130, 117, 5, 7.66%, 0, 0, 5, 39.89, 8854
1648633392, 15, 26, 130, 116, 0, 7.66%, 0, 0, 5, 45.09, 9524
1648633397, 16, 78, 131, 117, 0, 7.66%, 0, 0, 5, 49.55, 9791
1648633402, 16, 78, 133, 119, 0, 7.66%, 0, 0, 5, 47.53, 10014
1648633407, 16, 103, 133, 119, 5, 7.66%, 0, 0, 5, 46.64, 10246
1648633433, 17, 26, 133, 118, 4, 7.66%, 0, 0, 5, 52.97, 11397
1648633438, 18, 53, 138, 123, 4, 7.66%, 0, 0, 5, 46.12, 11632
1648633443, 18, 83, 140, 125, 3, 7.66%, 0, 0, 5, 42.25, 11856
1648633448, 18, 83, 142, 127, 3, 7.66%, 0, 0, 5, 34.81, 12029
1648633458, 19, 26, 142, 127, 0, 7.66%, 0, 0, 5, 45.57, 12417
1648633463, 20, 78, 143, 128, 0, 7.66%, 0, 0, 5, 49.14, 12687
1648633468, 21, 26, 144, 129, 4, 7.67%, 0, 0, 5, 52.63, 12951
1648633474, 22, 0, 149, 134, 4, 7.74%, 0, 0, 5, 54.48, 13240
1648633479, 22, 145, 152, 136, 4, 7.74%, 0, 0, 5, 28.30, 13490
1648633489, 24, 85, 152, 135, 0, 7.74%, 0, 0, 5, 55.98, 14077
1648633494, 24, 85, 157, 140, 0, 7.74%, 0, 0, 5, 44.49, 14284
1648633499, 24, 85, 161, 144, 0, 7.74%, 0, 0, 5, 46.13, 14522
1648633504, 25, 18, 161, 143, 3, 7.74%, 0, 0, 5, 36.36, 14704
1648633509, 26, 121, 161, 142, 3, 7.74%, 0, 0, 5, 36.76, 14885
1648633514, 26, 121, 162, 143, 3, 7.74%, 0, 0, 5, 46.15, 15128
1648633519, 26, 121, 165, 146, 3, 7.74%, 0, 0, 5, 43.16, 15345
1648633530, 27, 18, 165, 145, 3, 7.74%, 0, 0, 5, 40.30, 15821
1648633540, 28, 131, 167, 147, 3, 7.74%, 0, 0, 5, 42.23, 16197
1648633545, 28, 131, 169, 149, 3, 7.76%, 0, 0, 5, 44.30, 16422
1648633555, 28, 138, 169, 148, 3, 7.76%, 0, 0, 5, 50.32, 16944
1648633570, 28, 145, 169, 147, 3, 7.76%, 0, 0, 5, 44.20, 17500
1648633580, 30, 53, 169, 147, 3, 7.76%, 0, 0, 5, 54.88, 18067
1648633585, 30, 142, 171, 149, 3, 7.76%, 0, 0, 5, 45.68, 18292
1648633591, 30, 142, 172, 150, 3, 7.76%, 0, 0, 5, 38.61, 18480
1648633611, 30, 145, 172, 149, 0, 7.76%, 0, 0, 5, 39.41, 19131
1648633621, 31, 133, 172, 149, 0, 7.76%, 0, 0, 5, 55.97, 19703
1648633626, 31, 133, 174, 151, 0, 7.76%, 0, 0, 5, 49.88, 19943
1648633631, 31, 133, 179, 156, 0, 7.76%, 0, 0, 5, 43.50, 20153
1648633636, 32, 3, 180, 156, 3, 7.76%, 0, 0, 5, 39.71, 20372
1648633647, 33, 163, 180, 156, 3, 7.76%, 0, 0, 5, 38.65, 20723
1648633662, 33, 163, 181, 157, 3, 7.76%, 0, 0, 6, 44.90, 21458
1648633667, 35, 26, 181, 156, 3, 7.76%, 0, 0, 6, 52.85, 21727
1648633672, 35, 153, 182, 157, 3, 7.76%, 0, 0, 6, 53.27, 21997
1648633692, 36, 113, 183, 157, 3, 7.76%, 0, 0, 6, 46.53, 23082
1648633702, 36, 145, 183, 156, 0, 7.76%, 0, 0, 6, 40.25, 23472
1648633712, 37, 168, 183, 156, 0, 7.76%, 0, 0, 6, 55.77, 24042
1648633738, 38, 133, 184, 156, 4294967295, 7.76%, 0, 0, 6, 41.84, 25361
1648633753, 39, 151, 185, 157, 0, 7.77%, 0, 0, 6, 44.75, 25903
1648633758, 40, 63, 185, 156, 5, 7.77%, 0, 0, 6, 45.67, 26155
1648633768, 40, 145, 185, 155, 5, 7.77%, 0, 0, 6, 49.09, 26571
1648633778, 41, 133, 186, 156, 5, 7.77%, 0, 0, 6, 47.57, 27100
1648633783, 41, 133, 187, 157, 5, 7.77%, 0, 0, 6, 46.41, 27332
1648633788, 41, 133, 188, 158, 5, 7.77%, 0, 0, 6, 47.96, 27566
1648633794, 41, 157, 194, 164, 4, 7.77%, 0, 0, 6, 36.05, 27732
1648633819, 42, 122, 194, 163, 0, 7.77%, 0, 0, 6, 40.21, 28627
1648633829, 42, 122, 196, 165, 0, 7.77%, 0, 0, 6, 47.40, 29103
1648633845, 42, 157, 197, 165, 4, 7.77%, 0, 0, 6, 38.85, 29774
1648633870, 43, 26, 197, 165, 4, 7.77%, 0, 0, 6, 43.63, 30677
1648633875, 43, 130, 197, 165, 4, 7.77%, 0, 0, 6, 48.89, 30944
1648633885, 43, 130, 198, 166, 4, 7.77%, 0, 0, 6, 46.50, 31406
1648633891, 43, 130, 199, 167, 4, 7.77%, 0, 0, 6, 45.62, 31638
1648633901, 43, 159, 200, 167, 4, 7.77%, 0, 0, 6, 42.69, 32111
1648633932, 44, 145, 200, 166, 4, 7.77%, 0, 0, 6, 48.41, 33133
1648633937, 45, 70, 200, 166, 4, 7.77%, 0, 0, 6, 48.78, 33389
1648633942, 45, 180, 201, 166, 4, 7.77%, 0, 0, 6, 45.41, 33629
1648633947, 45, 180, 202, 167, 4, 7.77%, 0, 0, 7, 35.16, 33796
1648633973, 46, 168, 204, 168, 0, 7.78%, 0, 0, 7, 33.47, 34567
1648633993, 47, 153, 204, 168, 0, 7.78%, 0, 0, 7, 55.13, 35700
1648634018, 47, 179, 204, 168, 0, 7.78%, 0, 0, 7, 37.75, 36954
1648634048, 48, 63, 204, 167, 0, 7.78%, 0, 0, 7, 46.14, 37950
1648634054, 48, 123, 204, 167, 0, 7.78%, 0, 0, 7, 35.34, 38129
1648634079, 49, 116, 205, 167, 0, 7.78%, 0, 0, 7, 31.31, 38898
1648634084, 49, 116, 206, 168, 0, 7.78%, 0, 0, 7, 39.62, 39105
1648634089, 49, 180, 206, 167, 5, 7.78%, 0, 0, 7, 44.26, 39338
1648634120, 50, 145, 206, 167, 5, 7.78%, 0, 0, 7, 36.97, 40285
1648634125, 51, 105, 206, 167, 5, 7.78%, 0, 0, 7, 51.08, 40565
1648634140, 52, 24, 206, 166, 5, 7.78%, 0, 0, 7, 37.26, 41228
1648634151, 54, 68, 206, 165, 5, 7.78%, 0, 0, 7, 48.76, 41645
1648634156, 54, 175, 206, 164, 4, 7.78%, 0, 0, 7, 39.65, 41851
1648634181, 55, 182, 206, 163, 4, 7.78%, 0, 0, 7, 39.38, 42718
1648634207, 57, 26, 206, 161, 3, 7.78%, 0, 0, 7, 48.24, 43950
1648634212, 57, 162, 206, 161, 3, 7.78%, 0, 0, 7, 47.75, 44205
1648634232, 57, 193, 206, 160, 3, 7.78%, 0, 0, 7, 37.57, 45060
1648634267, 58, 168, 206, 159, 2, 7.78%, 0, 0, 7, 48.07, 46277
1648634288, 59, 92, 206, 159, 2, 7.78%, 0, 0, 7, 54.93, 47412
1648634298, 59, 92, 208, 161, 2, 7.78%, 0, 0, 7, 49.25, 47917
1648634303, 60, 60, 208, 160, 3, 7.78%, 0, 0, 7, 35.10, 48086
1648634308, 61, 26, 208, 160, 3, 7.78%, 0, 0, 7, 35.52, 48258
1648634313, 62, 65, 208, 160, 3, 7.78%, 0, 0, 7, 50.56, 48545
1648634318, 62, 157, 208, 159, 3, 7.78%, 0, 0, 7, 43.76, 48767
1648634344, 62, 168, 208, 159, 3, 7.78%, 0, 0, 7, 32.79, 49626
1648634369, 63, 132, 208, 159, 3, 7.78%, 0, 0, 7, 45.81, 50974
1648634389, 63, 192, 208, 158, 3, 7.78%, 0, 0, 7, 35.74, 51821
1648634420, 64, 26, 208, 157, 3, 7.78%, 0, 0, 7, 33.74, 52849
1648634425, 64, 165, 208, 157, 3, 7.78%, 0, 0, 7, 51.32, 53133
1648634445, 65, 50, 208, 156, 3, 7.78%, 0, 0, 7, 40.55, 54043
1648634456, 65, 168, 208, 155, 3, 7.78%, 0, 0, 7, 41.63, 54394
1648634476, 66, 61, 208, 155, 3, 7.78%, 0, 0, 7, 53.15, 55526
1648634481, 67, 9, 208, 155, 3, 7.78%, 0, 0, 7, 43.70, 55751
1648634491, 67, 145, 208, 155, 3, 7.78%, 0, 0, 7, 40.82, 56103
1648634496, 68, 130, 208, 155, 3, 7.78%, 0, 0, 7, 49.49, 56374
1648634522, 68, 194, 208, 155, 3, 7.78%, 0, 0, 7, 40.42, 57538
1648634557, 70, 179, 208, 154, 3, 7.78%, 0, 0, 7, 31.94, 58656
1648634578, 71, 103, 208, 154, 3, 7.78%, 0, 0, 7, 44.87, 59535
1648634614, 72, 122, 208, 154, 3, 7.78%, 0, 0, 7, 41.96, 60884
1648634639, 73, 20, 208, 154, 3, 7.78%, 0, 0, 7, 35.29, 61992
1648634649, 73, 26, 208, 153, 3, 7.78%, 0, 0, 7, 51.68, 62439
1648634654, 74, 180, 209, 154, 3, 7.78%, 0, 0, 7, 41.59, 62636
1648634675, 75, 179, 209, 154, 3, 7.78%, 0, 0, 7, 33.50, 63441
1648634701, 76, 151, 209, 154, 3, 7.78%, 0, 0, 7, 31.67, 64207
1648634711, 76, 173, 209, 154, 3, 7.78%, 0, 0, 7, 37.38, 64672
1648634736, 77, 168, 209, 153, 3, 7.78%, 0, 0, 7, 41.99, 65525
1648634757, 78, 113, 209, 153, 3, 7.78%, 0, 0, 7, 51.35, 66653
1648634767, 79, 24, 209, 153, 3, 7.78%, 0, 0, 7, 38.79, 67078
1648634777, 80, 85, 209, 153, 3, 7.78%, 0, 0, 7, 40.04, 67436
1648634787, 80, 206, 209, 153, 3, 7.78%, 0, 0, 7, 37.94, 67869
1648634823, 82, 145, 210, 153, 2, 7.78%, 0, 0, 7, 46.33, 69084
1648634828, 83, 22, 210, 153, 3, 7.78%, 0, 0, 7, 39.61, 69293
1648634838, 84, 125, 210, 153, 3, 7.78%, 0, 0, 7, 39.77, 69653
1648634859, 84, 189, 210, 152, 3, 7.78%, 0, 0, 7, 36.23, 70483
1648634894, 85, 168, 210, 151, 3, 7.78%, 0, 0, 7, 49.17, 71762
1648634914, 86, 172, 211, 152, 3, 7.78%, 0, 0, 7, 45.55, 72853
1648634940, 86, 178, 211, 151, 3, 7.78%, 0, 0, 7, 37.30, 73971
1648634965, 89, 1, 212, 151, 3, 7.78%, 0, 0, 7, 33.00, 74775
1648634970, 89, 1, 213, 152, 3, 7.78%, 0, 0, 7, 50.14, 75046
1648634975, 89, 24, 213, 151, 3, 7.78%, 0, 0, 7, 35.99, 75210
1648634980, 90, 181, 213, 151, 3, 7.78%, 0, 0, 7, 36.89, 75392
1648635006, 91, 20, 213, 150, 3, 7.78%, 0, 0, 7, 37.96, 76644
1648635016, 91, 26, 213, 150, 3, 7.78%, 0, 0, 7, 50.76, 77086
1648635021, 91, 204, 213, 150, 3, 7.78%, 0, 0, 7, 44.50, 77305
1648635036, 92, 161, 213, 149, 3, 7.78%, 0, 0, 7, 43.38, 77980
1648635077, 92, 168, 213, 148, 3, 7.78%, 0, 0, 7, 41.77, 79274
1648635082, 93, 120, 213, 148, 3, 7.78%, 0, 0, 7, 48.56, 79541
1648635103, 93, 120, 214, 149, 3, 7.79%, 0, 0, 7, 48.44, 80493
1648635108, 93, 126, 214, 149, 3, 7.79%, 0, 0, 7, 42.19, 80714
1648635139, 94, 26, 214, 148, 3, 7.79%, 0, 0, 7, 45.30, 81704
1648635144, 95, 3, 214, 148, 3, 7.79%, 0, 0, 7, 49.39, 81964
1648635149, 95, 179, 214, 148, 3, 7.79%, 0, 0, 7, 40.82, 82178
1648635180, 97, 125, 214, 148, 3, 7.79%, 0, 0, 7, 36.23, 83115
1648635200, 97, 206, 214, 148, 3, 7.79%, 0, 0, 7, 40.83, 84007
1648635236, 98, 145, 214, 148, 3, 7.79%, 0, 0, 7, 52.13, 85274
1648635241, 99, 121, 214, 148, 3, 7.79%, 0, 0, 7, 46.74, 85508
1648635256, 99, 121, 215, 149, 3, 7.79%, 0, 0, 7, 46.39, 86215
1648635266, 99, 202, 216, 150, 3, 7.79%, 0, 0, 7, 39.17, 86644
1648635297, 99, 212, 217, 150, 2, 7.79%, 0, 0, 7, 56.02, 87805
1648635307, 101, 192, 217, 149, 0, 7.79%, 0, 0, 7, 52.47, 88372
1648635328, 101, 192, 219, 151, 0, 7.79%, 0, 0, 7, 51.05, 89392
1648635333, 102, 125, 219, 151, 2, 7.79%, 0, 0, 7, 36.32, 89572
1648635359, 103, 26, 219, 151, 2, 7.79%, 0, 0, 7, 31.10, 90344
1648635364, 103, 216, 219, 151, 2, 7.79%, 0, 0, 7, 50.31, 90622
1648635374, 104, 211, 219, 150, 1, 7.79%, 0, 0, 7, 39.12, 91091
1648635389, 106, 151, 221, 151, 1, 7.83%, 0, 0, 7, 44.51, 91656
1648635394, 107, 138, 221, 151, 2, 7.83%, 0, 0, 7, 47.45, 91918
1648635410, 108, 204, 221, 151, 2, 7.83%, 0, 0, 7, 40.09, 92464
1648635430, 109, 103, 221, 151, 2, 7.83%, 0, 0, 7, 39.27, 93316
1648635440, 110, 216, 222, 152, 2, 7.83%, 0, 0, 7, 50.43, 93766
1648635445, 111, 24, 222, 152, 3, 7.83%, 0, 0, 7, 40.37, 93978
1648635456, 112, 142, 222, 152, 3, 7.83%, 0, 0, 7, 38.63, 94340
1648635476, 112, 174, 222, 152, 3, 7.83%, 0, 0, 7, 34.68, 95173
1648635502, 114, 159, 222, 151, 3, 7.83%, 0, 0, 7, 30.16, 95942
1648635527, 115, 63, 222, 151, 3, 7.83%, 0, 0, 7, 33.96, 96949
1648635532, 116, 26, 222, 151, 3, 7.83%, 0, 0, 7, 36.50, 97129
1648635538, 117, 67, 222, 151, 3, 7.83%, 0, 0, 7, 50.56, 97407
1648635543, 118, 4, 222, 151, 3, 7.83%, 0, 0, 7, 49.16, 97656
1648635553, 119, 99, 222, 150, 3, 7.83%, 0, 0, 7, 37.38, 97993
1648635573, 119, 188, 222, 149, 3, 7.83%, 0, 0, 7, 38.91, 98856
1648635609, 120, 145, 222, 148, 3, 7.83%, 0, 0, 7, 56.71, 100083
1648635614, 121, 125, 222, 148, 3, 7.83%, 0, 0, 7, 50.27, 100342
1648635624, 122, 79, 222, 148, 3, 7.83%, 0, 0, 7, 36.39, 100754
1648635634, 122, 212, 222, 147, 3, 7.83%, 0, 0, 7, 40.17, 101107
1648635644, 124, 114, 222, 147, 3, 7.83%, 0, 0, 7, 54.46, 101686
1648635670, 124, 126, 222, 146, 3, 7.83%, 0, 0, 7, 35.59, 102896
1648635696, 124, 168, 222, 146, 3, 7.83%, 0, 0, 7, 29.70, 103654
1648635706, 125, 124, 222, 146, 3, 7.83%, 0, 0, 7, 44.21, 104157
1648635726, 125, 127, 222, 145, 3, 7.83%, 0, 0, 7, 33.66, 104982
1648635752, 125, 145, 222, 144, 3, 7.83%, 0, 0, 7, 58.25, 105737
1648635757, 126, 151, 222, 144, 3, 7.83%, 0, 0, 7, 57.34, 106034
1648635767, 127, 120, 222, 144, 3, 7.83%, 0, 0, 7, 37.55, 106491
1648635803, 129, 73, 222, 144, 3, 7.83%, 0, 0, 7, 39.68, 107657
1648635808, 129, 165, 222, 143, 3, 7.83%, 0, 0, 7, 38.95, 107871
1648635839, 129, 212, 222, 143, 3, 7.83%, 0, 0, 7, 44.78, 108863
1648635849, 131, 65, 222, 143, 3, 7.83%, 0, 0, 7, 52.42, 109411
1648635854, 132, 53, 222, 143, 3, 7.83%, 0, 0, 7, 41.54, 109624
1648635865, 133, 121, 222, 143, 3, 7.83%, 0, 0, 7, 41.68, 110003
1648635890, 134, 83, 222, 143, 3, 7.83%, 0, 0, 7, 36.00, 111110
1648635910, 134, 168, 222, 143, 3, 7.83%, 0, 0, 7, 50.39, 111855
1648635915, 135, 94, 222, 143, 3, 7.83%, 0, 0, 7, 45.89, 112091
1648635941, 135, 177, 222, 142, 3, 7.83%, 0, 0, 7, 36.32, 113212
1648635966, 136, 26, 222, 141, 3, 7.83%, 0, 0, 7, 32.02, 113994
1648635971, 136, 183, 222, 141, 3, 7.83%, 0, 0, 7, 50.01, 114274
1648635986, 136, 183, 223, 142, 3, 7.83%, 0, 0, 7, 48.99, 115021
1648635997, 137, 132, 223, 141, 3, 7.83%, 0, 0, 7, 42.81, 115484
1648636027, 137, 168, 223, 141, 3, 7.83%, 0, 0, 7, 55.52, 116458
1648636032, 138, 156, 223, 141, 3, 7.83%, 0, 0, 7, 51.60, 116723
1648636047, 138, 156, 224, 142, 3, 7.83%, 0, 0, 7, 44.74, 117402
1648636052, 139, 60, 225, 142, 3, 7.84%, 0, 0, 7, 38.82, 117609
1648636063, 139, 168, 225, 142, 3, 7.84%, 0, 0, 7, 53.74, 117982
1648636068, 140, 185, 225, 142, 3, 7.84%, 0, 0, 7, 50.17, 118240
1648636093, 141, 212, 225, 141, 3, 7.84%, 0, 0, 7, 47.97, 119420
1648636103, 142, 169, 225, 141, 3, 7.84%, 0, 0, 7, 50.65, 119993
1648636114, 143, 127, 226, 141, 3, 7.84%, 0, 0, 7, 37.21, 120410
1648636144, 144, 26, 226, 141, 0, 7.84%, 0, 0, 7, 42.61, 121356
1648636149, 144, 206, 226, 141, 0, 7.84%, 0, 0, 7, 49.80, 121625
1648636164, 144, 206, 227, 142, 0, 7.84%, 0, 0, 7, 48.75, 122354
1648636175, 145, 167, 227, 142, 3, 7.84%, 0, 0, 7, 37.03, 122798
1648636200, 145, 212, 227, 141, 3, 7.84%, 0, 0, 7, 4.65, 123571
1648636216, 146, 144, 227, 141, 3, 7.84%, 0, 0, 7, 51.13, 124402
1648636226, 147, 140, 227, 140, 2, 7.84%, 0, 0, 7, 38.73, 124851
1648636262, 148, 201, 227, 139, 1, 7.84%, 0, 0, 7, 40.66, 126063
1648636287, 149, 169, 227, 138, 1, 7.84%, 0, 0, 7, 36.86, 127197
1648636297, 151, 156, 227, 138, 1, 7.84%, 0, 0, 7, 30.79, 127503
1648636317, 151, 202, 227, 138, 1, 7.84%, 0, 0, 7, 42.82, 128406
1648636353, 153, 142, 227, 138, 1, 7.84%, 0, 0, 7, 41.04, 129756
1648636374, 153, 204, 227, 138, 1, 7.84%, 0, 0, 7, 33.73, 130570
1648636399, 155, 172, 227, 138, 1, 7.84%, 0, 0, 7, 35.84, 131371
1648636420, 155, 172, 228, 139, 1, 7.84%, 0, 0, 7, 43.41, 132279
1648636425, 156, 167, 228, 139, 2, 7.84%, 0, 0, 7, 42.08, 132502
1648636455, 157, 145, 228, 139, 2, 7.84%, 0, 0, 7, 44.90, 133503
1648636461, 158, 186, 228, 139, 2, 7.84%, 0, 0, 7, 46.88, 133756
1648636481, 159, 113, 228, 138, 2, 7.84%, 0, 0, 7, 35.39, 134607
1648636491, 160, 26, 228, 138, 2, 7.84%, 0, 0, 7, 45.63, 134993
1648636496, 161, 101, 228, 138, 2, 7.84%, 0, 0, 7, 46.15, 135240
1648636517, 161, 192, 228, 137, 2, 7.84%, 0, 0, 7, 37.91, 136108
1648636552, 163, 152, 228, 137, 2, 7.84%, 0, 0, 7, 39.62, 137358
1648636562, 163, 152, 229, 138, 2, 7.84%, 0, 0, 7, 39.27, 137783
1648636573, 164, 124, 229, 137, 1, 7.84%, 0, 0, 7, 33.98, 138185
1648636598, 165, 26, 229, 137, 1, 7.84%, 0, 0, 7, 34.01, 138957
1648636603, 166, 97, 229, 137, 1, 7.84%, 0, 0, 7, 49.47, 139232
1648636628, 167, 18, 229, 136, 1, 7.84%, 0, 0, 7, 42.17, 140408
1648636638, 167, 145, 229, 136, 1, 7.84%, 0, 0, 7, 57.43, 140754
1648636644, 168, 214, 229, 136, 1, 7.84%, 0, 0, 7, 52.45, 141020
1648636664, 169, 145, 229, 135, 1, 7.84%, 0, 0, 7, 47.57, 141923
1648636669, 170, 191, 229, 135, 1, 7.84%, 0, 0, 7, 52.25, 142197
1648636689, 171, 72, 229, 134, 1, 7.84%, 0, 0, 7, 50.58, 143253
1648636699, 171, 212, 229, 134, 1, 7.84%, 0, 0, 7, 30.74, 143562
1648636709, 173, 60, 229, 134, 1, 7.84%, 0, 0, 7, 55.45, 144133
1648636719, 173, 167, 229, 134, 1, 7.84%, 0, 0, 7, 35.37, 144531
1648636745, 174, 145, 229, 134, 1, 7.84%, 0, 0, 7, 33.16, 145315
1648636750, 175, 3, 229, 134, 1, 7.84%, 0, 0, 7, 50.03, 145595
1648636760, 175, 171, 229, 134, 1, 7.84%, 0, 0, 7, 36.11, 146003
1648636796, 176, 26, 229, 133, 1, 7.84%, 0, 0, 7, 47.30, 147214
1648636801, 176, 157, 229, 133, 1, 7.84%, 0, 0, 7, 49.01, 147471
1648636816, 176, 175, 229, 133, 1, 7.84%, 0, 0, 7, 46.06, 148216
1648636847, 177, 168, 229, 133, 1, 7.84%, 0, 0, 7, 57.44, 149306
1648636852, 178, 2, 232, 136, 1, 7.84%, 0, 0, 7, 45.40, 149535
1648636857, 179, 173, 232, 135, 0, 7.84%, 0, 0, 7, 41.26, 149738
1648636877, 180, 18, 232, 135, 0, 7.84%, 0, 0, 7, 39.92, 150631
1648636888, 180, 145, 232, 135, 0, 7.84%, 0, 0, 7, 44.09, 151008
1648636893, 181, 183, 232, 135, 0, 7.84%, 0, 0, 7, 50.88, 151277
1648636918, 182, 61, 232, 135, 0, 7.84%, 0, 0, 7, 37.19, 152455
1648636923, 182, 212, 232, 135, 0, 7.84%, 0, 0, 7, 32.30, 152619
1648636933, 183, 227, 232, 135, 0, 7.84%, 0, 0, 7, 56.17, 153199
1648636938, 183, 227, 233, 136, 0, 7.84%, 0, 0, 7, 45.57, 153415
1648636943, 183, 227, 234, 137, 0, 7.84%, 0, 0, 7, 43.97, 153631
1648636959, 184, 212, 234, 136, 0, 7.84%, 0, 0, 7, 50.62, 154318
1648636969, 185, 145, 235, 137, 0, 7.84%, 0, 0, 7, 55.80, 154886
1648636974, 186, 60, 235, 137, 0, 7.84%, 0, 0, 7, 38.28, 155074
1648636979, 187, 204, 235, 137, 0, 7.84%, 0, 0, 7, 32.93, 155236
1648636999, 187, 232, 235, 137, 0, 7.84%, 0, 0, 7, 41.75, 156122
1648637030, 188, 26, 235, 136, 0, 7.84%, 0, 0, 7, 49.50, 157206
1648637035, 189, 2, 236, 137, 0, 7.84%, 0, 0, 7, 45.20, 157438
1648637040, 189, 180, 236, 137, 0, 7.84%, 0, 0, 7, 37.89, 157629
1648637071, 190, 168, 236, 137, 0, 7.84%, 0, 0, 7, 56.55, 158620
1648637076, 191, 50, 236, 137, 0, 7.84%, 0, 0, 7, 50.71, 158878
1648637081, 191, 137, 236, 137, 0, 7.84%, 0, 0, 7, 42.44, 159094
1648637096, 192, 145, 236, 136, 0, 7.84%, 0, 0, 7, 46.41, 159653
1648637102, 192, 217, 236, 136, 0, 7.84%, 0, 0, 7, 39.46, 159864
1648637137, 194, 127, 236, 135, 0, 7.84%, 0, 0, 7, 32.61, 160969
1648637158, 194, 230, 236, 135, 0, 7.84%, 0, 0, 7, 41.44, 161850
1648637178, 196, 185, 236, 134, 0, 7.84%, 0, 0, 7, 38.39, 162521
1648637183, 196, 185, 237, 135, 0, 7.84%, 0, 0, 7, 42.81, 162743
1648637204, 197, 130, 237, 135, 0, 7.84%, 0, 0, 7, 37.07, 163690
1648637240, 198, 126, 237, 135, 0, 7.84%, 0, 0, 7, 35.97, 164825
1648637260, 199, 94, 237, 135, 0, 7.84%, 0, 0, 7, 38.63, 165685
1648637280, 199, 212, 237, 135, 0, 7.84%, 0, 0, 7, 47.52, 166400
1648637290, 201, 154, 237, 135, 0, 7.84%, 0, 0, 7, 47.06, 166933
1648637311, 201, 180, 237, 134, 0, 7.84%, 0, 0, 7, 33.37, 167773
1648637336, 202, 110, 237, 134, 0, 7.84%, 0, 0, 7, 31.95, 168545
1648637346, 202, 135, 237, 133, 0, 7.84%, 0, 0, 7, 41.37, 169005
1648637362, 203, 168, 237, 132, 0, 7.84%, 0, 0, 7, 41.70, 169529
1648637367, 204, 132, 237, 132, 0, 7.84%, 0, 0, 7, 43.09, 169770
1648637398, 204, 234, 238, 133, 0, 7.84%, 0, 0, 7, 49.52, 170739
1648637408, 206, 192, 238, 132, 0, 7.84%, 0, 0, 7, 53.16, 171292
1648637433, 207, 189, 238, 132, 0, 7.84%, 0, 0, 7, 38.95, 172497
1648637464, 210, 18, 238, 132, 0, 7.84%, 0, 0, 7, 35.59, 173545
1648637474, 210, 178, 238, 132, 0, 7.84%, 0, 0, 7, 37.61, 173975
1648637499, 210, 212, 238, 132, 0, 7.84%, 0, 0, 7, 50.93, 174834
1648637510, 212, 2, 244, 138, 0, 7.84%, 0, 0, 7, 50.30, 175377
1648637520, 212, 116, 244, 138, 0, 7.84%, 0, 0, 7, 32.74, 175737
1648637530, 213, 26, 244, 138, 0, 7.84%, 0, 0, 7, 34.57, 176062
1648637535, 214, 85, 244, 138, 0, 7.84%, 0, 0, 7, 48.59, 176334
1648637545, 214, 167, 244, 138, 0, 7.84%, 0, 0, 7, 43.79, 176762
1648637576, 215, 230, 247, 141, 0, 7.84%, 0, 0, 7, 33.54, 177701
1648637581, 215, 230, 249, 143, 0, 7.84%, 0, 0, 7, 38.78, 177907
1648637586, 215, 230, 250, 144, 0, 7.85%, 0, 0, 7, 40.83, 178121
1648637591, 216, 120, 250, 144, 0, 7.85%, 0, 0, 7, 36.77, 178311
1648637612, 216, 234, 250, 144, 0, 7.85%, 0, 0, 7, 57.96, 179020
1648637622, 217, 164, 250, 144, 0, 7.85%, 0, 0, 7, 47.21, 179542
1648637642, 217, 244, 250, 143, 0, 7.85%, 0, 0, 7, 35.74, 180391
1648637658, 219, 165, 250, 142, 0, 7.85%, 0, 0, 7, 33.66, 180883
1648637678, 219, 223, 250, 142, 0, 7.85%, 0, 0, 7, 38.19, 181792
1648637704, 220, 26, 250, 141, 0, 7.85%, 0, 0, 7, 32.21, 182614
1648637709, 220, 114, 250, 141, 0, 7.85%, 0, 0, 7, 51.76, 182901
1648637734, 221, 85, 250, 141, 0, 7.85%, 0, 0, 7, 38.59, 184167
1648637745, 221, 212, 250, 141, 0, 7.85%, 0, 0, 7, 57.30, 184546
1648637755, 223, 116, 250, 141, 0, 7.85%, 0, 0, 7, 47.92, 185080
1648637765, 223, 137, 250, 141, 0, 7.85%, 0, 0, 7, 38.42, 185508
1648637775, 223, 234, 250, 141, 0, 7.85%, 0, 0, 7, 32.84, 185843
1648637785, 225, 60, 250, 141, 0, 7.85%, 0, 0, 7, 54.25, 186411
1648637795, 225, 233, 250, 141, 0, 7.85%, 0, 0, 7, 36.69, 186816
1648637821, 226, 145, 250, 140, 0, 7.85%, 0, 0, 7, 57.70, 187665
1648637826, 227, 177, 250, 140, 0, 7.85%, 0, 0, 7, 51.06, 187927
1648637841, 227, 177, 251, 141, 0, 7.85%, 0, 0, 7, 43.26, 188570
1648637847, 228, 67, 251, 141, 0, 7.85%, 0, 0, 7, 38.72, 188777
1648637852, 228, 168, 251, 141, 0, 7.85%, 0, 0, 7, 55.92, 189044
1648637857, 229, 66, 251, 141, 0, 7.85%, 0, 0, 7, 48.88, 189287
1648637862, 229, 99, 251, 141, 0, 7.85%, 0, 0, 7, 37.56, 189479
1648637877, 229, 168, 251, 141, 0, 7.85%, 0, 0, 7, 51.41, 190024
1648637882, 231, 77, 252, 142, 0, 7.85%, 0, 0, 7, 49.58, 190283
1648637888, 232, 63, 252, 141, 0, 7.85%, 0, 0, 7, 46.03, 190519
1648637898, 234, 53, 252, 141, 0, 7.85%, 0, 0, 7, 38.23, 190871
1648637903, 234, 60, 252, 141, 0, 7.85%, 0, 0, 7, 40.44, 191093
1648637913, 235, 121, 252, 141, 0, 7.85%, 0, 0, 7, 38.22, 191445
1648637924, 235, 165, 252, 141, 0, 7.85%, 0, 0, 7, 46.97, 191947
1648637954, 235, 251, 253, 142, 0, 7.85%, 0, 0, 7, 57.56, 192924
1648637975, 236, 240, 254, 142, 0, 7.85%, 0, 0, 7, 52.30, 194052
1648637980, 236, 240, 257, 145, 0, 7.85%, 0, 0, 7, 44.44, 194269
1648637990, 237, 233, 257, 144, 0, 7.85%, 0, 0, 7, 35.97, 194657
1648638015, 239, 189, 257, 144, 0, 7.85%, 0, 0, 7, 33.10, 195471
1648638040, 240, 142, 257, 144, 0, 7.85%, 0, 0, 7, 35.29, 196676
1648638066, 240, 212, 257, 144, 0, 7.85%, 0, 0, 7, 35.76, 197456
1648638076, 242, 123, 257, 144, 0, 7.85%, 0, 0, 7, 52.05, 198015
1648638097, 243, 101, 257, 144, 0, 7.85%, 0, 0, 7, 41.44, 198897
1648638112, 244, 26, 257, 144, 0, 7.85%, 0, 0, 7, 42.23, 199406
1648638117, 245, 0, 257, 144, 0, 7.85%, 0, 0, 7, 52.84, 199688
1648638122, 245, 251, 257, 144, 0, 7.85%, 0, 0, 7, 52.97, 199956
1648638142, 247, 64, 257, 144, 0, 7.85%, 0, 0, 7, 55.48, 201093
1648638147, 247, 70, 257, 143, 0, 7.85%, 0, 0, 7, 47.58, 201338
1648638158, 247, 168, 257, 143, 0, 7.85%, 0, 0, 7, 31.28, 201666
1648638168, 248, 204, 257, 143, 0, 7.85%, 0, 0, 7, 44.95, 202171
1648638178, 248, 204, 258, 144, 0, 7.85%, 0, 0, 7, 43.59, 202621
1648638188, 249, 155, 258, 144, 0, 7.85%, 0, 0, 7, 33.36, 202999
1648638214, 249, 251, 258, 143, 0, 7.85%, 0, 0, 7, 31.66, 203779
1648638234, 250, 223, 258, 143, 0, 7.85%, 0, 0, 7, 56.22, 204947
1648638239, 250, 223, 259, 144, 0, 7.85%, 0, 0, 7, 45.61, 205161
1648638254, 251, 101, 259, 144, 0, 7.85%, 0, 0, 7, 40.11, 205831
1648638270, 252, 165, 259, 144, 0, 7.85%, 0, 0, 7, 35.57, 206317
1648638290, 252, 169, 259, 144, 0, 7.85%, 0, 0, 7, 37.75, 207221
1648638305, 252, 251, 259, 144, 0, 7.85%, 0, 0, 7, 47.33, 207770
1648638326, 253, 190, 259, 144, 0, 7.85%, 0, 0, 7, 52.65, 208881
1648638346, 253, 232, 259, 143, 0, 7.85%, 0, 0, 7, 46.13, 209925
1648638376, 254, 212, 259, 143, 0, 7.85%, 0, 0, 7, 47.23, 210973
1648638386, 256, 169, 259, 143, 0, 7.85%, 0, 0, 7, 48.24, 211502
1648638396, 257, 1, 259, 143, 0, 7.85%, 0, 0, 7, 37.28, 211912
1648638401, 257, 145, 259, 143, 0, 7.85%, 0, 0, 7, 0.00, 212079
1648638407, 258, 163, 259, 143, 0, 7.85%, 0, 0, 7, 56.88, 212376
1648638417, 258, 163, 260, 144, 0, 7.85%, 0, 0, 7, 43.11, 212813
1648638422, 258, 163, 261, 145, 0, 7.85%, 0, 0, 7, 44.71, 213043
1648638427, 258, 201, 261, 145, 0, 7.85%, 0, 0, 7, 42.63, 213262
1648638468, 260, 105, 261, 145, 0, 7.85%, 0, 0, 7, 42.75, 214639
1648638479, 260, 162, 261, 145, 0, 7.85%, 0, 0, 7, 38.09, 215098
1648638509, 262, 99, 261, 145, 0, 7.85%, 0, 0, 7, 41.35, 216093
1648638514, 263, 61, 261, 145, 0, 7.85%, 0, 0, 7, 43.90, 216325
1648638524, 263, 145, 261, 145, 0, 7.85%, 0, 0, 7, 39.30, 216680
1648638530, 264, 83, 261, 145, 0, 7.85%, 0, 0, 7, 49.33, 216953
1648638540, 264, 202, 261, 145, 0, 7.85%, 0, 0, 7, 38.52, 217384
1648638571, 264, 234, 261, 145, 0, 7.85%, 0, 0, 7, 56.79, 218573
1648638581, 265, 230, 263, 147, 0, 7.85%, 0, 0, 7, 46.80, 219101
1648638586, 265, 230, 265, 149, 0, 7.85%, 0, 0, 7, 43.51, 219316
1648638596, 266, 62, 265, 149, 0, 7.85%, 0, 0, 7, 34.27, 219694
1648638606, 266, 230, 267, 151, 0, 7.88%, 0, 0, 7, 39.75, 220065
1648638621, 267, 83, 267, 151, 0, 7.88%, 0, 0, 7, 33.33, 220631
1648638632, 269, 22, 267, 151, 0, 7.88%, 0, 0, 7, 44.40, 221019
1648638637, 269, 161, 267, 151, 0, 7.88%, 0, 0, 7, 37.19, 221207
1648638672, 270, 101, 267, 151, 0, 7.88%, 0, 0, 7, 33.11, 222315
1648638683, 270, 232, 267, 151, 0, 7.88%, 0, 0, 7, 39.40, 222746
1648638713, 271, 26, 267, 151, 0, 7.88%, 0, 0, 7, 49.53, 223821
1648638718, 271, 260, 267, 151, 0, 7.88%, 0, 0, 7, 44.67, 224049
1648638723, 271, 260, 268, 152, 0, 7.88%, 0, 0, 7, 42.18, 224260
1648638739, 272, 185, 268, 151, 0, 7.88%, 0, 0, 7, 36.00, 224879
1648638775, 273, 168, 268, 151, 0, 7.88%, 0, 0, 7, 44.33, 226073
1648638780, 274, 164, 268, 151, 0, 7.88%, 0, 0, 7, 50.06, 226342
1648638800, 275, 61, 268, 151, 0, 7.88%, 0, 0, 7, 38.54, 227242
1648638810, 276, 73, 268, 151, 0, 7.88%, 0, 0, 7, 41.85, 227630
1648638816, 276, 126, 268, 151, 0, 7.88%, 0, 0, 7, 36.12, 227824
1648638831, 277, 245, 268, 151, 0, 7.88%, 0, 0, 7, 38.90, 228332
1648638846, 278, 132, 268, 150, 4294967295, 7.88%, 0, 0, 7, 34.20, 228922
1648638872, 278, 145, 268, 150, 4294967295, 7.88%, 0, 0, 7, 47.36, 229706
1648638877, 279, 155, 268, 150, 4294967295, 7.88%, 0, 0, 7, 52.19, 229981
1648638897, 279, 186, 268, 150, 4294967295, 7.88%, 0, 0, 7, 37.36, 230846
1648638928, 281, 171, 268, 150, 4294967295, 7.88%, 0, 0, 7, 39.14, 231828
1648638953, 282, 22, 268, 150, 4294967295, 7.88%, 0, 0, 7, 36.90, 232959
1648638963, 283, 126, 268, 150, 4294967295, 7.88%, 0, 0, 7, 42.34, 233340
1648638969, 284, 53, 268, 150, 4294967295, 7.88%, 0, 0, 7, 44.63, 233574
1648638979, 286, 24, 268, 150, 4294967295, 7.88%, 0, 0, 7, 39.32, 233928
1648638984, 286, 97, 268, 150, 4294967295, 7.88%, 0, 0, 7, 42.50, 234159
1648639005, 288, 3, 268, 150, 4294967295, 7.88%, 0, 0, 7, 41.17, 234854
1648639010, 288, 172, 268, 150, 4294967295, 7.88%, 0, 0, 7, 39.24, 235069
1648639045, 289, 26, 268, 150, 4294967295, 7.88%, 0, 0, 7, 39.00, 236245
1648639051, 289, 259, 269, 151, 4294967295, 7.88%, 0, 0, 7, 47.10, 236507
1648639056, 289, 259, 270, 152, 4294967295, 7.88%, 0, 0, 7, 43.75, 236717
1648639071, 290, 247, 270, 151, 0, 7.88%, 0, 0, 7, 38.87, 237393
1648639091, 291, 26, 270, 150, 0, 7.88%, 0, 0, 7, 47.20, 238117
1648639096, 291, 262, 270, 150, 0, 7.88%, 0, 0, 7, 45.96, 238359
1648639101, 291, 262, 271, 151, 0, 7.88%, 0, 0, 7, 40.82, 238559
1648639112, 292, 144, 271, 150, 0, 7.88%, 0, 0, 7, 38.30, 238970
1648639127, 293, 26, 271, 150, 0, 7.88%, 0, 0, 7, 47.66, 239559
1648639132, 293, 269, 272, 151, 0, 7.88%, 0, 0, 8, 46.00, 239797
1648639137, 293, 269, 274, 153, 0, 7.88%, 0, 0, 8, 40.65, 239995
1648639152, 293, 270, 274, 152, 0, 7.88%, 0, 0, 8, 37.52, 240644
1648639188, 294, 234, 274, 151, 4294967295, 7.88%, 0, 0, 8, 34.39, 241781
1648639198, 295, 131, 274, 151, 4294967295, 7.88%, 0, 0, 8, 53.42, 242337
1648639219, 295, 245, 274, 151, 4294967295, 7.88%, 0, 0, 8, 40.28, 243225
1648639239, 297, 121, 274, 151, 4294967295, 7.88%, 0, 0, 8, 40.27, 243918
1648639249, 298, 145, 274, 151, 4294967295, 7.88%, 0, 0, 8, 47.73, 244396
1648639254, 299, 175, 274, 151, 4294967295, 7.88%, 0, 0, 8, 52.12, 244673
1648639275, 299, 190, 274, 151, 4294967295, 7.88%, 0, 0, 8, 39.56, 245577
1648639311, 299, 251, 274, 151, 4294967295, 7.88%, 0, 0, 8, 46.43, 246841
1648639331, 301, 179, 274, 151, 4294967295, 7.88%, 0, 0, 8, 50.13, 247954
1648639351, 302, 113, 274, 151, 4294967295, 7.88%, 0, 0, 8, 36.05, 248811
1648639361, 302, 251, 274, 151, 4294967295, 7.88%, 0, 0, 8, 58.07, 249183
1648639381, 304, 20, 274, 151, 4294967295, 7.88%, 0, 0, 8, 53.60, 250312
1648639386, 304, 123, 274, 151, 4294967295, 7.88%, 0, 0, 8, 44.18, 250533
1648639417, 304, 216, 275, 152, 4294967295, 7.88%, 0, 0, 8, 42.76, 251522
1648639422, 305, 24, 275, 152, 4294967295, 7.88%, 0, 0, 8, 46.16, 251780
1648639432, 306, 163, 275, 152, 4294967295, 7.88%, 0, 0, 8, 37.70, 252133
1648639453, 307, 104, 275, 152, 4294967295, 7.88%, 0, 0, 8, 41.75, 253011
1648639489, 307, 168, 275, 151, 4294967295, 7.88%, 0, 0, 8, 56.63, 254291
1648639494, 307, 231, 275, 151, 4294967295, 7.88%, 0, 0, 8, 49.54, 254545
1648639509, 308, 85, 275, 150, 4294967295, 7.88%, 0, 0, 8, 33.39, 255134
1648639519, 308, 212, 275, 150, 4294967295, 7.88%, 0, 0, 8, 47.42, 255527
1648639530, 309, 272, 276, 151, 4294967295, 7.88%, 0, 0, 9, 46.10, 256039
1648639535, 309, 272, 278, 153, 4294967295, 7.88%, 0, 0, 9, 40.76, 256239
1648639560, 310, 194, 278, 152, 0, 7.88%, 0, 0, 9, 35.98, 257314
1648639596, 310, 251, 278, 152, 0, 7.88%, 0, 0, 9, 29.74, 258416
1648639621, 311, 217, 278, 152, 0, 7.88%, 0, 0, 9, 49.70, 259799
1648639641, 311, 236, 278, 152, 0, 7.88%, 0, 0, 9, 44.12, 260762
1648639682, 312, 26, 278, 151, 0, 7.88%, 0, 0, 9, 49.60, 262167
1648639687, 313, 64, 278, 151, 0, 7.88%, 0, 0, 9, 51.43, 262433
1648639692, 313, 125, 278, 151, 0, 7.88%, 0, 0, 9, 37.44, 262618
1648639703, 313, 168, 278, 151, 0, 7.88%, 0, 0, 9, 29.29, 262928
1648639713, 313, 202, 278, 151, 0, 7.88%, 0, 0, 9, 51.66, 263462
1648639733, 314, 103, 278, 151, 0, 7.88%, 0, 0, 9, 47.81, 264459
1648639743, 314, 212, 278, 151, 0, 7.88%, 0, 0, 9, 39.98, 264831
1648639754, 315, 249, 278, 151, 0, 7.88%, 0, 0, 9, 54.64, 265415
1648639764, 317, 26, 278, 150, 4294967295, 7.88%, 0, 0, 9, 54.46, 265970
1648639769, 318, 176, 278, 150, 4294967295, 7.88%, 0, 0, 9, 54.64, 266249
1648639774, 318, 176, 279, 151, 4294967295, 7.88%, 0, 0, 9, 43.00, 266455
1648639789, 319, 99, 279, 150, 0, 7.88%, 0, 0, 9, 40.42, 267138
1648639805, 319, 234, 279, 150, 0, 7.88%, 0, 0, 9, 57.43, 267646
1648639815, 320, 251, 279, 150, 0, 7.88%, 0, 0, 9, 54.30, 268197
1648639835, 321, 186, 279, 150, 0, 7.88%, 0, 0, 9, 49.60, 269243
1648639866, 322, 186, 279, 150, 0, 7.88%, 0, 0, 9, 37.22, 270216
1648639886, 322, 205, 279, 150, 0, 7.88%, 0, 0, 9, 36.29, 271074
1648639917, 323, 145, 279, 149, 0, 7.88%, 0, 0, 9, 56.29, 272086
1648639922, 324, 116, 279, 149, 0, 7.88%, 0, 0, 9, 46.34, 272317
1648639927, 325, 71, 279, 149, 0, 7.88%, 0, 0, 9, 36.65, 272502
1648639937, 325, 145, 279, 149, 0, 7.88%, 0, 0, 9, 48.13, 272863
1648639942, 326, 200, 279, 149, 0, 7.88%, 0, 0, 9, 48.80, 273131
1648639957, 326, 200, 280, 150, 0, 7.92%, 0, 0, 9, 47.66, 273822
1648639967, 326, 272, 280, 149, 0, 7.92%, 0, 0, 9, 40.91, 274274
1648639972, 326, 272, 281, 150, 0, 7.92%, 0, 0, 9, 36.60, 274457
1648640013, 328, 104, 281, 150, 0, 7.92%, 0, 0, 9, 45.99, 275775
1648640034, 329, 234, 281, 150, 0, 7.92%, 0, 0, 9, 58.45, 276802
1648640044, 331, 4, 281, 150, 0, 7.92%, 0, 0, 9, 53.34, 277370
1648640049, 331, 248, 281, 150, 0, 7.92%, 0, 0, 9, 43.43, 277589
1648640069, 332, 234, 281, 149, 4294967295, 7.92%, 0, 0, 9, 44.75, 278295
1648640080, 333, 261, 282, 150, 4294967295, 7.92%, 0, 0, 9, 49.23, 278835
1648640095, 334, 124, 282, 149, 1, 7.92%, 0, 0, 9, 34.05, 279427
1648640120, 334, 234, 282, 149, 1, 7.92%, 0, 0, 9, 27.01, 280176
1648640136, 335, 233, 282, 149, 1, 7.92%, 0, 0, 9, 45.49, 280960
1648640151, 336, 185, 282, 149, 1, 7.92%, 0, 0, 9, 42.12, 281657
1648640187, 337, 26, 282, 149, 1, 7.92%, 0, 0, 9, 32.29, 282805
1648640192, 337, 144, 282, 149, 1, 7.92%, 0, 0, 9, 51.61, 283093
1648640197, 337, 144, 283, 150, 1, 7.92%, 0, 0, 9, 50.08, 283347
1648640208, 337, 225, 283, 150, 1, 7.92%, 0, 0, 9, 37.28, 283788
1648640243, 337, 251, 283, 149, 1, 7.92%, 0, 0, 9, 58.19, 284913
1648640263, 339, 67, 283, 149, 1, 7.92%, 0, 0, 9, 54.04, 286050
1648640274, 340, 60, 283, 149, 1, 7.92%, 0, 0, 9, 34.25, 286453
1648640279, 340, 251, 283, 149, 1, 7.92%, 0, 0, 9, 34.58, 286618
1648640299, 341, 206, 283, 149, 1, 7.92%, 0, 0, 9, 56.06, 287747
1648640324, 343, 26, 283, 149, 1, 7.92%, 0, 0, 9, 49.99, 288961
1648640329, 343, 233, 283, 149, 1, 7.92%, 0, 0, 9, 49.31, 289216
1648640360, 343, 234, 283, 149, 1, 7.92%, 0, 0, 9, 52.24, 290272
1648640370, 344, 201, 283, 149, 1, 7.92%, 0, 0, 9, 48.93, 290802
1648640395, 345, 193, 283, 149, 1, 7.92%, 0, 0, 9, 38.34, 291946
1648640431, 346, 168, 283, 149, 1, 7.92%, 0, 0, 9, 49.83, 293256
1648640436, 348, 89, 283, 149, 1, 7.92%, 0, 0, 9, 51.34, 293522
1648640441, 348, 165, 283, 148, 1, 7.92%, 0, 0, 9, 41.36, 293740
1648640482, 348, 251, 283, 148, 1, 7.92%, 0, 0, 9, 56.85, 295105
1648640502, 350, 180, 283, 148, 1, 7.92%, 0, 0, 9, 44.73, 296188
1648640523, 350, 223, 283, 148, 1, 7.92%, 0, 0, 9, 38.43, 297010
1648640548, 351, 272, 283, 148, 1, 7.92%, 0, 0, 9, 34.25, 297815
1648640579, 352, 182, 283, 148, 1, 7.92%, 0, 0, 9, 37.59, 299155
1648640614, 353, 145, 283, 148, 1, 7.92%, 0, 0, 9, 38.81, 300323
1648640620, 353, 203, 283, 148, 1, 7.92%, 0, 0, 9, 52.51, 300618
1648640630, 354, 169, 283, 147, 1, 7.92%, 0, 0, 9, 48.51, 301154
1648640645, 355, 26, 283, 147, 1, 7.92%, 0, 0, 9, 43.68, 301693
1648640650, 356, 185, 283, 147, 1, 7.92%, 0, 0, 9, 46.89, 301945
1648640676, 357, 53, 283, 147, 1, 7.92%, 0, 0, 9, 39.66, 303059
1648640686, 357, 212, 283, 147, 1, 7.92%, 0, 0, 9, 45.36, 303438
1648640696, 358, 228, 283, 147, 1, 7.92%, 0, 0, 9, 47.88, 303973
1648640716, 359, 186, 283, 146, 1, 7.92%, 0, 0, 9, 37.60, 304854
1648640742, 360, 26, 283, 146, 1, 7.92%, 0, 0, 9, 34.27, 305649
1648640747, 360, 278, 283, 146, 1, 7.92%, 0, 0, 9, 49.96, 305928
1648640768, 361, 124, 284, 146, 0, 7.92%, 0, 0, 9, 43.77, 306798
1648640783, 361, 251, 284, 146, 0, 7.92%, 0, 0, 9, 33.32, 307261
1648640803, 363, 4, 284, 146, 0, 7.92%, 0, 0, 9, 56.07, 308417
1648640813, 363, 175, 284, 146, 0, 7.92%, 0, 0, 9, 36.52, 308838
1648640839, 363, 212, 284, 146, 0, 7.92%, 0, 0, 9, 46.43, 309740
1648640849, 364, 186, 284, 146, 0, 7.92%, 0, 0, 9, 47.83, 310272
1648640869, 365, 125, 284, 146, 0, 7.92%, 0, 0, 9, 34.36, 311108
1648640880, 366, 266, 284, 146, 0, 7.92%, 0, 0, 9, 39.75, 311465
1648640885, 366, 266, 285, 147, 0, 7.93%, 0, 0, 9, 39.68, 311668
1648640895, 367, 246, 285, 146, 0, 7.93%, 0, 0, 9, 33.66, 312035
1648640910, 368, 212, 285, 145, 0, 7.93%, 0, 0, 9, 57.42, 312507
1648640920, 370, 20, 285, 145, 0, 7.93%, 0, 0, 9, 56.04, 313088
1648640931, 370, 275, 285, 145, 0, 7.93%, 0, 0, 9, 39.18, 313522
1648640971, 371, 168, 285, 144, 0, 7.93%, 0, 0, 9, 41.12, 314777
1648640977, 372, 72, 285, 144, 0, 7.93%, 0, 0, 9, 49.59, 315050
1648640982, 372, 176, 285, 144, 0, 7.93%, 0, 0, 9, 45.90, 315281
1648641012, 372, 251, 285, 144, 0, 7.93%, 0, 0, 9, 46.51, 316228
1648641033, 373, 212, 285, 144, 0, 7.93%, 0, 0, 9, 54.83, 317369
1648641043, 374, 85, 285, 144, 0, 7.93%, 0, 0, 9, 51.87, 317913
1648641053, 375, 68, 285, 144, 0, 7.93%, 0, 0, 9, 36.10, 318245
1648641058, 375, 171, 285, 144, 0, 7.93%, 0, 0, 9, 47.39, 318508
1648641099, 376, 223, 285, 144, 0, 7.93%, 0, 0, 9, 39.83, 319858
1648641120, 376, 258, 285, 144, 0, 7.93%, 0, 0, 9, 34.86, 320708
1648641145, 377, 234, 285, 143, 0, 7.93%, 0, 0, 9, 48.40, 321560
1648641155, 378, 181, 285, 143, 0, 7.93%, 0, 0, 9, 53.51, 322118
1648641175, 378, 227, 285, 143, 0, 7.93%, 0, 0, 9, 50.66, 323191
1648641206, 379, 145, 285, 143, 0, 7.93%, 0, 0, 9, 49.31, 324265
1648641211, 380, 153, 285, 143, 0, 7.93%, 0, 0, 9, 51.94, 324535
1648641231, 380, 186, 285, 143, 0, 7.93%, 0, 0, 9, 42.98, 325568
1648641262, 381, 26, 285, 143, 0, 7.93%, 0, 0, 9, 47.51, 326572
1648641267, 381, 231, 285, 143, 0, 7.93%, 0, 0, 9, 46.20, 326817
1648641283, 381, 261, 285, 143, 0, 7.93%, 0, 0, 9, 33.93, 327399
1648641298, 382, 212, 285, 143, 0, 7.93%, 0, 0, 9, 39.47, 327908
1648641308, 384, 97, 285, 143, 0, 7.93%, 0, 0, 9, 52.43, 328466
1648641323, 385, 20, 285, 143, 0, 7.93%, 0, 0, 9, 35.58, 329113
1648641329, 385, 251, 285, 143, 0, 7.93%, 0, 0, 9, 31.07, 329267
1648641349, 386, 262, 285, 143, 0, 7.93%, 0, 0, 9, 56.92, 330430
1648641364, 387, 99, 285, 143, 0, 7.93%, 0, 0, 9, 37.33, 331046
1648641374, 387, 212, 285, 143, 0, 7.93%, 0, 0, 9, 33.19, 331358
1648641384, 389, 181, 285, 143, 0, 7.93%, 0, 0, 9, 55.18, 331930
1648641410, 389, 217, 285, 143, 0, 7.93%, 0, 0, 9, 39.35, 333183
1648641445, 390, 168, 285, 143, 0, 7.93%, 0, 0, 9, 43.28, 334364
1648641450, 391, 185, 285, 143, 0, 7.93%, 0, 0, 9, 49.36, 334633
1648641476, 391, 186, 285, 143, 0, 7.93%, 0, 0, 9, 45.82, 335769
1648641506, 391, 212, 285, 143, 0, 7.93%, 0, 0, 9, 42.03, 336740
1648641517, 393, 182, 285, 143, 0, 7.93%, 0, 0, 9, 51.68, 337286
1648641542, 394, 2, 285, 143, 0, 7.93%, 0, 0, 9, 37.03, 338486
1648641552, 394, 145, 285, 143, 0, 7.93%, 0, 0, 9, 57.46, 338912
1648641557, 396, 3, 285, 143, 0, 7.93%, 0, 0, 9, 49.93, 339156
1648641562, 396, 183, 285, 143, 0, 7.93%, 0, 0, 9, 37.68, 339334
1648641598, 397, 145, 285, 143, 0, 7.93%, 0, 0, 9, 43.81, 340537
1648641603, 397, 249, 285, 143, 0, 7.93%, 0, 0, 9, 52.67, 340816
1648641613, 397, 271, 285, 143, 0, 7.93%, 0, 0, 9, 47.77, 341348
1648641654, 398, 214, 285, 142, 0, 7.93%, 0, 0, 9, 31.51, 342605
1648641674, 398, 277, 285, 142, 0, 7.93%, 0, 0, 9, 43.07, 343506
1648641720, 399, 212, 285, 141, 0, 7.93%, 0, 0, 9, 56.88, 344962
1648641725, 400, 142, 285, 141, 0, 7.93%, 0, 0, 9, 48.14, 345207
1648641745, 400, 159, 285, 141, 0, 7.93%, 0, 0, 9, 38.04, 346058
1648641776, 402, 120, 285, 141, 0, 7.93%, 0, 0, 9, 40.43, 347024
1648641786, 403, 3, 285, 141, 0, 7.93%, 0, 0, 9, 40.37, 347478
1648641797, 405, 121, 285, 141, 0, 7.93%, 0, 0, 9, 37.41, 347820
1648641802, 405, 173, 285, 141, 0, 7.93%, 0, 0, 9, 46.50, 348075
1648641833, 406, 185, 285, 141, 0, 7.93%, 0, 0, 9, 38.44, 349084
1648641858, 407, 161, 285, 141, 0, 7.93%, 0, 0, 9, 36.45, 350212
1648641894, 407, 251, 285, 141, 0, 7.93%, 0, 0, 9, 33.82, 351327
1648641914, 409, 186, 285, 141, 0, 7.93%, 0, 0, 9, 54.57, 352464
1648641934, 410, 128, 285, 141, 0, 7.93%, 0, 0, 9, 43.85, 353334
1648641955, 410, 212, 285, 140, 0, 7.93%, 0, 0, 9, 56.27, 354072
1648641960, 411, 165, 285, 140, 0, 7.93%, 0, 0, 9, 48.28, 354317
1648641985, 411, 190, 285, 140, 0, 7.93%, 0, 0, 9, 39.20, 355407
1648642021, 413, 171, 285, 140, 0, 7.93%, 0, 0, 9, 39.74, 356633
1648642046, 414, 159, 285, 140, 0, 7.93%, 0, 0, 9, 39.02, 357780
1648642077, 416, 108, 285, 140, 0, 7.93%, 0, 0, 9, 43.39, 358763
1648642082, 416, 108, 286, 141, 0, 7.93%, 0, 0, 9, 47.00, 359012
1648642087, 417, 78, 286, 140, 0, 7.93%, 0, 0, 9, 40.41, 359227
1648642098, 417, 145, 286, 140, 0, 7.93%, 0, 0, 9, 57.39, 359596
1648642103, 418, 123, 286, 140, 0, 7.93%, 0, 0, 9, 49.19, 359845
1648642113, 419, 9, 286, 140, 0, 7.93%, 0, 0, 9, 37.67, 360259
1648642123, 419, 145, 286, 140, 0, 7.93%, 0, 0, 9, 53.79, 360655
1648642128, 419, 251, 286, 140, 0, 7.93%, 0, 0, 9, 53.92, 360929
1648642149, 420, 67, 286, 140, 0, 7.93%, 0, 0, 9, 45.83, 361983
1648642154, 420, 217, 286, 140, 0, 7.93%, 0, 0, 9, 47.20, 362226
1648642174, 420, 277, 286, 140, 0, 7.93%, 0, 0, 9, 43.00, 363192
1648642220, 421, 212, 286, 140, 0, 7.93%, 0, 0, 9, 35.88, 364538
1648642225, 423, 18, 286, 140, 0, 7.93%, 0, 0, 9, 50.36, 364826
1648642230, 423, 121, 287, 141, 0, 7.93%, 0, 0, 9, 47.13, 365061
1648642245, 424, 280, 287, 141, 0, 7.93%, 0, 0, 9, 43.48, 365610
1648642261, 424, 280, 288, 142, 0, 7.93%, 0, 0, 10, 47.74, 366339
1648642281, 425, 97, 288, 141, 0, 7.93%, 0, 0, 10, 36.72, 367266
1648642296, 425, 234, 288, 141, 0, 7.93%, 0, 0, 10, 31.28, 367743
1648642306, 426, 267, 288, 141, 0, 7.93%, 0, 0, 10, 55.30, 368317
1648642327, 427, 234, 288, 140, 0, 7.93%, 0, 0, 10, 43.36, 369186
1648642337, 428, 273, 288, 140, 0, 7.93%, 0, 0, 10, 56.70, 369763
1648642352, 428, 273, 289, 141, 0, 7.93%, 0, 0, 10, 43.15, 370417
1648642367, 429, 4, 289, 140, 0, 7.93%, 0, 0, 10, 45.65, 371087
1648642378, 429, 145, 289, 140, 0, 7.93%, 0, 0, 10, 38.27, 371433
1648642383, 429, 228, 289, 140, 0, 7.93%, 0, 0, 10, 49.05, 371705
1648642403, 430, 128, 289, 140, 0, 7.93%, 0, 0, 10, 39.93, 372540
1648642423, 431, 26, 289, 140, 0, 7.93%, 0, 0, 10, 46.71, 373279
1648642428, 431, 236, 289, 140, 0, 7.93%, 0, 0, 10, 48.06, 373531
1648642454, 432, 22, 289, 140, 0, 7.93%, 0, 0, 10, 37.21, 374616
1648642464, 433, 157, 289, 140, 0, 7.93%, 0, 0, 10, 41.61, 374993
1648642479, 433, 201, 289, 140, 0, 7.93%, 0, 0, 10, 45.01, 375728
1648642515, 433, 251, 289, 140, 0, 7.93%, 0, 0, 10, 30.58, 376867
1648642535, 434, 270, 289, 140, 0, 7.93%, 0, 0, 10, 57.14, 378040
1648642541, 434, 270, 292, 143, 0, 7.93%, 0, 0, 10, 45.75, 378257
1648642546, 434, 270, 294, 145, 0, 7.93%, 0, 0, 10, 44.06, 378477
1648642566, 435, 129, 294, 145, 0, 7.93%, 0, 0, 10, 35.55, 379323
1648642602, 435, 212, 294, 144, 0, 7.93%, 0, 0, 10, 43.25, 380542
1648642607, 437, 62, 294, 144, 0, 7.93%, 0, 0, 10, 50.08, 380813
1648642612, 440, 73, 294, 144, 0, 7.93%, 0, 0, 10, 46.54, 381045
1648642617, 441, 22, 294, 144, 0, 7.93%, 0, 0, 10, 45.07, 381281
1648642627, 442, 110, 294, 144, 0, 7.93%, 0, 0, 10, 36.53, 381614
1648642637, 443, 53, 294, 144, 0, 7.93%, 0, 0, 10, 39.86, 382056
1648642648, 443, 145, 294, 144, 0, 7.93%, 0, 0, 10, 56.49, 382441
1648642653, 443, 234, 294, 144, 0, 7.93%, 0, 0, 10, 54.10, 382713
1648642663, 444, 20, 294, 144, 0, 7.93%, 1, 0, 10, 42.75, 383216
1648642673, 445, 123, 294, 144, 0, 7.93%, 1, 0, 10, 39.63, 383589
1648642683, 446, 1, 294, 144, 0, 7.93%, 1, 0, 10, 35.91, 383996
1648642688, 446, 251, 294, 144, 0, 7.93%, 1, 0, 10, 57.97, 384166
1648642709, 447, 262, 294, 144, 0, 7.93%, 1, 0, 10, 56.34, 385327
1648642714, 447, 262, 295, 145, 0, 7.93%, 1, 0, 10, 47.45, 385549
1648642724, 448, 251, 295, 145, 0, 7.93%, 1, 0, 10, 56.29, 386011
1648642745, 450, 151, 295, 145, 0, 7.93%, 1, 0, 10, 55.40, 387164
1648642750, 450, 204, 295, 145, 0, 7.93%, 1, 0, 10, 51.75, 387429
1648642780, 453, 70, 295, 145, 0, 7.93%, 1, 0, 10, 37.97, 388383
1648642785, 453, 182, 295, 145, 0, 7.93%, 1, 0, 10, 42.64, 388616
1648642821, 453, 251, 295, 145, 0, 7.93%, 1, 0, 10, 0.00, 389761
1648642846, 454, 294, 295, 145, 0, 7.93%, 1, 0, 10, 45.40, 391123
1648642872, 455, 269, 295, 144, 4294967295, 7.93%, 1, 0, 10, 39.17, 392173
1648642902, 456, 212, 295, 144, 4294967295, 7.93%, 1, 0, 10, 48.44, 393202
1648642907, 457, 268, 295, 144, 4294967295, 7.93%, 1, 0, 10, 47.03, 393446
1648642928, 458, 122, 295, 143, 4294967295, 7.93%, 1, 0, 10, 33.73, 394251
1648642963, 459, 268, 295, 143, 4294967295, 7.93%, 1, 0, 10, 34.38, 395366
1648642984, 460, 126, 295, 143, 4294967295, 7.93%, 1, 0, 10, 36.67, 396269
1648642994, 460, 212, 295, 143, 4294967295, 7.93%, 1, 0, 10, 57.77, 396620
1648642999, 462, 65, 295, 143, 4294967295, 7.93%, 1, 0, 10, 52.34, 396888
1648643004, 462, 257, 295, 143, 4294967295, 7.93%, 1, 0, 10, 43.86, 397114
1648643035, 463, 168, 295, 142, 4294967295, 7.93%, 1, 0, 10, 58.19, 398072
1648643040, 464, 216, 295, 142, 4294967295, 7.93%, 1, 0, 10, 56.15, 398365
1648643045, 465, 103, 295, 142, 4294967295, 7.93%, 1, 0, 10, 54.11, 398641
1648643055, 466, 137, 295, 142, 4294967295, 7.93%, 1, 0, 10, 40.63, 399025
1648643065, 466, 284, 295, 142, 4294967295, 7.93%, 1, 0, 10, 38.74, 399460
1648643107, 467, 26, 295, 141, 4294967294, 7.93%, 1, 0, 10, 49.88, 400837
1648643112, 467, 94, 295, 141, 4294967294, 7.93%, 1, 0, 10, 46.52, 401073
1648643122, 467, 128, 295, 141, 4294967294, 7.93%, 1, 0, 10, 39.49, 401520
1648643137, 468, 26, 295, 141, 4294967294, 7.93%, 1, 0, 10, 36.40, 402046
1648643142, 468, 287, 295, 141, 4294967294, 7.93%, 1, 0, 10, 50.52, 402322
1648643147, 468, 287, 296, 142, 4294967294, 7.93%, 1, 0, 11, 43.86, 402533
1648643183, 469, 104, 296, 141, 0, 7.93%, 1, 0, 11, 40.57, 404185
1648643193, 470, 26, 296, 141, 0, 7.93%, 1, 0, 11, 48.27, 404602
1648643198, 470, 227, 296, 141, 0, 7.93%, 1, 0, 11, 46.40, 404844
1648643219, 471, 60, 296, 141, 0, 7.93%, 1, 0, 11, 34.57, 405689
1648643229, 471, 212, 296, 141, 0, 7.93%, 1, 0, 11, 49.51, 406111
1648643234, 472, 120, 296, 141, 0, 7.93%, 1, 0, 11, 47.19, 406343
1648643239, 472, 200, 296, 141, 0, 7.93%, 1, 0, 11, 38.69, 406547
1648643275, 472, 251, 296, 141, 0, 7.93%, 1, 0, 11, 57.69, 407664
1648643300, 474, 92, 296, 141, 0, 7.93%, 1, 0, 11, 52.74, 409060
1648643305, 474, 275, 296, 141, 0, 7.93%, 1, 0, 11, 40.67, 409265
1648643351, 476, 211, 297, 142, 0, 7.93%, 1, 0, 11, 46.49, 410718
1648643361, 477, 93, 297, 142, 0, 7.93%, 1, 0, 11, 38.38, 411180
1648643397, 478, 26, 297, 141, 0, 7.93%, 1, 0, 11, 43.40, 412351
1648643402, 478, 294, 299, 143, 0, 7.97%, 1, 0, 11, 45.93, 412601
1648643432, 479, 257, 299, 143, 0, 7.97%, 1, 0, 11, 38.58, 413874
1648643453, 480, 210, 299, 143, 0, 7.97%, 1, 0, 11, 36.22, 414695
1648643488, 481, 168, 299, 142, 0, 7.97%, 1, 0, 11, 42.85, 415885
1648643493, 482, 259, 299, 142, 0, 7.97%, 1, 0, 11, 48.87, 416154
1648643514, 483, 168, 299, 142, 0, 7.97%, 1, 0, 11, 46.01, 417062
1648643519, 484, 114, 299, 142, 0, 7.97%, 1, 0, 11, 52.13, 417338
1648643534, 484, 154, 299, 142, 0, 7.97%, 1, 0, 11, 35.94, 418022
1648643560, 484, 168, 299, 142, 0, 7.97%, 1, 0, 11, 43.85, 418800
1648643570, 485, 133, 299, 142, 0, 7.97%, 1, 0, 11, 45.78, 419312
1648643580, 486, 130, 299, 142, 0, 7.97%, 1, 0, 11, 38.43, 419741
1648643621, 487, 26, 299, 142, 0, 7.97%, 1, 0, 11, 49.02, 421085
1648643626, 487, 191, 299, 142, 0, 7.97%, 1, 0, 11, 51.01, 421357
1648643646, 487, 192, 299, 142, 0, 7.97%, 1, 0, 11, 42.64, 422364
1648643682, 488, 168, 299, 142, 0, 7.97%, 1, 0, 11, 45.46, 423608
1648643687, 489, 157, 299, 142, 0, 7.97%, 1, 0, 11, 50.54, 423881
1648643707, 490, 120, 299, 142, 0, 7.97%, 1, 0, 11, 37.28, 424826
1648643717, 490, 145, 299, 142, 0, 7.97%, 1, 0, 11, 56.70, 425218
1648643723, 491, 173, 299, 142, 0, 7.97%, 1, 0, 11, 49.72, 425469
1648643748, 491, 183, 299, 142, 0, 7.97%, 1, 0, 11, 37.67, 426597
1648643784, 491, 251, 299, 142, 0, 7.97%, 1, 0, 11, 44.06, 427822
1648643805, 492, 135, 299, 142, 0, 7.97%, 1, 0, 11, 48.01, 428930
1648643815, 492, 268, 299, 142, 0, 7.97%, 1, 0, 11, 39.48, 429350
1648643841, 493, 168, 299, 142, 0, 7.97%, 1, 0, 11, 29.05, 430151
1648643851, 494, 99, 299, 142, 0, 7.97%, 1, 0, 11, 47.96, 430678
1648643856, 494, 296, 299, 142, 0, 7.97%, 1, 0, 11, 40.09, 430884
1648643871, 496, 172, 299, 141, 4294967295, 7.97%, 1, 0, 11, 36.21, 431415
1648643897, 497, 2, 299, 141, 4294967295, 7.97%, 1, 0, 11, 43.03, 432571
1648643907, 498, 141, 299, 141, 4294967295, 7.97%, 1, 0, 11, 37.87, 432912
1648643932, 498, 293, 299, 140, 4294967295, 7.97%, 1, 0, 11, 37.89, 434119
1648643968, 499, 26, 299, 139, 4294967295, 7.97%, 1, 0, 11, 40.90, 435278
1648643973, 499, 247, 299, 139, 4294967295, 7.97%, 1, 0, 11, 47.94, 435542
1648643989, 500, 113, 299, 139, 4294967295, 7.97%, 1, 0, 11, 37.04, 436141
1648643999, 501, 131, 299, 139, 4294967295, 7.97%, 1, 0, 11, 40.69, 436508
1648644019, 502, 124, 299, 139, 4294967295, 7.97%, 1, 0, 11, 33.64, 437342
1648644029, 504, 63, 299, 139, 4294967295, 7.97%, 1, 0, 11, 30.94, 437650
1648644040, 504, 201, 299, 139, 4294967295, 7.97%, 1, 0, 11, 35.06, 438065
1648644075, 504, 234, 299, 139, 4294967295, 7.97%, 1, 0, 11, 51.83, 439274
1648644085, 505, 228, 299, 139, 4294967295, 7.97%, 1, 0, 11, 47.49, 439803
1648644106, 506, 101, 299, 139, 4294967295, 7.97%, 1, 0, 11, 34.02, 440629
1648644116, 506, 168, 299, 139, 4294967295, 7.97%, 1, 0, 11, 44.26, 441008
1648644121, 507, 285, 299, 139, 4294967295, 7.97%, 1, 0, 11, 50.12, 441279
1648644146, 508, 89, 299, 138, 4294967294, 7.97%, 1, 0, 11, 39.19, 442497
1648644156, 508, 145, 299, 138, 4294967294, 7.97%, 1, 0, 11, 51.68, 442919
1648644161, 509, 173, 299, 138, 4294967294, 7.97%, 1, 0, 11, 47.41, 443158
1648644187, 510, 126, 299, 138, 4294967294, 7.97%, 1, 0, 11, 37.63, 444274
1648644197, 510, 145, 299, 138, 4294967294, 7.97%, 1, 0, 11, 47.03, 444669
1648644202, 511, 63, 299, 138, 4294967294, 7.97%, 1, 0, 11, 50.56, 444935
1648644207, 512, 131, 299, 138, 4294967294, 7.97%, 1, 0, 11, 46.19, 445172
1648644228, 513, 103, 299, 138, 4294967294, 7.97%, 1, 0, 11, 39.83, 446083
1648644238, 513, 212, 299, 138, 4294967294, 7.97%, 1, 0, 11, 51.98, 446546
1648644243, 514, 250, 299, 138, 4294967294, 7.97%, 1, 0, 11, 41.18, 446746
1648644263, 515, 204, 299, 137, 4294967294, 7.97%, 1, 0, 11, 34.65, 447557
1648644289, 516, 171, 299, 137, 4294967294, 7.97%, 1, 0, 11, 32.00, 448331
1648644314, 517, 105, 299, 137, 4294967294, 7.97%, 1, 0, 11, 41.59, 449498
1648644324, 518, 26, 299, 137, 4294967294, 7.97%, 1, 0, 11, 39.46, 449847
1648644329, 518, 251, 299, 137, 4294967294, 7.97%, 1, 0, 11, 51.80, 450128
1648644355, 519, 192, 299, 137, 4294967294, 7.97%, 1, 0, 11, 38.01, 451376
1648644385, 519, 251, 299, 137, 4294967294, 7.97%, 1, 0, 11, 35.03, 452431
1648644406, 521, 131, 299, 137, 4294967294, 7.97%, 1, 0, 11, 56.05, 453583
1648644416, 521, 206, 299, 137, 4294967294, 7.97%, 1, 0, 11, 38.89, 454007
1648644451, 523, 113, 299, 137, 4294967294, 7.97%, 1, 0, 11, 37.30, 455149
1648644457, 524, 72, 299, 137, 4294967294, 7.97%, 1, 0, 11, 40.49, 455369
1648644467, 525, 234, 299, 137, 4294967294, 7.97%, 1, 0, 11, 41.36, 455728
1648644472, 525, 234, 300, 138, 4294967294, 7.97%, 1, 0, 11, 48.94, 455988
1648644477, 525, 285, 301, 139, 0, 7.97%, 1, 0, 11, 20.09, 456216
1648644508, 528, 61, 301, 139, 0, 7.97%, 1, 0, 11, 43.23, 457438
1648644513, 528, 273, 301, 139, 0, 7.97%, 1, 0, 11, 44.71, 457674
1648644559, 529, 212, 301, 139, 0, 7.97%, 1, 0, 11, 47.99, 459173
1648644564, 530, 140, 301, 139, 0, 7.97%, 1, 0, 11, 47.80, 459421
1648644584, 531, 77, 301, 139, 0, 7.97%, 1, 0, 11, 45.11, 460373
1648644599, 531, 251, 301, 139, 0, 7.97%, 1, 0, 11, 57.55, 460963
1648644619, 533, 190, 301, 139, 0, 7.97%, 1, 0, 11, 53.74, 462082
1648644640, 534, 92, 301, 139, 0, 7.97%, 1, 0, 11, 41.57, 463085
1648644650, 534, 168, 301, 139, 0, 7.97%, 1, 0, 11, 44.22, 463466
1648644655, 535, 284, 301, 139, 0, 7.97%, 1, 0, 11, 49.20, 463732
1648644686, 536, 78, 301, 139, 0, 7.97%, 1, 0, 11, 34.47, 464944
1648644696, 537, 26, 301, 139, 0, 7.97%, 1, 0, 11, 48.96, 465365
1648644701, 537, 296, 301, 139, 0, 7.97%, 1, 0, 11, 49.56, 465620
1648644711, 538, 188, 301, 139, 0, 7.97%, 1, 0, 11, 40.06, 466090
1648644747, 539, 270, 301, 139, 0, 7.97%, 1, 0, 11, 40.28, 467333
1648644752, 539, 270, 302, 140, 0, 7.97%, 1, 0, 11, 42.93, 467553
1648644772, 540, 233, 302, 140, 0, 7.97%, 1, 0, 11, 37.48, 468377
1648644803, 541, 168, 302, 140, 0, 7.97%, 1, 0, 11, 56.37, 469404
1648644808, 542, 234, 302, 140, 0, 7.97%, 1, 0, 11, 54.44, 469681
1648644818, 543, 194, 302, 140, 0, 7.97%, 1, 0, 11, 42.28, 470188
1648644859, 543, 301, 303, 141, 0, 7.97%, 1, 0, 11, 53.38, 471535
1648644879, 544, 138, 303, 140, 0, 7.97%, 1, 0, 11, 49.06, 472641
1648644889, 545, 97, 303, 140, 0, 7.97%, 1, 0, 11, 40.94, 473101
1648644900, 545, 301, 303, 140, 0, 7.97%, 1, 0, 11, 38.94, 473450
1648644920, 546, 245, 303, 140, 0, 7.97%, 1, 0, 11, 54.20, 474579
1648644935, 547, 110, 303, 140, 0, 7.97%, 1, 0, 11, 35.58, 475181
1648644945, 548, 105, 303, 140, 0, 7.97%, 1, 0, 11, 37.57, 475530
1648644956, 548, 260, 303, 140, 0, 7.97%, 1, 0, 11, 37.09, 475966
1648644981, 549, 234, 303, 140, 0, 7.97%, 1, 0, 11, 45.38, 476767
1648644991, 550, 260, 303, 140, 0, 7.97%, 1, 0, 11, 49.23, 477310
1648645012, 551, 154, 303, 140, 0, 7.97%, 1, 0, 11, 37.79, 478171
1648645042, 552, 26, 303, 140, 0, 7.97%, 1, 0, 11, 47.27, 479200
1648645047, 553, 50, 303, 140, 0, 7.97%, 1, 0, 11, 47.03, 479446
1648645053, 553, 177, 303, 140, 0, 7.97%, 1, 0, 11, 37.64, 479639
1648645083, 553, 212, 303, 140, 0, 7.97%, 1, 0, 11, 46.61, 480643
1648645088, 555, 156, 303, 140, 0, 7.97%, 1, 0, 11, 45.66, 480886
1648645109, 555, 299, 303, 140, 0, 7.97%, 1, 0, 11, 38.49, 481769
1648645134, 555, 301, 303, 139, 0, 7.97%, 1, 0, 11, 50.39, 482653
1648645155, 557, 94, 303, 139, 0, 7.97%, 1, 0, 11, 50.59, 483785
1648645165, 558, 18, 303, 139, 0, 7.97%, 1, 0, 11, 43.95, 484249
1648645175, 558, 301, 303, 139, 0, 7.97%, 1, 0, 11, 46.37, 484592
1648645195, 560, 61, 303, 139, 0, 7.97%, 1, 0, 11, 54.98, 485730
1648645206, 560, 105, 303, 139, 0, 7.97%, 1, 0, 11, 35.61, 486138
1648645211, 560, 168, 303, 139, 0, 7.97%, 1, 0, 11, 33.94, 486301
1648645221, 561, 230, 303, 139, 0, 7.97%, 1, 0, 11, 45.35, 486811
1648645231, 562, 92, 303, 139, 0, 7.97%, 1, 0, 11, 37.54, 487219
1648645241, 562, 251, 303, 139, 0, 7.97%, 1, 0, 11, 42.53, 487592
1648645262, 563, 201, 303, 139, 0, 7.97%, 1, 0, 11, 52.34, 488722
1648645287, 564, 88, 303, 139, 0, 7.97%, 1, 0, 11, 38.04, 489886
1648645307, 564, 145, 303, 138, 0, 7.97%, 1, 0, 11, 47.23, 490598
1648645312, 565, 94, 303, 138, 0, 7.97%, 1, 0, 11, 48.86, 490848
1648645318, 565, 271, 303, 138, 0, 7.97%, 1, 0, 11, 43.22, 491079
1648645364, 568, 167, 303, 138, 0, 7.97%, 1, 0, 11, 40.41, 492532
1648645389, 569, 132, 303, 138, 0, 7.97%, 1, 0, 11, 34.09, 493652
1648645399, 569, 212, 303, 138, 0, 7.97%, 1, 0, 11, 49.69, 494064
1648645404, 570, 99, 303, 138, 0, 7.97%, 1, 0, 11, 45.22, 494291
1648645409, 570, 269, 303, 138, 0, 7.97%, 1, 0, 11, 40.23, 494502
1648645435, 573, 26, 303, 138, 0, 7.97%, 1, 0, 11, 36.30, 495350
1648645440, 573, 155, 303, 138, 0, 7.97%, 1, 0, 11, 44.87, 495600
1648645471, 573, 212, 303, 138, 0, 7.97%, 1, 0, 11, 39.46, 496559
1648645476, 575, 20, 303, 138, 0, 7.97%, 1, 0, 11, 48.84, 496826
1648645481, 575, 180, 303, 138, 0, 7.97%, 1, 0, 11, 45.15, 497058
1648645512, 575, 212, 303, 138, 0, 7.97%, 1, 0, 11, 34.15, 497966
1648645517, 577, 94, 303, 138, 0, 7.97%, 1, 0, 11, 49.61, 498242
1648645527, 577, 140, 303, 138, 0, 7.97%, 1, 0, 11, 36.89, 498664
1648645563, 577, 230, 303, 138, 0, 7.97%, 1, 0, 11, 37.28, 499819
1648645578, 578, 186, 303, 138, 0, 7.97%, 1, 0, 11, 33.44, 500426
1648645604, 579, 217, 303, 138, 0, 7.97%, 1, 0, 11, 34.26, 501217
1648645629, 579, 284, 303, 138, 0, 7.97%, 1, 0, 11, 39.97, 502412
1648645665, 580, 212, 303, 138, 0, 7.97%, 1, 0, 11, 44.10, 503529
1648645670, 581, 296, 304, 139, 0, 7.99%, 1, 0, 11, 52.04, 503817
1648645686, 582, 267, 304, 139, 0, 7.99%, 1, 0, 11, 38.88, 504557
1648645712, 583, 234, 304, 139, 0, 7.99%, 1, 0, 11, 57.27, 505363
1648645722, 584, 267, 304, 139, 0, 7.99%, 1, 0, 11, 49.88, 505920
1648645743, 585, 190, 304, 139, 0, 7.99%, 1, 0, 11, 37.34, 506759
1648645778, 586, 26, 304, 139, 0, 7.99%, 1, 0, 11, 45.12, 508019
1648645784, 586, 299, 304, 139, 0, 7.99%, 1, 0, 11, 47.65, 508275
1648645804, 587, 129, 304, 139, 0, 7.99%, 1, 0, 11, 36.32, 509172
1648645840, 587, 145, 304, 139, 0, 7.99%, 1, 0, 11, 52.52, 510422
1648645845, 588, 185, 304, 139, 0, 7.99%, 1, 0, 11, 48.80, 510669
1648645870, 589, 162, 304, 139, 0, 7.99%, 1, 0, 11, 35.21, 511775
1648645901, 590, 145, 304, 139, 0, 7.99%, 1, 0, 11, 48.41, 512775
1648645906, 591, 288, 304, 139, 0, 7.99%, 1, 0, 11, 46.39, 513013
1648645937, 592, 240, 304, 138, 0, 7.99%, 1, 0, 11, 34.63, 514274
1648645952, 593, 279, 304, 138, 0, 7.99%, 1, 0, 11, 33.07, 514749
1648645972, 594, 192, 304, 137, 4294967295, 7.99%, 1, 0, 11, 38.95, 515692
1648646008, 595, 168, 304, 137, 4294967295, 7.99%, 1, 0, 11, 49.81, 516940
1648646013, 595, 227, 304, 137, 4294967295, 7.99%, 1, 0, 11, 48.83, 517194
1648646023, 595, 227, 305, 138, 4294967295, 7.99%, 1, 0, 11, 44.78, 517646
1648646033, 596, 210, 305, 138, 0, 7.99%, 1, 0, 11, 38.46, 518067
1648646069, 597, 145, 305, 138, 0, 7.99%, 1, 0, 11, 35.71, 519212
1648646074, 598, 164, 305, 138, 0, 7.99%, 1, 0, 11, 48.01, 519489
1648646095, 598, 304, 306, 139, 0, 7.99%, 1, 0, 11, 28.30, 520332
1648646125, 599, 168, 306, 138, 0, 7.99%, 1, 0, 11, 40.14, 521539
1648646136, 600, 135, 306, 138, 0, 7.99%, 1, 0, 11, 44.56, 522039
1648646146, 600, 246, 306, 138, 0, 7.99%, 1, 0, 11, 34.09, 522419
1648646161, 601, 168, 306, 138, 0, 7.99%, 1, 0, 11, 39.18, 522928
1648646166, 602, 193, 306, 138, 0, 7.99%, 1, 0, 11, 50.96, 523203
1648646192, 602, 250, 306, 138, 0, 7.99%, 1, 0, 11, 38.08, 524417
1648646223, 603, 145, 306, 138, 0, 7.99%, 1, 0, 11, 42.32, 525368
1648646228, 604, 262, 306, 138, 0, 7.99%, 1, 0, 11, 47.24, 525626
1648646243, 604, 267, 306, 138, 0, 7.99%, 1, 0, 11, 35.36, 526234
1648646269, 605, 251, 306, 138, 0, 7.99%, 1, 0, 11, 33.96, 527012
1648646294, 606, 252, 306, 138, 0, 7.99%, 1, 0, 11, 52.74, 528403
1648646309, 607, 179, 306, 137, 4294967295, 7.99%, 1, 0, 11, 37.81, 529141
1648646335, 607, 212, 306, 137, 4294967295, 7.99%, 1, 0, 11, 31.98, 529921
1648646340, 609, 24, 306, 137, 4294967295, 7.99%, 1, 0, 11, 50.29, 530203
1648646350, 609, 97, 306, 137, 4294967295, 7.99%, 1, 0, 11, 35.86, 530613
1648646360, 609, 301, 306, 137, 4294967295, 7.99%, 1, 0, 11, 56.91, 531024
1648646380, 610, 230, 306, 137, 4294967295, 7.99%, 1, 0, 11, 49.26, 532133
1648646396, 611, 135, 306, 137, 4294967295, 7.99%, 1, 0, 11, 32.56, 532703
1648646406, 612, 127, 306, 137, 4294967295, 7.99%, 1, 0, 11, 34.54, 533031
1648646416, 612, 156, 306, 137, 4294967295, 7.99%, 1, 0, 11, 39.39, 533454
1648646447, 612, 168, 306, 137, 4294967295, 7.99%, 1, 0, 11, 47.99, 534462
1648646452, 612, 250, 306, 137, 4294967295, 7.99%, 1, 0, 11, 46.73, 534714
1648646473, 613, 3, 306, 137, 4294967295, 7.99%, 1, 0, 11, 36.75, 535558
1648646483, 613, 26, 306, 137, 4294967295, 7.99%, 1, 0, 11, 44.35, 535939
1648646488, 614, 26, 306, 137, 4294967295, 7.99%, 1, 0, 11, 52.13, 536215
1648646493, 614, 200, 306, 137, 4294967295, 7.99%, 1, 0, 11, 42.04, 536439
1648646534, 614, 234, 306, 137, 4294967295, 7.99%, 1, 0, 11, 57.03, 537778
1648646544, 615, 231, 306, 137, 4294967295, 7.99%, 1, 0, 11, 48.66, 538304
1648646554, 616, 178, 306, 137, 4294967295, 7.99%, 1, 0, 11, 39.91, 538714
1648646585, 617, 145, 306, 137, 4294967295, 7.99%, 1, 0, 11, 45.52, 539755
1648646590, 618, 121, 306, 137, 4294967295, 7.99%, 1, 0, 11, 46.64, 540004
1648646595, 618, 127, 306, 137, 4294967295, 7.99%, 1, 0, 11, 43.17, 540231
1648646610, 619, 26, 306, 137, 4294967295, 7.99%, 1, 0, 11, 39.16, 540731
1648646615, 619, 247, 306, 137, 4294967295, 7.99%, 1, 0, 11, 48.60, 540999
1648646631, 620, 251, 306, 137, 4294967295, 7.99%, 1, 0, 11, 41.31, 541622
1648646651, 621, 244, 306, 137, 4294967295, 7.99%, 1, 0, 11, 53.83, 542753
1648646666, 621, 283, 307, 138, 4294967295, 7.99%, 1, 0, 11, 32.05, 543367
1648646697, 622, 26, 307, 137, 0, 7.99%, 1, 0, 11, 44.37, 544563
1648646702, 622, 294, 307, 137, 0, 7.99%, 1, 0, 11, 48.99, 544826
1648646707, 622, 294, 308, 138, 0, 8.00%, 1, 0, 11, 44.00, 545042
1648646732, 623, 53, 308, 138, 0, 8.00%, 1, 0, 11, 33.18, 546050
1648646742, 623, 234, 308, 138, 0, 8.00%, 1, 0, 11, 56.18, 546471
1648646752, 624, 301, 308, 138, 0, 8.00%, 1, 0, 11, 51.72, 547014
1648646773, 625, 128, 308, 138, 0, 8.00%, 1, 0, 11, 45.70, 547967
1648646788, 625, 301, 308, 138, 0, 8.00%, 1, 0, 11, 50.82, 548568
1648646808, 626, 252, 308, 138, 0, 8.00%, 1, 0, 11, 53.55, 549689
1648646823, 627, 227, 308, 138, 0, 8.00%, 1, 0, 11, 40.53, 550443
1648646849, 628, 212, 308, 138, 0, 8.00%, 1, 0, 11, 33.41, 551257
1648646854, 630, 2, 308, 138, 0, 8.00%, 1, 0, 11, 50.23, 551536
1648646864, 630, 156, 308, 138, 0, 8.00%, 1, 0, 11, 35.35, 551928
1648646890, 630, 212, 308, 138, 0, 8.00%, 1, 0, 11, 27.98, 552683
1648646895, 631, 305, 308, 138, 0, 8.00%, 1, 0, 11, 50.07, 552975
1648646911, 632, 0, 308, 137, 0, 8.00%, 1, 0, 11, 38.79, 553687
1648646916, 632, 145, 308, 137, 0, 8.00%, 1, 0, 11, 36.51, 553861
1648646921, 632, 232, 308, 137, 0, 8.00%, 1, 0, 11, 49.94, 554139
1648646941, 633, 201, 308, 137, 0, 8.00%, 1, 0, 11, 40.34, 555021
1648646982, 634, 168, 308, 137, 0, 8.00%, 1, 0, 11, 49.67, 556417
1648646987, 635, 92, 308, 137, 0, 8.00%, 1, 0, 11, 50.68, 556688
1648646992, 636, 79, 308, 137, 0, 8.00%, 1, 0, 11, 39.36, 556891
1648647002, 636, 251, 308, 137, 0, 8.00%, 1, 0, 11, 42.93, 557254
1648647023, 638, 70, 308, 137, 0, 8.00%, 1, 0, 11, 50.96, 558398
1648647028, 638, 154, 308, 137, 0, 8.00%, 1, 0, 11, 43.10, 558621
1648647058, 639, 62, 308, 137, 0, 8.00%, 1, 0, 11, 42.03, 559627
1648647064, 639, 178, 308, 137, 0, 8.00%, 1, 0, 11, 36.53, 559823
1648647089, 640, 94, 308, 137, 0, 8.00%, 1, 0, 11, 32.86, 560622
1648647099, 641, 1, 308, 137, 0, 8.00%, 1, 0, 11, 38.95, 561058
1648647109, 641, 168, 308, 137, 0, 8.00%, 1, 0, 11, 50.19, 561497
1648647114, 642, 277, 308, 137, 0, 8.00%, 1, 0, 11, 44.22, 561727
1648647145, 643, 102, 308, 137, 0, 8.00%, 1, 0, 11, 35.54, 563035
1648647181, 643, 234, 308, 136, 0, 8.00%, 1, 0, 11, 49.64, 564291
1648647191, 644, 233, 308, 136, 0, 8.00%, 1, 0, 11, 47.30, 564808
1648647211, 644, 245, 308, 136, 0, 8.00%, 1, 0, 11, 34.50, 565652
1648647227, 645, 234, 308, 136, 0, 8.00%, 1, 0, 11, 54.52, 566144
1648647237, 646, 205, 308, 136, 0, 8.00%, 1, 0, 11, 53.72, 566717
1648647262, 647, 63, 308, 136, 0, 8.00%, 1, 0, 11, 43.12, 567850
1648647273, 647, 145, 308, 136, 0, 8.00%, 1, 0, 11, 41.58, 568217
1648647278, 647, 246, 308, 136, 0, 8.00%, 1, 0, 11, 49.38, 568485
1648647293, 648, 130, 308, 136, 0, 8.00%, 1, 0, 11, 35.31, 569096
1648647303, 648, 145, 308, 136, 0, 8.00%, 1, 0, 11, 57.54, 569464
1648647308, 649, 188, 308, 136, 0, 8.00%, 1, 0, 11, 53.77, 569745
1648647334, 650, 156, 308, 136, 0, 8.00%, 1, 0, 11, 35.90, 570921
1648647359, 652, 91, 308, 136, 0, 8.00%, 1, 0, 11, 38.00, 571736
1648647369, 652, 97, 308, 135, 0, 8.00%, 1, 0, 11, 48.44, 572278
1648647380, 652, 168, 308, 135, 0, 8.00%, 1, 0, 11, 54.73, 572618
1648647390, 653, 267, 308, 135, 0, 8.00%, 1, 0, 11, 45.62, 573119
1648647410, 654, 176, 308, 135, 0, 8.00%, 1, 0, 11, 37.55, 573967
1648647436, 654, 301, 308, 135, 0, 8.00%, 1, 0, 11, 39.96, 574772
1648647456, 655, 271, 308, 135, 0, 8.00%, 1, 0, 11, 51.66, 575902
1648647487, 655, 272, 308, 135, 0, 8.00%, 1, 0, 11, 37.36, 577245
1648647533, 656, 145, 308, 135, 0, 8.00%, 1, 0, 11, 56.64, 578704
1648647538, 656, 233, 308, 135, 0, 8.00%, 1, 0, 11, 47.23, 578939
1648647559, 656, 283, 308, 135, 0, 8.00%, 1, 0, 11, 38.17, 579807
1648647589, 657, 251, 308, 135, 0, 8.00%, 1, 0, 11, 51.89, 581052
1648647609, 659, 50, 308, 135, 0, 8.00%, 1, 0, 11, 49.87, 582150
1648647614, 659, 141, 308, 135, 0, 8.00%, 1, 0, 11, 39.00, 582345
1648647650, 660, 176, 308, 135, 0, 8.00%, 1, 0, 11, 38.33, 583555
1648647671, 660, 191, 308, 135, 0, 8.00%, 1, 0, 11, 36.73, 584376
1648647707, 661, 145, 308, 135, 0, 8.00%, 1, 0, 11, 50.48, 585683
1648647712, 662, 296, 308, 135, 0, 8.00%, 1, 0, 11, 51.80, 585947
1648647722, 663, 227, 308, 135, 0, 8.00%, 1, 0, 11, 40.73, 586428
1648647747, 664, 200, 308, 135, 0, 8.00%, 1, 0, 11, 36.01, 587253
1648647773, 664, 206, 308, 135, 0, 8.00%, 1, 0, 11, 43.55, 588406
1648647808, 666, 123, 308, 135, 0, 8.00%, 1, 0, 11, 33.34, 589565
1648647819, 667, 73, 308, 135, 0, 8.00%, 1, 0, 11, 33.70, 589958
1648647829, 667, 168, 308, 135, 0, 8.00%, 1, 0, 11, 51.29, 590369
1648647834, 668, 155, 308, 135, 0, 8.00%, 1, 0, 11, 45.63, 590608
1648647854, 668, 232, 308, 135, 0, 8.00%, 1, 0, 11, 34.50, 591460
1648647880, 669, 145, 308, 135, 0, 8.00%, 1, 0, 11, 41.31, 592306
1648647885, 670, 193, 308, 135, 0, 8.00%, 1, 0, 11, 51.49, 592584
1648647910, 670, 275, 308, 135, 0, 8.00%, 1, 0, 11, 41.71, 593783
1648647951, 671, 168, 308, 135, 0, 8.00%, 1, 0, 11, 39.95, 595032
1648647956, 671, 267, 308, 135, 0, 8.00%, 1, 0, 11, 48.76, 595300
1648647977, 672, 70, 308, 135, 0, 8.00%, 1, 0, 11, 39.62, 596159
1648647987, 672, 145, 308, 135, 0, 8.00%, 1, 0, 11, 41.24, 596528
1648647992, 673, 138, 308, 135, 0, 8.00%, 1, 0, 11, 50.74, 596803
1648648007, 674, 145, 308, 135, 0, 8.00%, 1, 0, 11, 53.52, 597569
1648648012, 675, 201, 308, 135, 0, 8.00%, 1, 0, 11, 46.84, 597798
1648648032, 676, 99, 308, 135, 0, 8.00%, 1, 0, 11, 41.15, 598735
1648648043, 677, 162, 308, 135, 0, 8.00%, 1, 0, 11, 32.31, 599053
1648648063, 677, 231, 308, 135, 0, 8.00%, 1, 0, 11, 40.05, 599922
1648648084, 679, 72, 308, 135, 0, 8.00%, 1, 0, 11, 43.12, 600626
1648648089, 680, 9, 308, 135, 0, 8.00%, 1, 0, 11, 38.27, 600821
1648648099, 680, 145, 308, 135, 0, 8.00%, 1, 0, 11, 46.63, 601214
1648648104, 681, 121, 308, 135, 0, 8.00%, 1, 0, 11, 47.98, 601466
1648648109, 682, 50, 308, 135, 0, 8.00%, 1, 0, 11, 41.95, 601685
1648648119, 683, 18, 308, 135, 0, 8.00%, 1, 0, 11, 34.33, 602002
1648648125, 683, 110, 308, 135, 0, 8.00%, 1, 0, 11, 44.77, 602243
1648648140, 684, 273, 308, 135, 0, 8.00%, 1, 0, 11, 38.91, 602778
1648648166, 685, 174, 308, 135, 0, 8.00%, 1, 0, 11, 41.87, 603932
1648648196, 685, 301, 308, 135, 0, 8.00%, 1, 0, 11, 41.77, 604893
1648648216, 687, 127, 308, 135, 0, 8.00%, 1, 0, 11, 50.66, 606007
1648648227, 687, 230, 308, 135, 0, 8.00%, 1, 0, 11, 35.50, 606407
1648648242, 687, 251, 308, 135, 0, 8.00%, 1, 0, 11, 57.02, 606913
1648648262, 688, 250, 308, 135, 0, 8.00%, 1, 0, 11, 51.17, 608028
1648648288, 689, 140, 308, 135, 0, 8.00%, 1, 0, 11, 33.31, 609029
1648648324, 691, 110, 308, 135, 0, 8.00%, 1, 0, 11, 41.93, 610221
1648648329, 691, 186, 308, 135, 0, 8.00%, 1, 0, 11, 36.99, 610418
1648648344, 691, 301, 308, 135, 0, 8.00%, 1, 0, 11, 47.18, 610967
1648648364, 693, 50, 308, 135, 0, 8.00%, 1, 0, 11, 49.54, 612072
1648648369, 693, 154, 308, 135, 0, 8.00%, 1, 0, 11, 40.93, 612284
1648648400, 694, 212, 308, 135, 0, 8.00%, 1, 0, 11, 47.05, 613297
1648648405, 694, 230, 308, 135, 0, 8.00%, 1, 0, 11, 38.19, 613497
1648648425, 695, 168, 308, 135, 0, 8.00%, 1, 0, 11, 52.16, 614227
1648648431, 695, 284, 308, 135, 0, 8.00%, 1, 0, 11, 46.61, 614465
1648648456, 696, 140, 308, 135, 0, 8.00%, 1, 0, 11, 40.00, 615507
1648648476, 696, 168, 308, 135, 0, 8.00%, 1, 0, 11, 45.05, 616217
1648648481, 697, 130, 308, 135, 0, 8.00%, 1, 0, 11, 48.83, 616479
1648648491, 697, 275, 308, 135, 0, 8.00%, 1, 0, 11, 37.87, 616887
1648648532, 697, 301, 308, 135, 0, 8.00%, 1, 0, 11, 32.82, 618090
1648648553, 698, 130, 308, 135, 0, 8.00%, 1, 0, 11, 55.82, 619224
1648648563, 698, 270, 308, 135, 0, 8.00%, 1, 0, 11, 37.62, 619648
1648648599, 700, 179, 308, 135, 0, 8.00%, 1, 0, 11, 32.28, 620761
1648648619, 700, 259, 308, 135, 0, 8.00%, 1, 0, 11, 42.65, 621641
1648648650, 702, 181, 308, 135, 0, 8.00%, 1, 0, 11, 45.24, 622700
1648648670, 703, 132, 308, 135, 0, 8.00%, 1, 0, 11, 41.67, 623732
1648648680, 703, 212, 308, 135, 0, 8.00%, 1, 0, 11, 57.03, 624064
1648648685, 704, 234, 309, 136, 0, 8.00%, 1, 0, 11, 55.67, 624343
1648648690, 704, 234, 310, 137, 0, 8.00%, 1, 0, 11, 51.96, 624607
1648648695, 705, 223, 310, 137, 0, 8.00%, 1, 0, 11, 50.20, 624875
1648648726, 706, 26, 310, 137, 0, 8.00%, 1, 0, 11, 47.14, 625912
1648648731, 706, 223, 310, 137, 0, 8.00%, 1, 0, 11, 44.56, 626147
1648648751, 706, 258, 310, 137, 0, 8.00%, 1, 0, 11, 36.88, 626988
1648648777, 707, 26, 310, 137, 0, 8.00%, 1, 0, 11, 34.33, 627792
1648648782, 708, 153, 310, 137, 0, 8.00%, 1, 0, 11, 50.96, 628074
1648648807, 708, 156, 310, 137, 0, 8.00%, 1, 0, 11, 38.47, 629322
1648648817, 709, 26, 310, 137, 0, 8.00%, 1, 0, 11, 46.05, 629708
1648648823, 709, 176, 310, 137, 0, 8.00%, 1, 0, 11, 48.26, 629963
1648648843, 709, 277, 310, 137, 0, 8.00%, 1, 0, 11, 39.67, 630862
1648648884, 711, 141, 310, 137, 0, 8.00%, 1, 0, 11, 36.07, 632087
1648648909, 711, 162, 310, 137, 0, 8.00%, 1, 0, 11, 38.25, 633283
1648648940, 711, 168, 310, 137, 0, 8.00%, 1, 0, 11, 49.32, 634318
1648648945, 711, 203, 310, 137, 0, 8.00%, 1, 0, 11, 52.55, 634589
1648648955, 711, 283, 310, 137, 0, 8.00%, 1, 0, 11, 38.96, 635088
1648648986, 712, 145, 310, 137, 0, 8.00%, 1, 0, 11, 47.20, 636297
1648648991, 713, 125, 310, 137, 0, 8.00%, 1, 0, 11, 47.78, 636549
1648648996, 714, 97, 310, 137, 0, 8.00%, 1, 0, 11, 41.95, 636763
1648649011, 715, 188, 310, 137, 0, 8.00%, 1, 0, 11, 47.12, 637346
1648649031, 716, 179, 311, 138, 0, 8.01%, 1, 0, 11, 40.97, 638328
1648649047, 716, 291, 311, 138, 0, 8.01%, 1, 0, 11, 41.86, 638840
1648649052, 716, 291, 312, 139, 0, 8.01%, 1, 0, 11, 49.80, 639103
1648649072, 717, 176, 312, 138, 0, 8.01%, 1, 0, 11, 34.88, 640039
1648649098, 717, 212, 312, 138, 0, 8.01%, 1, 0, 11, 55.98, 640833
1648649103, 718, 178, 312, 138, 0, 8.01%, 1, 0, 11, 53.24, 641104
1648649123, 718, 267, 312, 138, 0, 8.01%, 1, 0, 11, 40.25, 642008
1648649154, 719, 168, 312, 138, 0, 8.01%, 1, 0, 11, 56.18, 642987
1648649159, 720, 268, 312, 138, 0, 8.01%, 1, 0, 11, 48.30, 643238
1648649180, 721, 77, 312, 138, 0, 8.01%, 1, 0, 11, 36.76, 644101
1648649190, 721, 301, 312, 138, 0, 8.01%, 1, 0, 11, 46.59, 644495
1648649210, 723, 180, 312, 138, 0, 8.01%, 1, 0, 11, 48.66, 645579
1648649230, 724, 128, 312, 138, 0, 8.01%, 1, 0, 11, 37.36, 646419
1648649240, 724, 211, 312, 138, 0, 8.01%, 1, 0, 11, 42.15, 646793
1648649251, 724, 269, 312, 138, 0, 8.01%, 1, 0, 11, 48.44, 647321
1648649281, 725, 212, 312, 138, 0, 8.01%, 1, 0, 11, 45.07, 648339
1648649286, 726, 260, 312, 138, 0, 8.01%, 1, 0, 11, 44.72, 648571
1648649307, 727, 127, 312, 138, 0, 8.01%, 1, 0, 11, 36.37, 649379
1648649317, 728, 26, 312, 138, 0, 8.01%, 1, 0, 11, 41.79, 649733
1648649322, 729, 52, 312, 138, 0, 8.01%, 1, 0, 11, 51.10, 650007
1648649327, 729, 254, 312, 137, 0, 8.01%, 1, 0, 11, 43.47, 650239
1648649348, 730, 145, 312, 136, 0, 8.01%, 1, 0, 11, 45.64, 650943
1648649353, 731, 140, 312, 136, 0, 8.01%, 1, 0, 11, 47.03, 651193
1648649363, 731, 200, 312, 136, 0, 8.01%, 1, 0, 11, 43.04, 651664
1648649404, 732, 145, 312, 136, 0, 8.01%, 1, 0, 11, 45.47, 652980
1648649409, 732, 277, 312, 136, 0, 8.01%, 1, 0, 11, 45.14, 653222
1648649440, 735, 72, 312, 136, 0, 8.01%, 1, 0, 11, 47.23, 654589
1648649445, 735, 266, 312, 136, 0, 8.01%, 1, 0, 11, 37.91, 654781
1648649465, 736, 145, 312, 136, 0, 8.01%, 1, 0, 11, 52.65, 655529
1648649470, 737, 188, 312, 136, 0, 8.01%, 1, 0, 11, 50.81, 655782
1648649491, 737, 295, 312, 136, 0, 8.01%, 1, 0, 11, 41.54, 656781
1648649552, 737, 301, 312, 135, 0, 8.01%, 1, 0, 11, 42.55, 658616
1648649572, 739, 175, 312, 135, 0, 8.01%, 1, 0, 11, 51.23, 659741
1648649598, 739, 268, 312, 135, 0, 8.01%, 1, 0, 11, 40.85, 660872
1648649629, 740, 251, 312, 135, 0, 8.01%, 1, 0, 11, 51.97, 661917
