# unix_time, cycles_done, cur_path, paths_total, pending_total, pending_favs, map_size, unique_crashes, unique_hangs, max_depth, execs_per_sec, total_execs
1648633205, 0, 1, 5, 5, 2, 7.08%, 0, 0, 2, 29.73, 65
1648633210, 0, 1, 23, 23, 2, 7.48%, 0, 0, 2, 42.10, 298
1648633216, 0, 1, 42, 42, 2, 7.57%, 0, 0, 2, 48.72, 561
1648633221, 0, 14, 55, 54, 1, 7.71%, 0, 0, 3, 42.13, 798
1648633226, 0, 14, 58, 57, 1, 7.72%, 0, 0, 3, 34.76, 967
1648633231, 0, 16, 59, 57, 0, 7.72%, 0, 0, 3, 34.95, 1137
1648633236, 0, 51, 62, 59, 0, 7.72%, 0, 0, 4, 50.36, 1421
1648633241, 1, 0, 66, 62, 6, 7.72%, 0, 0, 4, 50.41, 1684
1648633246, 1, 0, 67, 63, 6, 7.73%, 0, 0, 4, 36.96, 1855
1648633251, 2, 10, 67, 62, 0, 7.73%, 0, 0, 4, 43.90, 2068
1648633256, 3, 0, 67, 61, 4294967295, 7.73%, 0, 0, 4, 42.85, 2301
1648633266, 4, 2, 78, 72, 4294967295, 7.74%, 0, 0, 4, 42.35, 2691
1648633272, 5, 77, 81, 74, 6, 7.74%, 0, 0, 4, 40.93, 2903
1648633277, 5, 77, 95, 88, 6, 7.76%, 0, 0, 4, 40.18, 3105
1648633282, 5, 77, 101, 94, 6, 7.77%, 0, 0, 4, 40.54, 3313
1648633287, 7, 48, 104, 96, 5, 7.77%, 0, 0, 4, 42.50, 3531
1648633292, 7, 55, 104, 95, 5, 7.77%, 0, 0, 4, 53.13, 3824
1648633297, 7, 55, 108, 99, 5, 7.79%, 0, 0, 4, 53.54, 4096
1648633302, 7, 90, 109, 99, 3, 7.79%, 0, 0, 4, 36.61, 4259
1648633313, 7, 105, 110, 99, 3, 7.79%, 0, 0, 5, 29.35, 4567
1648633338, 8, 87, 120, 108, 0, 7.79%, 0, 0, 5, 46.10, 5944
1648633343, 8, 87, 127, 115, 0, 7.79%, 0, 0, 5, 46.67, 6167
1648633349, 9, 51, 129, 116, 3, 7.80%, 0, 0, 5, 39.42, 6374
1648633359, 10, 48, 129, 116, 3, 7.80%, 0, 0, 5, 50.02, 6805
1648633364, 10, 90, 137, 124, 3, 7.80%, 0, 0, 5, 43.74, 7028
1648633369, 10, 90, 140, 127, 3, 7.81%, 0, 0, 5, 42.88, 7242
1648633374, 10, 91, 141, 128, 3, 7.81%, 0, 0, 5, 31.90, 7395
1648633384, 11, 16, 141, 127, 3, 7.81%, 0, 0, 5, 28.73, 7696
1648633389, 11, 66, 141, 127, 3, 7.81%, 0, 0, 5, 51.01, 7991
1648633395, 11, 66, 143, 129, 3, 7.81%, 0, 0, 5, 54.51, 8274
1648633400, 11, 122, 143, 128, 3, 7.81%, 0, 0, 5, 37.06, 8445
1648633410, 11, 122, 144, 129, 3, 7.81%, 0, 0, 5, 30.06, 8748
1648633430, 11, 133, 145, 129, 0, 7.81%, 0, 0, 5, 58.13, 9421
1648633451, 12, 51, 147, 130, 0, 7.81%, 0, 0, 5, 54.36, 10582
1648633456, 12, 138, 148, 131, 4, 7.81%, 0, 0, 5, 27.39, 10753
1648633486, 13, 133, 148, 130, 4, 7.81%, 0, 0, 5, 50.62, 11791
1648633507, 14, 95, 154, 136, 4, 7.81%, 0, 0, 5, 45.47, 12890
1648633512, 14, 95, 156, 138, 4, 7.81%, 0, 0, 5, 43.88, 13115
1648633517, 15, 105, 156, 137, 4, 7.81%, 0, 0, 5, 58.45, 13372
1648633527, 16, 80, 158, 139, 4, 7.81%, 0, 0, 5, 51.54, 13932
1648633532, 16, 80, 160, 141, 4, 7.81%, 0, 0, 5, 46.75, 14168
1648633537, 16, 154, 162, 142, 4, 7.81%, 0, 0, 5, 35.97, 14355
1648633552, 16, 154, 163, 143, 4, 7.81%, 0, 0, 5, 30.17, 14823
1648633568, 17, 48, 163, 142, 0, 7.81%, 0, 0, 5, 56.68, 15398
1648633573, 18, 116, 166, 145, 0, 7.81%, 0, 0, 5, 47.72, 15628
1648633578, 18, 116, 169, 148, 0, 7.81%, 0, 0, 5, 45.81, 15853
1648633583, 18, 116, 171, 150, 0, 7.81%, 0, 0, 5, 45.02, 16087
1648633593, 18, 164, 171, 149, 3, 7.81%, 0, 0, 5, 35.14, 16491
1648633619, 19, 60, 172, 149, 2, 7.81%, 0, 0, 5, 34.17, 17278
1648633624, 20, 164, 172, 148, 0, 7.81%, 0, 0, 5, 52.65, 17575
1648633629, 20, 164, 177, 153, 0, 7.81%, 0, 0, 6, 45.54, 17799
1648633639, 20, 164, 178, 154, 0, 7.81%, 0, 0, 6, 45.91, 18275
1648633644, 20, 164, 179, 155, 0, 7.85%, 0, 0, 6, 44.61, 18501
1648633649, 21, 95, 179, 155, 3, 7.85%, 0, 0, 6, 34.04, 18654
1648633660, 22, 111, 179, 155, 3, 7.85%, 0, 0, 6, 44.42, 19055
1648633665, 22, 111, 182, 158, 3, 7.85%, 0, 0, 6, 46.68, 19294
1648633675, 23, 90, 182, 157, 3, 7.85%, 0, 0, 6, 42.03, 19754
1648633685, 24, 60, 182, 157, 3, 7.85%, 0, 0, 6, 43.55, 20120
1648633690, 25, 172, 184, 159, 3, 7.85%, 0, 0, 7, 48.59, 20394
1648633695, 25, 172, 187, 162, 3, 7.85%, 0, 0, 7, 47.88, 20639
1648633700, 25, 172, 189, 164, 3, 7.85%, 0, 0, 7, 46.35, 20861
1648633711, 26, 77, 189, 163, 3, 7.85%, 0, 0, 7, 38.79, 21329
1648633721, 27, 48, 189, 163, 3, 7.85%, 0, 0, 7, 46.52, 21712
1648633726, 27, 187, 190, 164, 3, 7.85%, 0, 0, 8, 49.71, 21979
1648633731, 27, 187, 191, 165, 3, 7.85%, 0, 0, 8, 48.94, 22221
1648633741, 27, 187, 192, 166, 3, 7.85%, 0, 0, 8, 46.24, 22702
1648633746, 28, 129, 192, 165, 3, 7.85%, 0, 0, 8, 35.08, 22871
1648633762, 28, 129, 193, 166, 3, 7.85%, 0, 0, 8, 29.85, 23335
1648633772, 28, 133, 193, 165, 0, 7.85%, 0, 0, 8, 48.31, 23689
1648633782, 28, 169, 193, 165, 0, 7.85%, 0, 0, 8, 52.87, 24246
1648633792, 28, 169, 195, 167, 0, 7.85%, 0, 0, 8, 45.84, 24696
1648633802, 29, 98, 195, 166, 3, 7.85%, 0, 0, 8, 39.90, 25121
1648633818, 30, 60, 195, 165, 3, 7.85%, 0, 0, 8, 45.61, 25668
1648633823, 31, 10, 195, 165, 3, 7.85%, 0, 0, 8, 53.83, 25951
1648633828, 31, 127, 195, 165, 3, 7.85%, 0, 0, 8, 44.37, 26184
1648633833, 31, 127, 196, 166, 3, 7.85%, 0, 0, 8, 33.55, 26337
1648633838, 31, 127, 197, 167, 3, 7.85%, 0, 0, 8, 31.54, 26498
1648633859, 32, 183, 197, 166, 0, 7.85%, 0, 0, 8, 35.01, 27138
1648633864, 32, 183, 198, 167, 0, 7.85%, 0, 0, 8, 41.28, 27359
1648633874, 32, 183, 200, 169, 0, 7.85%, 0, 0, 8, 44.30, 27817
1648633879, 33, 182, 200, 168, 4, 7.85%, 0, 0, 8, 37.97, 28017
1648633900, 33, 182, 201, 169, 4, 7.85%, 0, 0, 8, 32.02, 28678
1648633910, 34, 16, 201, 168, 0, 7.85%, 0, 0, 8, 58.16, 29129
1648633915, 34, 105, 202, 169, 0, 7.89%, 0, 0, 8, 56.70, 29414
1648633925, 34, 138, 202, 169, 4, 7.89%, 0, 0, 8, 37.90, 29861
1648633950, 35, 60, 202, 169, 4, 7.89%, 0, 0, 8, 38.88, 30670
1648633956, 36, 113, 202, 169, 4, 7.89%, 0, 0, 8, 51.22, 30960
1648633966, 36, 113, 204, 171, 4, 7.89%, 0, 0, 8, 42.56, 31399
1648633971, 36, 113, 205, 172, 4, 7.89%, 0, 0, 8, 45.24, 31628
1648633981, 36, 113, 206, 173, 4, 7.89%, 0, 0, 8, 43.13, 32085
1648633986, 36, 164, 206, 172, 4, 7.89%, 0, 0, 8, 35.29, 32259
1648634012, 37, 48, 206, 172, 4, 7.89%, 0, 0, 8, 38.68, 33083
1648634017, 37, 152, 208, 174, 4, 7.92%, 0, 0, 8, 47.39, 33349
1648634032, 37, 152, 209, 175, 4, 7.93%, 0, 0, 8, 45.14, 34023
1648634037, 37, 164, 210, 175, 4, 7.93%, 0, 0, 8, 39.73, 34231
1648634068, 39, 3, 213, 178, 4, 7.93%, 0, 0, 8, 44.98, 35275
1648634073, 40, 0, 213, 177, 4, 7.93%, 0, 0, 8, 39.35, 35477
1648634083, 40, 48, 213, 177, 4, 7.93%, 0, 0, 8, 51.97, 35923
1648634088, 40, 183, 213, 177, 4, 7.93%, 0, 0, 8, 45.81, 36154
1648634104, 41, 80, 213, 177, 4, 7.93%, 0, 0, 8, 42.52, 36840
1648634114, 42, 174, 213, 177, 4, 7.93%, 0, 0, 8, 33.84, 37172
1648634119, 42, 174, 214, 178, 4, 7.93%, 0, 0, 8, 41.60, 37392
1648634144, 42, 212, 214, 177, 4, 7.93%, 0, 0, 8, 35.33, 38464
1648634160, 43, 105, 214, 176, 4, 7.93%, 0, 0, 8, 55.98, 39001
1648634170, 43, 168, 214, 176, 4, 7.93%, 0, 0, 8, 51.27, 39573
1648634180, 43, 168, 215, 177, 4, 7.93%, 0, 0, 8, 44.91, 40020
1648634185, 43, 168, 216, 178, 4, 7.93%, 0, 0, 8, 43.84, 40240
1648634191, 43, 168, 217, 179, 4, 7.93%, 0, 0, 8, 42.27, 40459
1648634196, 43, 216, 217, 178, 4, 7.93%, 0, 0, 8, 41.89, 40673
1648634226, 44, 60, 217, 177, 3, 7.93%, 0, 0, 8, 41.12, 41649
1648634231, 45, 113, 217, 177, 3, 7.93%, 0, 0, 8, 50.44, 41924
1648634257, 46, 56, 217, 177, 3, 7.93%, 0, 0, 8, 42.34, 43063
1648634262, 46, 56, 218, 178, 3, 7.93%, 0, 0, 8, 36.82, 43241
1648634267, 46, 60, 219, 178, 0, 7.93%, 0, 0, 8, 58.67, 43453
1648634272, 46, 212, 219, 178, 0, 7.93%, 0, 0, 8, 55.16, 43741
1648634287, 47, 190, 219, 178, 0, 7.93%, 0, 0, 8, 36.76, 44429
1648634339, 48, 60, 219, 177, 0, 7.93%, 0, 0, 8, 36.61, 46087
1648634344, 50, 16, 219, 177, 0, 7.93%, 0, 0, 8, 54.00, 46388
1648634349, 50, 114, 220, 178, 4, 7.93%, 0, 0, 8, 54.99, 46668
1648634379, 50, 133, 220, 177, 4, 7.93%, 0, 0, 8, 44.27, 47685
1648634390, 51, 108, 220, 177, 4, 7.93%, 0, 0, 8, 47.98, 48214
1648634415, 51, 179, 220, 176, 3, 7.93%, 0, 0, 8, 41.74, 49324
1648634456, 52, 48, 220, 175, 3, 7.93%, 0, 0, 8, 58.53, 50723
1648634461, 52, 149, 220, 175, 3, 7.93%, 0, 0, 8, 48.06, 50958
1648634481, 52, 149, 221, 176, 3, 7.93%, 0, 0, 8, 45.18, 51861
1648634486, 53, 60, 221, 175, 4, 7.93%, 0, 0, 8, 53.17, 52129
1648634491, 54, 135, 221, 175, 4, 7.93%, 0, 0, 8, 47.99, 52381
1648634497, 54, 135, 222, 176, 4, 7.93%, 0, 0, 8, 46.09, 52609
1648634512, 55, 77, 222, 175, 4, 7.93%, 0, 0, 8, 36.80, 53243
1648634522, 56, 60, 222, 175, 4, 7.93%, 0, 0, 8, 50.63, 53666
1648634527, 57, 179, 222, 175, 4, 7.93%, 0, 0, 8, 46.98, 53917
1648634553, 58, 120, 222, 175, 4, 7.93%, 0, 0, 8, 37.79, 55019
1648634578, 58, 133, 222, 174, 4, 7.93%, 0, 0, 8, 32.05, 55827
1648634588, 59, 132, 222, 174, 4, 7.93%, 0, 0, 8, 46.09, 56354
1648634604, 60, 55, 222, 173, 4, 7.93%, 0, 0, 8, 41.88, 57031
1648634609, 61, 16, 222, 173, 4, 7.93%, 0, 0, 8, 51.85, 57284
1648634614, 61, 180, 223, 174, 4, 7.93%, 0, 0, 8, 46.03, 57522
1648634639, 62, 52, 223, 173, 4, 7.93%, 0, 0, 8, 40.27, 58628
1648634644, 63, 48, 223, 172, 3, 7.93%, 0, 0, 8, 38.13, 58827
1648634649, 64, 12, 223, 172, 3, 7.93%, 0, 0, 8, 53.41, 59118
1648634655, 64, 12, 224, 173, 3, 7.93%, 0, 0, 8, 53.42, 59390
1648634660, 64, 66, 224, 172, 3, 7.93%, 0, 0, 8, 40.33, 59588
1648634665, 65, 60, 224, 172, 3, 7.93%, 0, 0, 8, 59.62, 59799
1648634670, 66, 149, 225, 173, 3, 7.93%, 0, 0, 8, 54.57, 60086
1648634696, 66, 188, 225, 173, 3, 7.93%, 0, 0, 8, 41.67, 61228
1648634726, 67, 48, 225, 172, 3, 7.93%, 0, 0, 8, 43.81, 62221
1648634731, 68, 57, 225, 172, 3, 7.93%, 0, 0, 8, 51.57, 62503
1648634737, 68, 224, 225, 171, 3, 7.93%, 0, 0, 8, 43.07, 62726
1648634767, 69, 133, 225, 170, 2, 7.93%, 0, 0, 8, 51.32, 63823
1648634772, 69, 165, 226, 171, 2, 7.93%, 0, 0, 8, 45.27, 64052
1648634793, 70, 60, 226, 170, 3, 7.93%, 0, 0, 8, 54.56, 65026
1648634798, 71, 153, 226, 170, 3, 7.93%, 0, 0, 8, 47.84, 65274
1648634823, 71, 154, 226, 169, 3, 7.93%, 0, 0, 8, 36.60, 66353
1648634854, 72, 48, 226, 169, 3, 7.93%, 0, 0, 8, 44.85, 67311
1648634859, 72, 209, 227, 170, 3, 7.93%, 0, 0, 8, 42.44, 67545
1648634879, 73, 154, 227, 169, 3, 7.93%, 0, 0, 8, 37.27, 68346
1648634910, 74, 105, 227, 169, 3, 7.93%, 0, 0, 8, 42.62, 69322
1648634915, 75, 192, 227, 169, 3, 7.93%, 0, 0, 8, 52.30, 69612
1648634936, 75, 192, 228, 170, 3, 7.93%, 0, 0, 8, 52.53, 70681
1648634941, 76, 151, 228, 169, 3, 7.93%, 0, 0, 8, 36.97, 70853
1648634966, 77, 105, 228, 168, 3, 7.93%, 0, 0, 8, 41.20, 71689
1648634971, 78, 190, 228, 168, 3, 7.93%, 0, 0, 8, 50.39, 71973
1648634987, 78, 190, 229, 169, 3, 7.93%, 0, 0, 9, 43.00, 72626
1648635012, 79, 187, 229, 169, 3, 7.93%, 0, 0, 9, 39.91, 73744
1648635043, 80, 133, 229, 169, 3, 7.93%, 0, 0, 9, 50.56, 74827
1648635048, 80, 183, 229, 169, 3, 7.93%, 0, 0, 9, 46.29, 75065
1648635063, 80, 183, 230, 170, 3, 7.97%, 0, 0, 9, 45.93, 75761
1648635068, 81, 81, 230, 170, 3, 7.97%, 0, 0, 9, 35.29, 75923
1648635078, 82, 60, 230, 169, 3, 7.97%, 0, 0, 9, 33.46, 76251
1648635089, 83, 224, 230, 169, 3, 7.97%, 0, 0, 9, 46.56, 76775
1648635099, 83, 224, 231, 170, 3, 7.97%, 0, 0, 9, 42.40, 77219
1648635104, 83, 224, 232, 171, 3, 7.97%, 0, 0, 9, 43.96, 77441
1648635109, 84, 113, 232, 171, 3, 7.97%, 0, 0, 9, 34.38, 77599
1648635119, 85, 48, 232, 171, 3, 7.97%, 0, 0, 9, 48.33, 77989
1648635124, 85, 216, 232, 171, 3, 7.97%, 0, 0, 9, 42.11, 78211
1648635145, 86, 152, 232, 171, 3, 7.97%, 0, 0, 9, 35.25, 79014
1648635170, 87, 16, 232, 171, 3, 7.97%, 0, 0, 9, 30.03, 79826
1648635176, 88, 40, 232, 171, 3, 7.97%, 0, 0, 9, 51.31, 80116
1648635181, 88, 40, 233, 172, 3, 7.97%, 0, 0, 9, 53.77, 80394
1648635186, 89, 16, 233, 171, 3, 7.97%, 0, 0, 9, 56.51, 80674
1648635191, 89, 195, 234, 172, 3, 7.97%, 0, 0, 9, 50.99, 80923
1648635211, 89, 215, 234, 171, 1, 7.97%, 0, 0, 9, 39.68, 81888
1648635242, 90, 16, 234, 170, 1, 7.97%, 0, 0, 9, 53.09, 82948
1648635247, 90, 189, 235, 171, 1, 7.97%, 0, 0, 9, 46.17, 83174
1648635273, 90, 189, 236, 172, 1, 7.97%, 0, 0, 9, 45.33, 84290
1648635278, 90, 190, 236, 171, 1, 7.97%, 0, 0, 9, 35.36, 84452
1648635334, 91, 16, 236, 171, 1, 7.97%, 0, 0, 9, 49.28, 86300
1648635339, 91, 120, 236, 171, 1, 7.97%, 0, 0, 9, 45.36, 86532
1648635359, 92, 81, 236, 171, 1, 7.97%, 0, 0, 9, 34.76, 87381
1648635369, 92, 105, 236, 171, 1, 7.97%, 0, 0, 9, 51.60, 87812
1648635374, 93, 102, 236, 171, 1, 7.97%, 0, 0, 9, 42.52, 88025
1648635385, 93, 217, 236, 170, 1, 7.97%, 0, 0, 9, 35.60, 88409
1648635420, 94, 133, 236, 169, 1, 7.97%, 0, 0, 9, 51.01, 89734
1648635425, 95, 133, 236, 169, 1, 7.97%, 0, 0, 9, 52.06, 89998
1648635431, 95, 167, 236, 169, 1, 7.97%, 0, 0, 9, 41.18, 90210
1648635467, 96, 105, 236, 168, 1, 7.97%, 0, 0, 9, 31.24, 91344
1648635477, 98, 10, 236, 168, 1, 7.97%, 0, 0, 9, 54.12, 91918
1648635482, 99, 0, 236, 168, 1, 7.97%, 0, 0, 9, 40.59, 92111
1648635487, 99, 60, 236, 168, 1, 7.97%, 0, 0, 9, 39.99, 92300
1648635492, 99, 200, 236, 168, 1, 7.97%, 0, 0, 9, 53.66, 92596
1648635507, 99, 200, 237, 169, 1, 7.97%, 0, 0, 9, 51.00, 93372
1648635512, 99, 200, 238, 170, 1, 7.97%, 0, 0, 9, 49.90, 93625
1648635527, 100, 14, 238, 169, 1, 7.97%, 0, 0, 9, 44.34, 94415
1648635538, 100, 16, 238, 169, 1, 7.97%, 0, 0, 9, 50.36, 94848
1648635543, 100, 218, 238, 169, 1, 7.97%, 0, 0, 9, 53.91, 95135
1648635553, 100, 218, 239, 170, 1, 7.98%, 0, 0, 9, 54.64, 95696
1648635558, 101, 217, 239, 169, 1, 7.98%, 0, 0, 9, 51.53, 95975
1648635594, 102, 48, 239, 169, 1, 7.98%, 0, 0, 9, 46.57, 97274
1648635599, 102, 237, 240, 170, 1, 7.98%, 0, 0, 10, 47.91, 97527
1648635614, 102, 237, 241, 171, 1, 7.98%, 0, 0, 10, 46.30, 98217
1648635629, 103, 113, 241, 170, 1, 7.98%, 0, 0, 10, 35.72, 98868
1648635640, 104, 60, 241, 170, 1, 7.98%, 0, 0, 10, 58.80, 99263
1648635645, 105, 203, 241, 170, 1, 7.98%, 0, 0, 10, 49.36, 99515
1648635665, 106, 154, 242, 170, 1, 7.98%, 0, 0, 10, 36.82, 100318
1648635681, 107, 48, 242, 170, 1, 7.98%, 0, 0, 10, 59.05, 100824
1648635686, 107, 236, 242, 170, 1, 7.98%, 0, 0, 10, 54.35, 101099
1648635691, 107, 236, 243, 171, 1, 7.98%, 0, 0, 10, 49.00, 101336
1648635721, 108, 119, 243, 170, 1, 7.98%, 0, 0, 10, 47.48, 102790
1648635752, 109, 16, 243, 169, 1, 7.98%, 0, 0, 10, 44.86, 103812
1648635757, 110, 53, 243, 169, 1, 7.98%, 0, 0, 10, 50.53, 104090
1648635762, 110, 164, 243, 168, 1, 7.98%, 0, 0, 10, 40.66, 104300
1648635783, 111, 60, 243, 168, 1, 7.98%, 0, 0, 10, 56.09, 105026
1648635788, 111, 198, 243, 168, 1, 7.98%, 0, 0, 10, 45.20, 105258
1648635818, 111, 216, 243, 167, 1, 7.98%, 0, 0, 10, 36.96, 106501
1648635849, 112, 48, 243, 167, 1, 7.98%, 0, 0, 10, 43.36, 107479
1648635854, 112, 187, 243, 167, 1, 7.98%, 0, 0, 10, 47.15, 107743
1648635875, 113, 138, 243, 167, 1, 7.98%, 0, 0, 10, 36.66, 108604
1648635890, 114, 66, 243, 167, 1, 7.98%, 0, 0, 10, 47.77, 109153
1648635895, 114, 168, 243, 167, 1, 7.98%, 0, 0, 10, 38.29, 109349
1648635931, 115, 133, 243, 167, 1, 7.98%, 0, 0, 10, 46.74, 110573
1648635936, 116, 60, 243, 167, 1, 7.98%, 0, 0, 10, 53.71, 110855
1648635941, 116, 92, 243, 167, 1, 7.98%, 0, 0, 10, 48.28, 111109
1648635956, 117, 16, 243, 166, 1, 7.98%, 0, 0, 10, 44.10, 111643
1648635961, 117, 205, 243, 166, 1, 7.98%, 0, 0, 10, 45.35, 111899
1648635972, 117, 205, 244, 167, 1, 7.98%, 0, 0, 10, 37.71, 112289
1648635982, 118, 52, 244, 166, 1, 7.98%, 0, 0, 10, 38.22, 112697
1648635992, 118, 105, 244, 166, 1, 7.98%, 0, 0, 10, 49.13, 113132
1648635997, 119, 172, 244, 166, 1, 7.98%, 0, 0, 10, 49.49, 113404
1648636023, 120, 154, 244, 166, 1, 7.98%, 0, 0, 10, 39.05, 114518
1648636038, 121, 105, 244, 166, 1, 7.98%, 0, 0, 10, 41.96, 115030
1648636043, 121, 212, 245, 167, 1, 7.98%, 0, 0, 10, 49.22, 115309
1648636058, 122, 205, 245, 167, 1, 7.98%, 0, 0, 10, 36.24, 115994
1648636084, 123, 60, 245, 167, 1, 7.98%, 0, 0, 10, 40.31, 116807
1648636089, 123, 206, 245, 167, 1, 7.98%, 0, 0, 10, 50.59, 117091
1648636120, 124, 120, 245, 166, 1, 7.98%, 0, 0, 10, 34.48, 118377
1648636130, 125, 16, 245, 166, 1, 7.98%, 0, 0, 10, 51.83, 118822
1648636135, 125, 85, 245, 166, 1, 7.98%, 0, 0, 10, 45.00, 119045
1648636145, 125, 177, 245, 165, 1, 7.98%, 0, 0, 10, 36.97, 119471
1648636176, 126, 16, 245, 164, 1, 7.98%, 0, 0, 10, 50.26, 120527
1648636181, 126, 187, 245, 164, 1, 7.98%, 0, 0, 10, 44.30, 120752
1648636197, 127, 154, 245, 164, 1, 7.98%, 0, 0, 10, 45.50, 121445
1648636212, 128, 48, 245, 164, 1, 7.98%, 0, 0, 10, 50.04, 122013
1648636217, 128, 239, 246, 165, 1, 7.98%, 0, 0, 11, 49.89, 122265
1648636247, 129, 151, 246, 164, 1, 7.98%, 0, 0, 11, 47.47, 123827
1648636278, 130, 169, 246, 164, 1, 7.98%, 0, 0, 11, 34.87, 124789
1648636298, 130, 179, 246, 164, 1, 7.98%, 0, 0, 11, 35.33, 125583
1648636339, 131, 48, 246, 164, 1, 7.98%, 0, 0, 11, 47.60, 126944
1648636344, 131, 212, 246, 164, 1, 7.98%, 0, 0, 11, 47.87, 127193
1648636355, 132, 205, 246, 164, 1, 7.98%, 0, 0, 11, 39.73, 127668
1648636385, 133, 133, 246, 164, 1, 7.98%, 0, 0, 11, 54.15, 128725
1648636390, 134, 109, 246, 164, 1, 7.98%, 0, 0, 11, 55.61, 129006
1648636406, 137, 111, 246, 163, 0, 7.98%, 0, 0, 11, 49.30, 129842
1648636426, 137, 111, 247, 164, 0, 7.98%, 0, 0, 11, 46.06, 130761
1648636431, 138, 51, 247, 164, 1, 7.98%, 0, 0, 11, 37.60, 130945
1648636441, 139, 48, 247, 164, 1, 7.98%, 0, 0, 11, 51.73, 131400
1648636447, 140, 50, 247, 164, 1, 7.98%, 0, 0, 11, 56.06, 131695
1648636452, 140, 150, 247, 163, 1, 7.98%, 0, 0, 11, 37.57, 131860
1648636488, 141, 176, 247, 162, 1, 7.98%, 0, 0, 11, 39.09, 133038
1648636493, 141, 176, 248, 163, 1, 7.98%, 0, 0, 11, 42.52, 133257
1648636513, 141, 222, 248, 162, 1, 7.98%, 0, 0, 11, 37.17, 134130
1648636549, 142, 60, 248, 161, 1, 7.98%, 0, 0, 11, 36.16, 135277
1648636554, 143, 171, 248, 161, 1, 7.98%, 0, 0, 11, 53.59, 135575
1648636559, 143, 171, 249, 162, 1, 7.98%, 0, 0, 11, 54.64, 135853
1648636570, 143, 225, 249, 161, 1, 7.98%, 0, 0, 11, 37.87, 136312
1648636605, 144, 48, 249, 160, 0, 7.98%, 0, 0, 11, 44.81, 137487
1648636610, 145, 3, 249, 160, 0, 7.98%, 0, 0, 11, 52.84, 137773
1648636616, 145, 120, 249, 160, 0, 7.98%, 0, 0, 11, 41.89, 137994
1648636626, 146, 105, 249, 160, 0, 7.98%, 0, 0, 11, 50.06, 138356
1648636631, 147, 196, 249, 160, 0, 7.98%, 0, 0, 11, 53.62, 138646
1648636636, 147, 196, 250, 161, 0, 7.98%, 0, 0, 11, 50.40, 138896
1648636656, 148, 158, 250, 160, 1, 7.98%, 0, 0, 11, 37.85, 139856
1648636682, 150, 95, 250, 159, 1, 7.98%, 0, 0, 11, 28.57, 140633
1648636692, 150, 151, 250, 159, 1, 7.98%, 0, 0, 11, 35.39, 141043
1648636718, 151, 16, 250, 159, 1, 7.98%, 0, 0, 11, 44.71, 141919
1648636723, 152, 48, 251, 160, 1, 7.98%, 0, 0, 11, 52.77, 142197
1648636728, 152, 225, 251, 160, 1, 7.98%, 0, 0, 11, 43.76, 142430
1648636764, 153, 133, 251, 160, 1, 7.98%, 0, 0, 11, 31.44, 143557
1648636774, 154, 247, 251, 160, 1, 7.98%, 0, 0, 11, 50.95, 144111
1648636795, 155, 240, 251, 159, 1, 7.98%, 0, 0, 11, 44.67, 145104
1648636836, 156, 105, 251, 158, 1, 7.98%, 0, 0, 11, 59.60, 146398
1648636846, 156, 241, 251, 158, 1, 7.98%, 0, 0, 11, 39.56, 146871
1648636861, 156, 241, 252, 159, 1, 7.98%, 0, 0, 11, 36.98, 147439
1648636867, 157, 203, 252, 158, 1, 7.98%, 0, 0, 11, 33.20, 147613
1648636897, 158, 48, 252, 158, 1, 7.98%, 0, 0, 11, 49.63, 148572
1648636902, 158, 220, 252, 158, 1, 7.98%, 0, 0, 11, 51.83, 148850
1648636928, 158, 236, 253, 158, 1, 7.98%, 0, 0, 11, 33.64, 150071
1648636974, 159, 48, 253, 158, 0, 7.98%, 0, 0, 11, 47.21, 151820
1648636979, 160, 83, 253, 158, 0, 7.98%, 0, 0, 11, 48.81, 152079
1648636989, 160, 149, 253, 157, 0, 7.98%, 0, 0, 11, 36.93, 152491
1648637025, 161, 48, 253, 157, 0, 7.98%, 0, 0, 11, 58.98, 153660
1648637030, 162, 114, 253, 157, 0, 7.98%, 0, 0, 11, 52.54, 153936
1648637046, 162, 114, 254, 158, 0, 7.98%, 0, 0, 11, 43.53, 154602
1648637051, 163, 1, 254, 158, 1, 7.98%, 0, 0, 11, 38.74, 154804
1648637061, 163, 16, 254, 158, 1, 7.98%, 0, 0, 11, 49.51, 155221
1648637066, 163, 83, 254, 158, 1, 7.98%, 0, 0, 11, 48.19, 155468
1648637071, 164, 105, 254, 158, 1, 7.98%, 0, 0, 11, 58.61, 155698
1648637076, 165, 53, 254, 158, 1, 7.98%, 0, 0, 11, 57.51, 155994
1648637081, 165, 53, 255, 159, 1, 7.98%, 0, 0, 11, 50.81, 156249
1648637086, 166, 14, 255, 159, 0, 7.98%, 0, 0, 11, 37.33, 156420
1648637091, 167, 242, 255, 159, 0, 7.98%, 0, 0, 11, 38.16, 156604
1648637096, 167, 242, 256, 160, 0, 7.98%, 0, 0, 11, 43.56, 156832
1648637112, 167, 242, 257, 161, 0, 7.98%, 0, 0, 11, 46.33, 157557
1648637132, 167, 244, 257, 160, 0, 7.98%, 0, 0, 11, 36.20, 158450
1648637147, 167, 247, 258, 160, 0, 7.98%, 0, 0, 11, 33.73, 158937
1648637168, 168, 175, 258, 160, 0, 7.98%, 0, 0, 11, 53.60, 160114
1648637188, 168, 195, 258, 159, 0, 7.98%, 0, 0, 11, 42.88, 161007
1648637224, 169, 133, 258, 159, 0, 7.98%, 0, 0, 11, 42.79, 162222
1648637229, 170, 207, 258, 159, 0, 7.98%, 0, 0, 11, 49.99, 162494
1648637259, 171, 192, 259, 159, 4294967295, 7.98%, 0, 0, 11, 35.45, 163783
1648637295, 171, 247, 259, 159, 0, 7.98%, 0, 0, 11, 50.35, 165048
1648637316, 173, 12, 259, 159, 0, 7.98%, 0, 0, 11, 55.01, 166201
1648637321, 173, 120, 259, 159, 0, 7.98%, 0, 0, 11, 39.31, 166391
1648637331, 173, 247, 259, 159, 0, 7.98%, 0, 0, 11, 48.71, 166791
1648637351, 175, 96, 259, 159, 0, 7.98%, 0, 0, 11, 48.69, 167911
1648637361, 175, 223, 259, 158, 0, 7.98%, 0, 0, 11, 38.52, 168328
1648637377, 177, 136, 259, 157, 0, 7.98%, 0, 0, 11, 38.41, 168879
1648637397, 177, 153, 259, 156, 0, 7.98%, 0, 0, 11, 36.41, 169751
1648637433, 178, 48, 259, 156, 0, 7.98%, 0, 0, 11, 58.69, 170937
1648637438, 178, 175, 259, 156, 0, 7.98%, 0, 0, 11, 50.92, 171204
1648637459, 178, 183, 259, 156, 0, 7.98%, 0, 0, 11, 36.48, 172065
1648637484, 179, 133, 259, 156, 0, 7.98%, 0, 0, 11, 36.64, 172896
1648637489, 179, 151, 259, 156, 0, 7.98%, 0, 0, 11, 52.81, 173183
1648637499, 179, 217, 259, 156, 0, 7.98%, 0, 0, 11, 43.45, 173633
1648637535, 180, 133, 259, 156, 0, 7.98%, 0, 0, 11, 57.74, 174956
1648637540, 181, 136, 259, 156, 0, 7.98%, 0, 0, 11, 51.47, 175216
1648637545, 181, 136, 260, 157, 0, 7.98%, 0, 0, 11, 46.58, 175452
1648637561, 181, 244, 260, 157, 1, 7.98%, 0, 0, 11, 36.88, 176102
1648637576, 182, 105, 260, 157, 1, 7.98%, 0, 0, 11, 32.45, 176600
1648637586, 182, 158, 260, 157, 1, 7.98%, 0, 0, 11, 43.72, 177111
1648637607, 183, 120, 260, 157, 1, 7.98%, 0, 0, 11, 35.39, 177904
1648637617, 184, 60, 260, 157, 1, 7.98%, 0, 0, 11, 47.57, 178296
1648637622, 185, 177, 260, 157, 1, 7.98%, 0, 0, 11, 46.41, 178544
1648637642, 186, 95, 260, 157, 1, 7.98%, 0, 0, 11, 37.19, 179349
1648637653, 186, 247, 260, 157, 1, 7.98%, 0, 0, 11, 56.51, 179693
1648637673, 188, 135, 260, 157, 1, 7.98%, 0, 0, 11, 52.29, 180854
1648637693, 188, 218, 260, 157, 1, 7.98%, 0, 0, 11, 39.43, 181746
1648637724, 189, 105, 260, 157, 1, 7.98%, 0, 0, 11, 41.13, 182882
1648637730, 190, 222, 260, 157, 1, 7.98%, 0, 0, 11, 52.59, 183175
1648637760, 191, 114, 260, 157, 1, 7.98%, 0, 0, 11, 34.43, 184481
1648637765, 192, 60, 260, 157, 1, 7.98%, 0, 0, 11, 31.53, 184643
1648637775, 193, 129, 260, 157, 1, 7.98%, 0, 0, 11, 46.61, 185168
1648637796, 193, 180, 260, 157, 1, 7.98%, 0, 0, 11, 34.36, 186007
1648637832, 194, 105, 260, 157, 1, 7.98%, 0, 0, 11, 54.07, 187160
1648637837, 195, 213, 260, 157, 1, 7.98%, 0, 0, 11, 52.32, 187440
1648637862, 196, 175, 260, 156, 1, 7.98%, 0, 0, 11, 47.17, 188583
1648637882, 197, 165, 260, 156, 1, 7.98%, 0, 0, 11, 39.33, 189449
1648637913, 199, 96, 260, 156, 1, 7.98%, 0, 0, 11, 39.81, 190441
1648637918, 199, 212, 260, 156, 1, 7.98%, 0, 0, 11, 38.84, 190652
1648637939, 200, 60, 260, 156, 1, 7.98%, 0, 0, 11, 47.85, 191382
1648637944, 200, 245, 260, 156, 1, 7.98%, 0, 0, 11, 51.29, 191649
1648637979, 203, 66, 260, 155, 1, 7.98%, 0, 0, 11, 50.64, 193459
1648637985, 203, 188, 260, 155, 1, 7.98%, 0, 0, 11, 42.00, 193684
1648638015, 204, 105, 260, 155, 1, 7.98%, 0, 0, 11, 48.26, 194715
1648638020, 205, 202, 260, 155, 1, 7.98%, 0, 0, 11, 46.96, 194958
1648638046, 206, 172, 260, 154, 1, 7.98%, 0, 0, 11, 38.15, 196081
1648638082, 207, 220, 260, 154, 1, 7.98%, 0, 0, 11, 32.77, 197192
1648638107, 208, 210, 260, 154, 1, 7.98%, 0, 0, 11, 40.29, 198420
1648638127, 209, 133, 260, 153, 1, 7.98%, 0, 0, 11, 50.04, 199163
1648638132, 210, 110, 260, 153, 1, 7.98%, 0, 0, 11, 46.44, 199406
1648638153, 211, 40, 260, 152, 1, 7.98%, 0, 0, 11, 36.72, 200267
1648638158, 212, 188, 260, 152, 1, 7.98%, 0, 0, 11, 35.09, 200440
1648638183, 213, 116, 260, 152, 1, 7.98%, 0, 0, 11, 34.04, 201424
1648638209, 214, 142, 260, 152, 1, 7.98%, 0, 0, 11, 43.15, 202287
1648638220, 215, 84, 260, 151, 0, 7.98%, 0, 0, 11, 43.01, 202810
1648638235, 216, 16, 260, 150, 0, 7.98%, 0, 0, 11, 53.22, 203376
1648638240, 216, 98, 260, 150, 0, 7.98%, 0, 0, 11, 48.55, 203624
1648638245, 218, 16, 260, 150, 0, 7.98%, 0, 0, 11, 49.41, 203865
1648638250, 218, 207, 260, 150, 0, 7.98%, 0, 0, 11, 50.69, 204132
1648638255, 218, 207, 261, 151, 0, 7.98%, 0, 0, 11, 44.81, 204351
1648638280, 219, 205, 261, 151, 1, 7.98%, 0, 0, 11, 33.89, 205393
1648638306, 220, 164, 261, 151, 1, 7.98%, 0, 0, 11, 34.46, 206188
1648638321, 221, 139, 261, 151, 1, 7.98%, 0, 0, 11, 34.54, 206812
1648638347, 222, 133, 261, 150, 1, 7.98%, 0, 0, 11, 29.19, 207572
1648638357, 223, 207, 261, 150, 1, 7.98%, 0, 0, 11, 45.64, 208075
1648638362, 223, 207, 262, 151, 1, 7.98%, 0, 0, 11, 43.36, 208290
1648638382, 225, 60, 262, 151, 1, 7.98%, 0, 0, 11, 48.70, 209189
1648638387, 225, 210, 262, 151, 1, 7.98%, 0, 0, 11, 48.84, 209451
1648638408, 226, 48, 262, 151, 1, 7.98%, 0, 0, 11, 57.42, 210160
1648638413, 226, 186, 262, 151, 1, 7.98%, 0, 0, 11, 48.69, 210405
1648638438, 227, 16, 262, 150, 1, 7.98%, 0, 0, 11, 48.14, 211552
1648638443, 227, 163, 262, 150, 1, 7.98%, 0, 0, 11, 49.18, 211822
1648638463, 227, 170, 262, 149, 1, 7.98%, 0, 0, 11, 37.04, 212688
1648638494, 228, 133, 262, 148, 1, 7.98%, 0, 0, 11, 49.91, 213671
1648638499, 229, 147, 262, 148, 1, 7.98%, 0, 0, 11, 47.92, 213925
1648638509, 229, 188, 262, 147, 1, 7.98%, 0, 0, 11, 36.71, 214334
1648638541, 230, 105, 262, 147, 1, 7.98%, 0, 0, 11, 53.69, 215364
1648638546, 230, 189, 262, 147, 1, 7.98%, 0, 0, 11, 47.74, 215606
1648638586, 230, 195, 262, 147, 1, 7.98%, 0, 0, 11, 38.24, 217364
1648638622, 231, 121, 262, 147, 1, 7.98%, 0, 0, 11, 39.93, 218536
1648638642, 231, 177, 262, 146, 1, 7.98%, 0, 0, 11, 34.73, 219386
1648638673, 232, 133, 262, 146, 1, 7.98%, 0, 0, 11, 56.90, 220398
1648638678, 233, 147, 262, 146, 1, 7.98%, 0, 0, 11, 46.33, 220629
1648638688, 233, 260, 262, 146, 1, 7.98%, 0, 0, 11, 34.70, 221021
1648638724, 235, 171, 262, 145, 0, 7.98%, 0, 0, 11, 38.33, 222142
1648638734, 236, 14, 262, 145, 0, 7.98%, 0, 0, 11, 48.13, 222679
1648638744, 236, 247, 262, 145, 0, 7.98%, 0, 0, 11, 46.21, 223073
1648638765, 237, 213, 262, 145, 0, 7.98%, 0, 0, 11, 50.45, 224222
1648638790, 237, 236, 262, 145, 0, 7.98%, 0, 0, 11, 19.08, 225333
1648638841, 238, 60, 262, 145, 0, 7.98%, 0, 0, 11, 51.21, 227276
1648638846, 239, 211, 262, 145, 0, 7.98%, 0, 0, 11, 49.61, 227531
1648638857, 240, 174, 262, 144, 0, 7.98%, 0, 0, 11, 42.13, 228015
1648638892, 241, 16, 262, 144, 0, 7.98%, 0, 0, 11, 57.59, 229145
1648638897, 241, 222, 262, 144, 0, 7.98%, 0, 0, 11, 54.70, 229435
1648638928, 242, 114, 262, 144, 0, 7.98%, 0, 0, 11, 33.67, 230724
1648638938, 242, 133, 262, 144, 0, 7.98%, 0, 0, 11, 57.94, 231157
1648638943, 243, 190, 262, 144, 0, 7.98%, 0, 0, 11, 49.24, 231401
1648638984, 243, 200, 262, 144, 0, 7.98%, 0, 0, 11, 35.61, 233114
1648639035, 244, 218, 262, 144, 0, 7.98%, 0, 0, 11, 42.99, 234841
1648639056, 245, 143, 262, 144, 0, 7.98%, 0, 0, 11, 46.48, 235952
1648639091, 246, 105, 262, 143, 0, 7.98%, 0, 0, 11, 41.38, 237164
1648639096, 247, 90, 262, 143, 0, 7.98%, 0, 0, 11, 50.34, 237448
1648639106, 248, 84, 262, 143, 0, 7.98%, 0, 0, 11, 34.04, 237835
1648639117, 248, 105, 262, 143, 0, 7.98%, 0, 0, 11, 52.03, 238281
1648639122, 249, 116, 262, 143, 0, 7.98%, 0, 0, 11, 45.70, 238509
1648639127, 249, 210, 262, 143, 0, 7.98%, 0, 0, 11, 38.14, 238709
1648639147, 249, 247, 262, 143, 0, 7.98%, 0, 0, 11, 57.49, 239439
1648639168, 250, 152, 262, 143, 0, 7.98%, 0, 0, 11, 48.72, 240575
1648639193, 250, 200, 262, 143, 0, 7.98%, 0, 0, 11, 36.68, 241677
1648639244, 251, 48, 262, 143, 0, 7.98%, 0, 0, 11, 58.92, 243415
1648639249, 251, 143, 262, 143, 0, 7.98%, 0, 0, 11, 55.84, 243704
1648639275, 251, 215, 262, 143, 0, 7.98%, 0, 0, 11, 35.75, 244905
1648639300, 252, 133, 262, 143, 0, 7.98%, 0, 0, 11, 30.31, 245669
1648639310, 253, 12, 262, 143, 0, 7.98%, 0, 0, 11, 55.18, 246228
1648639315, 253, 56, 262, 143, 0, 7.98%, 0, 0, 11, 40.90, 246425
1648639320, 253, 60, 262, 143, 0, 7.98%, 0, 0, 11, 41.11, 246624
1648639326, 254, 83, 262, 143, 0, 7.98%, 0, 0, 11, 53.67, 246919
1648639336, 255, 133, 262, 143, 0, 7.98%, 0, 0, 11, 48.40, 247375
1648639341, 256, 188, 262, 143, 0, 7.98%, 0, 0, 11, 48.90, 247634
1648639361, 257, 182, 262, 143, 0, 7.98%, 0, 0, 11, 40.71, 248448
1648639402, 257, 247, 262, 143, 0, 7.98%, 0, 0, 11, 47.00, 249800
1648639423, 259, 16, 262, 143, 0, 7.98%, 0, 0, 11, 56.83, 250986
1648639428, 259, 194, 262, 143, 0, 7.98%, 0, 0, 11, 39.31, 251181
1648639459, 260, 105, 262, 142, 0, 7.98%, 0, 0, 11, 53.92, 252198
1648639464, 260, 189, 262, 142, 0, 7.98%, 0, 0, 11, 48.62, 252446
1648639500, 261, 110, 262, 142, 0, 7.98%, 0, 0, 11, 41.22, 254048
1648639530, 262, 48, 262, 142, 0, 7.98%, 0, 0, 11, 44.46, 255072
1648639535, 262, 190, 262, 142, 0, 7.98%, 0, 0, 11, 46.78, 255325
1648639576, 263, 90, 262, 142, 0, 7.98%, 0, 0, 11, 35.63, 257074
1648639581, 263, 133, 262, 142, 0, 7.98%, 0, 0, 11, 4.10, 257231
1648639591, 264, 119, 262, 142, 0, 7.98%, 0, 0, 11, 47.17, 257746
1648639611, 265, 116, 262, 142, 0, 7.98%, 0, 0, 11, 33.68, 258590
1648639622, 265, 133, 262, 142, 0, 7.98%, 0, 0, 11, 52.34, 259012
1648639627, 265, 182, 262, 142, 0, 7.98%, 0, 0, 11, 47.03, 259251
1648639652, 265, 231, 262, 142, 0, 7.98%, 0, 0, 11, 36.86, 260345
1648639683, 266, 105, 262, 141, 0, 7.98%, 0, 0, 11, 47.38, 261351
1648639688, 268, 2, 262, 141, 0, 7.98%, 0, 0, 11, 46.94, 261598
1648639693, 268, 169, 262, 141, 0, 7.98%, 0, 0, 11, 40.15, 261803
1648639723, 269, 133, 262, 141, 0, 7.98%, 0, 0, 11, 43.43, 262783
1648639729, 270, 236, 262, 141, 0, 7.98%, 0, 0, 11, 50.62, 263056
1648639734, 270, 236, 263, 142, 0, 7.98%, 0, 0, 11, 47.32, 263290
1648639769, 271, 247, 263, 142, 1, 7.98%, 0, 0, 11, 52.39, 264971
1648639789, 273, 54, 263, 142, 1, 7.98%, 0, 0, 11, 54.18, 266089
1648639794, 274, 48, 263, 141, 1, 7.98%, 0, 0, 11, 54.29, 266353
1648639799, 274, 213, 263, 141, 1, 7.98%, 0, 0, 11, 49.50, 266610
1648639825, 275, 92, 263, 141, 1, 7.98%, 0, 0, 11, 38.94, 267725
1648639835, 275, 247, 263, 141, 1, 7.98%, 0, 0, 11, 56.24, 268070
1648639855, 276, 150, 264, 142, 1, 7.98%, 0, 0, 11, 52.07, 269221
1648639881, 276, 190, 264, 142, 1, 7.98%, 0, 0, 11, 43.17, 270333
1648639937, 278, 57, 264, 142, 1, 7.98%, 0, 0, 11, 34.67, 272113
1648639942, 278, 203, 264, 142, 1, 7.98%, 0, 0, 11, 47.12, 272373
1648639973, 278, 247, 264, 142, 1, 7.98%, 0, 0, 11, 36.43, 273306
1648639994, 279, 56, 264, 142, 1, 7.98%, 0, 0, 11, 55.45, 274478
1648639999, 279, 218, 264, 142, 1, 7.98%, 0, 0, 11, 47.66, 274725
1648640035, 280, 48, 264, 142, 1, 7.98%, 0, 0, 11, 58.33, 276086
1648640040, 281, 3, 264, 142, 1, 7.98%, 0, 0, 11, 54.42, 276355
1648640045, 281, 80, 264, 142, 1, 7.98%, 0, 0, 11, 37.03, 276534
1648640055, 282, 207, 264, 142, 1, 7.98%, 0, 0, 11, 40.15, 276896
1648640081, 283, 164, 264, 142, 1, 7.98%, 0, 0, 11, 36.35, 277984
1648640091, 284, 133, 264, 142, 1, 7.98%, 0, 0, 11, 57.17, 278356
1648640096, 285, 50, 264, 142, 1, 7.98%, 0, 0, 11, 56.24, 278646
1648640101, 285, 216, 264, 142, 1, 7.98%, 0, 0, 11, 45.21, 278884
1648640132, 286, 177, 264, 142, 1, 7.98%, 0, 0, 11, 35.62, 279839
1648640152, 286, 236, 264, 142, 1, 7.98%, 0, 0, 11, 28.22, 280641
1648640199, 287, 133, 264, 142, 1, 7.98%, 0, 0, 11, 36.81, 282346
1648640209, 287, 262, 265, 143, 1, 7.98%, 0, 0, 11, 36.39, 282786
1648640256, 288, 105, 265, 142, 0, 7.98%, 0, 0, 11, 39.20, 284475
1648640261, 289, 3, 265, 142, 0, 7.98%, 0, 0, 11, 54.20, 284774
1648640271, 289, 262, 265, 142, 0, 7.98%, 0, 0, 11, 39.80, 285222
1648640317, 290, 122, 265, 142, 0, 7.98%, 0, 0, 11, 37.16, 286876
1648640343, 290, 176, 265, 142, 0, 7.98%, 0, 0, 11, 33.08, 287843
1648640378, 291, 133, 265, 142, 0, 7.98%, 0, 0, 11, 48.41, 289079
1648640383, 292, 121, 265, 142, 0, 7.98%, 0, 0, 11, 46.69, 289324
1648640404, 292, 198, 265, 142, 0, 7.98%, 0, 0, 11, 35.74, 290177
1648640445, 293, 105, 265, 142, 0, 7.98%, 0, 0, 11, 31.19, 291400
1648640455, 293, 192, 265, 142, 0, 7.98%, 0, 0, 11, 50.68, 291954
1648640470, 293, 192, 266, 143, 0, 7.98%, 0, 0, 11, 49.88, 292736
1648640475, 294, 136, 266, 143, 1, 7.98%, 0, 0, 11, 42.27, 292957
1648640491, 295, 16, 266, 143, 1, 7.98%, 0, 0, 11, 58.06, 293519
1648640496, 295, 85, 266, 143, 1, 7.98%, 0, 0, 11, 50.06, 293768
1648640501, 295, 218, 266, 143, 1, 7.98%, 0, 0, 11, 42.82, 293986
1648640536, 296, 16, 266, 143, 1, 7.98%, 0, 0, 11, 48.83, 295334
1648640542, 296, 218, 266, 143, 1, 7.98%, 0, 0, 11, 52.44, 295615
1648640562, 297, 150, 266, 143, 1, 7.98%, 0, 0, 11, 43.42, 296659
1648640598, 298, 105, 266, 143, 1, 7.98%, 0, 0, 11, 30.25, 297772
1648640608, 299, 122, 266, 143, 1, 7.98%, 0, 0, 11, 44.80, 298296
1648640613, 299, 175, 266, 143, 1, 7.98%, 0, 0, 11, 37.41, 298488
1648640644, 300, 133, 266, 143, 1, 7.98%, 0, 0, 11, 57.46, 299548
1648640649, 300, 174, 266, 143, 1, 7.98%, 0, 0, 11, 49.12, 299797
1648640669, 300, 174, 267, 144, 1, 7.98%, 0, 0, 11, 43.22, 300667
1648640674, 300, 207, 267, 144, 1, 7.98%, 0, 0, 11, 38.55, 300870
1648640715, 301, 133, 267, 144, 1, 7.98%, 0, 0, 11, 48.20, 302217
1648640720, 301, 239, 267, 144, 1, 7.98%, 0, 0, 11, 50.66, 302486
1648640756, 302, 143, 267, 144, 1, 7.98%, 0, 0, 11, 37.58, 304212
1648640771, 303, 105, 267, 144, 1, 7.98%, 0, 0, 11, 44.09, 304770
1648640776, 303, 256, 267, 144, 1, 7.98%, 0, 0, 11, 49.46, 305048
1648640782, 303, 256, 268, 145, 1, 7.98%, 0, 0, 12, 42.39, 305256
1648640797, 303, 256, 269, 146, 1, 7.98%, 0, 0, 12, 44.15, 305908
1648640812, 305, 105, 269, 145, 1, 7.98%, 0, 0, 12, 58.08, 306609
1648640817, 306, 91, 269, 145, 1, 7.98%, 0, 0, 12, 48.85, 306846
1648640822, 307, 133, 269, 145, 1, 7.98%, 0, 0, 12, 49.55, 307086
1648640827, 307, 177, 269, 145, 1, 7.98%, 0, 0, 12, 51.29, 307358
1648640848, 307, 191, 269, 145, 1, 7.98%, 0, 0, 12, 41.32, 308192
1648640894, 308, 48, 269, 144, 1, 7.98%, 0, 0, 12, 58.59, 309658
1648640899, 308, 215, 269, 144, 1, 7.98%, 0, 0, 12, 46.46, 309902
1648640920, 309, 120, 269, 144, 1, 7.98%, 0, 0, 12, 36.21, 310698
1648640930, 310, 48, 269, 144, 1, 7.98%, 0, 0, 12, 35.79, 311027
1648640935, 310, 241, 269, 144, 1, 7.98%, 0, 0, 12, 48.76, 311299
1648640961, 311, 140, 269, 144, 1, 7.98%, 0, 0, 12, 34.23, 312208
1648640981, 312, 60, 269, 143, 1, 7.98%, 0, 0, 12, 59.00, 312946
1648640986, 313, 226, 269, 143, 1, 7.98%, 0, 0, 12, 46.76, 313179
1648641007, 314, 2, 269, 142, 1, 7.98%, 0, 0, 12, 35.97, 313986
1648641017, 314, 60, 269, 142, 1, 7.98%, 0, 0, 12, 51.50, 314371
1648641022, 315, 122, 269, 142, 1, 7.98%, 0, 0, 12, 48.31, 314626
1648641032, 315, 215, 269, 142, 1, 7.98%, 0, 0, 12, 33.09, 314993
1648641058, 315, 247, 269, 142, 1, 7.98%, 0, 0, 12, 58.89, 315794
1648641079, 316, 163, 269, 142, 1, 7.98%, 0, 0, 12, 54.63, 316969
1648641099, 316, 170, 269, 142, 1, 7.98%, 0, 0, 12, 38.00, 317859
1648641130, 317, 60, 269, 142, 1, 7.98%, 0, 0, 12, 56.50, 318843
1648641135, 317, 175, 269, 142, 1, 7.98%, 0, 0, 12, 49.00, 319093
1648641140, 317, 175, 270, 143, 1, 7.98%, 0, 0, 12, 44.38, 319311
1648641155, 318, 121, 270, 143, 1, 7.98%, 0, 0, 12, 38.35, 319967
1648641165, 319, 48, 270, 143, 1, 7.98%, 0, 0, 12, 58.85, 320345
1648641170, 319, 172, 270, 143, 1, 7.98%, 0, 0, 12, 51.39, 320604
1648641196, 319, 223, 270, 143, 1, 7.98%, 0, 0, 12, 41.16, 321712
1648641211, 320, 133, 270, 143, 1, 7.98%, 0, 0, 12, 32.61, 322237
1648641221, 321, 190, 270, 143, 1, 7.98%, 0, 0, 12, 46.41, 322752
1648641241, 322, 154, 270, 143, 1, 7.98%, 0, 0, 12, 33.76, 323595
1648641252, 322, 247, 270, 143, 1, 7.98%, 0, 0, 12, 50.38, 324017
1648641272, 323, 179, 270, 143, 1, 7.98%, 0, 0, 12, 46.20, 325130
1648641298, 323, 268, 271, 144, 1, 7.98%, 0, 0, 13, 27.60, 326217
1648641344, 324, 105, 271, 143, 0, 7.98%, 0, 0, 13, 40.77, 327915
1648641349, 324, 236, 271, 143, 0, 7.98%, 0, 0, 13, 53.24, 328210
1648641390, 325, 14, 271, 143, 0, 7.98%, 0, 0, 13, 38.47, 330085
1648641395, 326, 209, 271, 143, 0, 7.98%, 0, 0, 13, 35.87, 330263
1648641420, 327, 186, 271, 143, 0, 7.98%, 0, 0, 13, 34.59, 331247
1648641456, 328, 133, 271, 143, 0, 7.98%, 0, 0, 13, 54.65, 332427
1648641461, 328, 150, 271, 143, 0, 7.98%, 0, 0, 13, 51.17, 332691
1648641477, 328, 212, 271, 143, 0, 7.98%, 0, 0, 13, 36.06, 333328
1648641492, 328, 247, 271, 143, 0, 7.98%, 0, 0, 13, 40.29, 333857
1648641513, 329, 196, 271, 143, 0, 7.98%, 0, 0, 13, 54.27, 335037
1648641538, 330, 120, 271, 143, 0, 7.98%, 0, 0, 13, 37.04, 336240
1648641548, 331, 105, 271, 143, 0, 7.98%, 0, 0, 13, 48.64, 336643
1648641553, 332, 200, 271, 143, 0, 7.98%, 0, 0, 13, 51.52, 336920
1648641589, 333, 56, 271, 143, 0, 7.98%, 0, 0, 13, 39.30, 338693
1648641594, 334, 84, 271, 143, 0, 7.98%, 0, 0, 13, 40.36, 338893
1648641599, 334, 200, 271, 143, 0, 7.98%, 0, 0, 13, 39.42, 339103
1648641655, 335, 60, 271, 143, 0, 7.98%, 0, 0, 13, 49.02, 341059
1648641660, 336, 90, 271, 143, 0, 7.98%, 0, 0, 13, 48.37, 341315
1648641665, 336, 187, 271, 143, 0, 7.98%, 0, 0, 13, 40.27, 341521
1648641696, 337, 170, 271, 143, 0, 7.98%, 0, 0, 13, 37.50, 342519
1648641716, 337, 262, 271, 143, 0, 7.98%, 0, 0, 13, 37.20, 343295
1648641763, 338, 133, 271, 143, 0, 7.98%, 0, 0, 13, 38.47, 344993
1648641773, 338, 175, 271, 143, 0, 7.98%, 0, 0, 13, 46.81, 345505
1648641778, 339, 154, 271, 143, 0, 7.98%, 0, 0, 13, 36.40, 345684
1648641788, 340, 60, 271, 143, 0, 7.98%, 0, 0, 13, 42.68, 346037
1648641793, 341, 153, 271, 143, 0, 7.98%, 0, 0, 13, 50.46, 346319
1648641823, 342, 95, 271, 143, 0, 7.98%, 0, 0, 13, 33.83, 347587
1648641828, 343, 171, 271, 143, 0, 7.98%, 0, 0, 13, 39.02, 347775
1648641839, 344, 149, 271, 143, 0, 7.98%, 0, 0, 13, 47.32, 348321
1648641859, 345, 105, 271, 143, 0, 7.98%, 0, 0, 13, 51.98, 349050
1648641865, 346, 120, 271, 143, 0, 7.98%, 0, 0, 13, 48.91, 349315
1648641870, 347, 60, 271, 143, 0, 7.98%, 0, 0, 13, 45.36, 349536
1648641880, 347, 206, 271, 143, 0, 7.98%, 0, 0, 13, 45.61, 350056
1648641905, 348, 1, 271, 143, 0, 7.98%, 0, 0, 13, 36.86, 351143
1648641915, 348, 60, 271, 143, 0, 7.98%, 0, 0, 13, 56.79, 351586
1648641920, 349, 209, 271, 143, 0, 7.98%, 0, 0, 13, 45.40, 351812
1648641941, 350, 200, 271, 143, 0, 7.98%, 0, 0, 13, 35.60, 352631
1648641992, 350, 247, 271, 143, 0, 7.98%, 0, 0, 13, 42.61, 354373
1648642012, 351, 214, 271, 143, 0, 7.98%, 0, 0, 13, 52.70, 355538
1648642032, 351, 236, 271, 142, 0, 7.98%, 0, 0, 13, 39.77, 356427
1648642079, 352, 261, 271, 142, 0, 7.98%, 0, 0, 13, 41.50, 358148
1648642104, 353, 241, 271, 141, 0, 7.98%, 0, 0, 13, 36.67, 359377
1648642130, 354, 133, 271, 141, 0, 7.98%, 0, 0, 13, 0.00, 360123
1648642140, 354, 165, 271, 141, 0, 7.98%, 0, 0, 13, 47.71, 360645
1648642160, 356, 60, 271, 141, 0, 7.98%, 0, 0, 13, 55.33, 361622
1648642165, 356, 224, 272, 142, 0, 7.98%, 0, 0, 13, 45.24, 361847
1648642186, 358, 105, 272, 142, 1, 7.98%, 0, 0, 13, 53.71, 362815
1648642191, 359, 108, 273, 143, 1, 7.98%, 0, 0, 13, 46.42, 363048
1648642201, 359, 167, 274, 144, 1, 8.08%, 0, 0, 13, 44.12, 363497
1648642242, 359, 247, 274, 144, 1, 8.08%, 0, 0, 13, 57.87, 364892
1648642262, 360, 186, 274, 144, 1, 8.08%, 0, 0, 13, 46.74, 366014
1648642288, 361, 113, 274, 144, 1, 8.08%, 0, 0, 13, 36.26, 367101
1648642298, 362, 48, 274, 144, 1, 8.08%, 0, 0, 13, 43.39, 367473
1648642303, 362, 224, 274, 144, 1, 8.08%, 0, 0, 13, 47.30, 367731
1648642324, 363, 162, 274, 144, 1, 8.08%, 0, 0, 13, 39.91, 368595
1648642350, 364, 132, 274, 143, 1, 8.08%, 0, 0, 13, 35.59, 369435
1648642370, 366, 16, 274, 143, 1, 8.08%, 0, 0, 13, 57.02, 370332
1648642375, 366, 183, 274, 143, 1, 8.08%, 0, 0, 13, 52.91, 370599
1648642395, 366, 210, 274, 143, 1, 8.08%, 0, 0, 13, 39.24, 371472
1648642416, 367, 179, 275, 144, 1, 8.08%, 0, 0, 13, 40.48, 372187
1648642441, 367, 186, 275, 144, 1, 8.08%, 0, 0, 13, 36.06, 373282
1648642477, 367, 247, 275, 144, 1, 8.08%, 0, 0, 13, 38.41, 374435
1648642498, 368, 210, 275, 144, 1, 8.08%, 0, 0, 13, 54.16, 375602
1648642508, 368, 231, 275, 144, 1, 8.08%, 0, 0, 13, 48.11, 376110
1648642538, 368, 247, 275, 144, 1, 8.08%, 0, 0, 13, 59.11, 376986
1648642559, 370, 40, 275, 144, 1, 8.08%, 0, 0, 13, 56.52, 378159
1648642564, 370, 140, 275, 144, 1, 8.08%, 0, 0, 13, 53.38, 378422
1648642584, 371, 240, 275, 144, 1, 8.08%, 0, 0, 13, 35.03, 379079
1648642620, 372, 231, 275, 144, 1, 8.08%, 0, 0, 13, 32.17, 380453
1648642651, 373, 205, 275, 144, 1, 8.08%, 0, 0, 13, 36.21, 381382
1648642671, 374, 98, 275, 144, 1, 8.08%, 0, 0, 13, 33.36, 382162
1648642681, 375, 48, 275, 144, 1, 8.08%, 0, 0, 13, 50.24, 382589
1648642687, 375, 271, 275, 144, 1, 8.08%, 0, 0, 13, 44.51, 382812
1648642692, 375, 271, 276, 145, 1, 8.08%, 0, 0, 13, 42.64, 383023
1648642702, 375, 271, 277, 146, 1, 8.08%, 0, 0, 13, 43.06, 383459
1648642712, 376, 66, 277, 145, 1, 8.08%, 0, 0, 13, 42.41, 383913
1648642722, 376, 133, 277, 145, 1, 8.08%, 0, 0, 13, 50.44, 384345
1648642727, 377, 165, 277, 145, 1, 8.08%, 0, 0, 13, 46.79, 384589
1648642748, 378, 164, 277, 145, 1, 8.08%, 0, 0, 13, 35.57, 385431
1648642758, 378, 247, 277, 145, 1, 8.08%, 0, 0, 13, 58.94, 385820
1648642779, 379, 203, 277, 145, 1, 8.08%, 0, 0, 13, 45.63, 386948
1648642784, 379, 203, 278, 146, 1, 8.08%, 0, 0, 13, 41.06, 387149
1648642799, 380, 152, 278, 146, 1, 8.08%, 0, 0, 13, 36.24, 387757
1648642820, 380, 247, 278, 146, 1, 8.08%, 0, 0, 13, 48.10, 388480
1648642840, 381, 182, 278, 146, 1, 8.08%, 0, 0, 13, 48.52, 389596
1648642865, 381, 215, 278, 146, 1, 8.08%, 0, 0, 13, 37.38, 390686
1648642896, 382, 105, 278, 146, 1, 8.08%, 0, 0, 13, 57.85, 391680
1648642901, 383, 52, 278, 146, 1, 8.08%, 0, 0, 13, 55.92, 391962
1648642906, 384, 116, 278, 146, 1, 8.08%, 0, 0, 13, 49.59, 392214
1648642911, 385, 83, 278, 146, 1, 8.08%, 0, 0, 13, 44.25, 392441
1648642921, 385, 133, 278, 146, 1, 8.08%, 0, 0, 13, 39.85, 392789
1648642926, 385, 154, 278, 146, 1, 8.08%, 0, 0, 13, 49.43, 393071
1648642936, 386, 111, 278, 146, 1, 8.08%, 0, 0, 13, 35.68, 393456
1648642947, 387, 239, 278, 146, 1, 8.08%, 0, 0, 13, 40.90, 393813
1648642982, 388, 183, 278, 146, 1, 8.08%, 0, 0, 13, 39.38, 395548
1648643008, 389, 48, 278, 146, 1, 8.08%, 0, 0, 13, 31.33, 396342
1648643013, 389, 262, 278, 146, 1, 8.08%, 0, 0, 13, 50.22, 396634
1648643053, 390, 138, 278, 146, 1, 8.08%, 0, 0, 13, 37.52, 398439
1648643069, 391, 133, 278, 146, 1, 8.08%, 0, 0, 13, 47.59, 399001
1648643074, 391, 237, 278, 146, 1, 8.08%, 0, 0, 13, 48.19, 399257
1648643114, 392, 223, 278, 146, 1, 8.08%, 0, 0, 13, 37.23, 401058
1648643130, 393, 96, 278, 146, 1, 8.08%, 0, 0, 13, 41.19, 401623
1648643135, 393, 189, 278, 146, 1, 8.08%, 0, 0, 13, 35.63, 401807
1648643191, 393, 247, 278, 146, 1, 8.08%, 0, 0, 13, 40.74, 403602
1648643212, 394, 241, 278, 146, 1, 8.08%, 0, 0, 13, 47.70, 404745
1648643237, 395, 237, 278, 146, 1, 8.08%, 0, 0, 13, 35.78, 405672
1648643294, 395, 247, 278, 146, 1, 8.08%, 0, 0, 13, 40.10, 407387
1648643315, 396, 66, 278, 146, 1, 8.08%, 0, 0, 13, 56.72, 408575
1648643320, 396, 188, 278, 146, 1, 8.08%, 0, 0, 13, 43.97, 408804
1648643350, 397, 105, 278, 146, 1, 8.08%, 0, 0, 13, 45.92, 409791
1648643355, 397, 256, 278, 146, 1, 8.08%, 0, 0, 13, 47.91, 410048
1648643386, 398, 231, 278, 146, 1, 8.08%, 0, 0, 13, 35.55, 411341
1648643416, 399, 16, 278, 146, 1, 8.08%, 0, 0, 13, 47.94, 412346
1648643421, 399, 258, 278, 146, 1, 8.08%, 0, 0, 13, 51.00, 412620
1648643442, 400, 224, 278, 145, 0, 8.08%, 0, 0, 13, 46.75, 413623
1648643472, 400, 247, 278, 145, 0, 8.08%, 0, 0, 13, 44.97, 414628
1648643493, 401, 96, 278, 145, 0, 8.08%, 0, 0, 13, 49.36, 415776
1648643498, 401, 198, 278, 145, 0, 8.08%, 0, 0, 13, 39.90, 415982
1648643539, 401, 247, 278, 145, 0, 8.08%, 0, 0, 13, 0.00, 417241
1648643560, 402, 198, 278, 145, 0, 8.08%, 0, 0, 13, 56.17, 418415
1648643596, 403, 164, 278, 145, 0, 8.08%, 0, 0, 13, 35.22, 419844
1648643606, 404, 133, 278, 145, 0, 8.08%, 0, 0, 13, 43.91, 420212
1648643611, 404, 253, 278, 145, 0, 8.08%, 0, 0, 13, 52.86, 420500
1648643631, 405, 12, 278, 144, 4294967295, 8.08%, 0, 0, 13, 52.84, 421582
1648643642, 405, 133, 278, 144, 4294967295, 8.08%, 0, 0, 13, 43.48, 421966
1648643647, 406, 169, 278, 144, 4294967295, 8.08%, 0, 0, 13, 48.09, 422226
1648643672, 406, 215, 278, 144, 4294967295, 8.08%, 0, 0, 13, 32.96, 423218
1648643698, 407, 48, 278, 144, 4294967295, 8.08%, 0, 0, 13, 32.20, 423989
1648643703, 408, 87, 278, 144, 4294967295, 8.08%, 0, 0, 13, 50.00, 424280
1648643713, 408, 190, 278, 144, 4294967295, 8.08%, 0, 0, 13, 35.16, 424674
1648643739, 409, 16, 278, 144, 4294967295, 8.08%, 0, 0, 13, 36.50, 425494
1648643744, 409, 210, 278, 144, 4294967295, 8.08%, 0, 0, 13, 48.38, 425774
1648643760, 409, 276, 278, 144, 4294967295, 8.08%, 0, 0, 13, 38.14, 426466
1648643790, 410, 105, 278, 143, 4294967294, 8.08%, 0, 0, 13, 59.05, 427551
1648643795, 412, 2, 278, 143, 4294967294, 8.08%, 0, 0, 13, 54.88, 427840
1648643805, 412, 262, 278, 143, 4294967294, 8.08%, 0, 0, 13, 28.13, 428245
1648643852, 415, 84, 278, 143, 4294967294, 8.08%, 0, 0, 13, 40.62, 429938
1648643857, 415, 189, 278, 143, 4294967294, 8.08%, 0, 0, 13, 39.72, 430150
1648643913, 416, 60, 278, 143, 4294967294, 8.08%, 0, 0, 13, 57.49, 431920
1648643919, 416, 194, 278, 143, 4294967294, 8.08%, 0, 0, 13, 57.03, 432214
1648643944, 416, 231, 278, 143, 4294967294, 8.08%, 0, 0, 13, 31.54, 433130
1648643975, 416, 247, 278, 143, 4294967294, 8.08%, 0, 0, 13, 56.87, 434153
1648643995, 418, 108, 278, 143, 4294967294, 8.08%, 0, 0, 13, 47.05, 435271
1648644005, 418, 108, 279, 144, 4294967294, 8.12%, 0, 0, 13, 44.19, 435715
1648644011, 419, 14, 279, 144, 1, 8.12%, 0, 0, 13, 35.85, 435885
1648644016, 419, 133, 279, 144, 1, 8.12%, 0, 0, 13, 40.37, 436081
1648644021, 420, 256, 279, 144, 1, 8.12%, 0, 0, 13, 51.67, 436359
1648644056, 421, 113, 279, 144, 1, 8.12%, 0, 0, 13, 34.24, 437800
1648644067, 422, 60, 279, 144, 1, 8.12%, 0, 0, 13, 55.23, 438180
1648644072, 423, 140, 279, 144, 1, 8.12%, 0, 0, 13, 49.21, 438440
1648644082, 423, 222, 279, 144, 1, 8.12%, 0, 0, 13, 33.86, 438822
1648644118, 424, 60, 279, 144, 1, 8.12%, 0, 0, 13, 47.47, 440035
1648644123, 424, 220, 279, 144, 1, 8.12%, 0, 0, 13, 51.43, 440315
1648644143, 425, 194, 279, 144, 1, 8.12%, 0, 0, 13, 51.80, 441362
1648644174, 426, 133, 279, 144, 1, 8.12%, 0, 0, 13, 41.83, 442347
1648644179, 426, 239, 279, 144, 1, 8.12%, 0, 0, 13, 51.88, 442625
1648644214, 427, 217, 279, 144, 1, 8.12%, 0, 0, 13, 41.82, 444400
1648644250, 427, 247, 279, 144, 1, 8.12%, 0, 0, 13, 51.87, 445717
1648644271, 429, 129, 279, 144, 1, 8.12%, 0, 0, 13, 46.61, 446836
1648644281, 429, 165, 279, 144, 1, 8.12%, 0, 0, 13, 36.06, 447237
1648644291, 430, 133, 279, 144, 1, 8.12%, 0, 0, 13, 31.67, 447558
1648644301, 431, 138, 279, 144, 1, 8.12%, 0, 0, 13, 43.92, 448063
1648644306, 432, 87, 279, 144, 1, 8.12%, 0, 0, 13, 36.64, 448251
1648644317, 432, 247, 279, 144, 1, 8.12%, 0, 0, 13, 48.07, 448653
1648644337, 433, 129, 279, 144, 1, 8.12%, 0, 0, 13, 48.34, 449791
1648644347, 433, 217, 279, 144, 1, 8.12%, 0, 0, 13, 38.06, 450212
1648644378, 434, 105, 279, 144, 1, 8.12%, 0, 0, 13, 43.57, 451339
1648644383, 435, 236, 279, 144, 1, 8.12%, 0, 0, 13, 52.71, 451631
1648644424, 436, 183, 279, 144, 1, 8.12%, 0, 0, 13, 35.25, 453478
1648644434, 437, 133, 279, 144, 1, 8.12%, 0, 0, 13, 32.29, 453799
1648644445, 437, 237, 279, 144, 1, 8.12%, 0, 0, 13, 45.01, 454308
1648644480, 439, 16, 279, 144, 1, 8.12%, 0, 0, 13, 48.08, 455941
1648644485, 439, 192, 279, 144, 1, 8.12%, 0, 0, 13, 53.56, 456232
1648644510, 440, 190, 279, 144, 1, 8.12%, 0, 0, 13, 37.62, 457452
1648644536, 441, 105, 279, 144, 1, 8.12%, 0, 0, 13, 41.86, 458307
1648644541, 442, 85, 279, 144, 1, 8.12%, 0, 0, 13, 51.03, 458583
1648644551, 442, 242, 280, 145, 1, 8.12%, 0, 0, 13, 36.72, 458979
1648644598, 443, 212, 280, 145, 0, 8.12%, 0, 0, 13, 41.92, 460695
1648644608, 444, 83, 280, 145, 0, 8.12%, 0, 0, 13, 44.27, 461177
1648644618, 446, 111, 280, 145, 0, 8.12%, 0, 0, 13, 38.31, 461538
1648644628, 447, 48, 280, 145, 0, 8.12%, 0, 0, 13, 58.26, 462048
1648644633, 447, 279, 280, 145, 0, 8.12%, 0, 0, 13, 52.99, 462305
1648644648, 449, 60, 280, 144, 4294967295, 8.12%, 0, 0, 13, 53.21, 463085
1648644653, 449, 217, 281, 145, 4294967295, 8.12%, 0, 0, 13, 55.03, 463375
1648644674, 450, 168, 281, 145, 1, 8.12%, 0, 0, 13, 51.16, 464470
1648644715, 451, 270, 281, 145, 1, 8.12%, 0, 0, 13, 44.34, 465839
1648644730, 453, 16, 281, 144, 0, 8.12%, 0, 0, 13, 55.41, 466607
1648644735, 453, 242, 281, 144, 0, 8.12%, 0, 0, 13, 52.15, 466882
1648644771, 454, 179, 281, 144, 0, 8.12%, 0, 0, 13, 45.31, 468552
1648644791, 455, 105, 281, 144, 0, 8.12%, 0, 0, 13, 40.96, 469228
1648644796, 456, 271, 281, 144, 0, 8.12%, 0, 0, 13, 50.28, 469511
1648644822, 457, 1, 281, 144, 0, 8.12%, 0, 0, 13, 42.75, 470651
1648644832, 457, 247, 281, 144, 0, 8.12%, 0, 0, 13, 46.82, 471063
1648644852, 459, 95, 281, 144, 0, 8.12%, 0, 0, 13, 52.09, 472215
1648644858, 459, 268, 281, 144, 0, 8.12%, 0, 0, 13, 34.82, 472422
1648644909, 460, 133, 281, 144, 0, 8.12%, 0, 0, 13, 49.92, 474368
1648644914, 461, 278, 281, 144, 0, 8.12%, 0, 0, 13, 45.41, 474602
1648644939, 462, 2, 281, 143, 4294967295, 8.12%, 0, 0, 13, 37.41, 475682
1648644949, 463, 150, 281, 143, 4294967295, 8.12%, 0, 0, 13, 37.31, 476021
1648644964, 463, 183, 281, 143, 4294967295, 8.12%, 0, 0, 13, 34.45, 476643
1648644974, 464, 48, 281, 143, 4294967295, 8.12%, 0, 0, 13, 47.67, 477042
1648644980, 464, 257, 281, 143, 4294967295, 8.12%, 0, 0, 13, 51.66, 477317
1648644995, 465, 243, 281, 142, 4294967295, 8.12%, 0, 0, 13, 40.92, 478066
1648645026, 466, 267, 281, 141, 4294967295, 8.12%, 0, 0, 13, 39.89, 479061
1648645046, 466, 267, 282, 142, 4294967295, 8.23%, 0, 0, 13, 39.88, 479908
1648645056, 467, 87, 282, 141, 1, 8.23%, 0, 0, 13, 34.09, 480277
1648645067, 468, 240, 282, 141, 1, 8.23%, 0, 0, 13, 37.81, 480626
1648645082, 468, 240, 283, 142, 1, 8.23%, 0, 0, 13, 38.03, 481220
1648645097, 469, 236, 283, 142, 1, 8.23%, 0, 0, 13, 38.47, 481862
1648645149, 470, 133, 283, 142, 1, 8.23%, 0, 0, 13, 50.86, 483815
1648645154, 471, 114, 283, 142, 1, 8.23%, 0, 0, 13, 47.89, 484061
1648645159, 472, 81, 283, 142, 1, 8.23%, 0, 0, 13, 40.09, 484268
1648645169, 473, 48, 283, 142, 1, 8.23%, 0, 0, 13, 45.26, 484646
1648645174, 474, 90, 283, 142, 1, 8.23%, 0, 0, 13, 47.44, 484899
1648645179, 474, 168, 283, 142, 1, 8.23%, 0, 0, 13, 40.42, 485110
1648645220, 475, 133, 283, 142, 1, 8.23%, 0, 0, 13, 50.93, 486506
1648645225, 475, 224, 283, 142, 1, 8.23%, 0, 0, 13, 46.90, 486743
1648645251, 476, 133, 283, 142, 1, 8.23%, 0, 0, 13, 49.49, 487874
1648645256, 477, 81, 283, 142, 1, 8.23%, 0, 0, 13, 50.55, 488141
1648645261, 477, 231, 283, 142, 1, 8.23%, 0, 0, 13, 45.21, 488363
1648645292, 477, 247, 283, 142, 1, 8.23%, 0, 0, 13, 58.71, 489281
1648645312, 478, 85, 283, 142, 1, 8.23%, 0, 0, 13, 54.22, 490438
1648645322, 478, 233, 283, 142, 1, 8.23%, 0, 0, 13, 42.91, 490886
1648645353, 479, 105, 283, 141, 1, 8.23%, 0, 0, 13, 46.01, 491995
1648645358, 480, 230, 283, 141, 1, 8.23%, 0, 0, 13, 48.46, 492257
1648645383, 482, 189, 283, 140, 0, 8.23%, 0, 0, 13, 42.61, 493294
1648645419, 484, 48, 283, 140, 0, 8.23%, 0, 0, 13, 59.30, 494859
1648645424, 485, 14, 283, 140, 0, 8.23%, 0, 0, 13, 57.04, 495154
1648645429, 485, 162, 283, 140, 0, 8.23%, 0, 0, 13, 53.78, 495423
1648645470, 486, 133, 283, 140, 0, 8.23%, 0, 0, 13, 49.38, 496827
1648645475, 487, 119, 283, 140, 0, 8.23%, 0, 0, 13, 48.18, 497076
1648645480, 488, 83, 283, 140, 0, 8.23%, 0, 0, 13, 38.94, 497274
1648645490, 490, 134, 283, 140, 0, 8.23%, 0, 0, 13, 38.27, 497621
1648645516, 491, 40, 283, 139, 0, 8.23%, 0, 0, 13, 39.50, 498730
1648645526, 491, 48, 283, 139, 0, 8.23%, 0, 0, 13, 48.26, 499140
1648645531, 491, 55, 283, 139, 0, 8.23%, 0, 0, 13, 53.11, 499417
1648645536, 491, 188, 283, 139, 0, 8.23%, 0, 0, 13, 40.00, 499625
1648645551, 492, 16, 283, 139, 0, 8.23%, 0, 0, 13, 49.31, 500200
1648645556, 492, 56, 283, 139, 0, 8.23%, 0, 0, 13, 52.99, 500472
1648645561, 492, 83, 283, 139, 0, 8.23%, 0, 0, 13, 37.65, 500660
1648645572, 492, 105, 283, 139, 0, 8.23%, 0, 0, 13, 50.46, 501088
1648645577, 492, 205, 283, 139, 0, 8.23%, 0, 0, 13, 43.32, 501310
1648645597, 493, 172, 283, 139, 0, 8.23%, 0, 0, 13, 36.08, 502109
1648645633, 494, 243, 283, 139, 0, 8.23%, 0, 0, 13, 30.06, 503215
1648645659, 495, 231, 283, 139, 0, 8.23%, 0, 0, 13, 32.57, 504109
1648645690, 496, 60, 283, 139, 0, 8.23%, 0, 0, 13, 58.02, 505086
1648645695, 497, 122, 283, 139, 0, 8.23%, 0, 0, 13, 51.29, 505345
1648645705, 498, 105, 283, 139, 0, 8.23%, 0, 0, 13, 48.28, 505786
1648645710, 499, 108, 283, 139, 0, 8.23%, 0, 0, 13, 46.97, 506032
1648645725, 499, 120, 283, 139, 0, 8.23%, 0, 0, 13, 34.61, 506631
1648645735, 499, 247, 283, 139, 0, 8.23%, 0, 0, 13, 45.11, 507008
1648645756, 501, 136, 283, 139, 0, 8.23%, 0, 0, 13, 49.68, 508105
1648645766, 502, 83, 283, 139, 0, 8.23%, 0, 0, 13, 36.31, 508511
1648645776, 504, 40, 283, 139, 0, 8.23%, 0, 0, 13, 45.28, 508888
1648645781, 504, 140, 283, 139, 0, 8.23%, 0, 0, 13, 37.15, 509084
1648645792, 505, 16, 283, 139, 0, 8.23%, 0, 0, 13, 39.68, 509433
1648645797, 506, 52, 283, 139, 0, 8.23%, 0, 0, 13, 51.50, 509709
1648645802, 506, 202, 283, 139, 0, 8.23%, 0, 0, 13, 45.67, 509949
1648645843, 507, 60, 283, 139, 0, 8.23%, 0, 0, 13, 55.41, 511272
1648645848, 507, 279, 283, 139, 0, 8.23%, 0, 0, 13, 52.57, 511541
1648645868, 508, 217, 283, 139, 0, 8.23%, 0, 0, 13, 36.90, 512464
1648645899, 509, 48, 283, 139, 0, 8.23%, 0, 0, 13, 37.97, 513522
1648645904, 510, 133, 283, 139, 0, 8.23%, 0, 0, 13, 50.13, 513794
1648645914, 511, 119, 283, 139, 0, 8.23%, 0, 0, 13, 36.95, 514223
1648645924, 511, 247, 283, 139, 0, 8.23%, 0, 0, 13, 47.74, 514619
1648645945, 512, 52, 283, 139, 0, 8.23%, 0, 0, 13, 55.10, 515774
1648645950, 512, 110, 283, 139, 0, 8.23%, 0, 0, 13, 38.93, 515966
1648645960, 513, 48, 283, 139, 0, 8.23%, 0, 0, 13, 48.96, 516323
1648645965, 514, 111, 283, 139, 0, 8.23%, 0, 0, 13, 47.41, 516573
1648645975, 514, 154, 283, 139, 0, 8.23%, 0, 0, 13, 33.72, 516953
1648645986, 515, 48, 283, 139, 0, 8.23%, 0, 0, 13, 46.15, 517337
1648645991, 515, 264, 283, 139, 0, 8.23%, 0, 0, 13, 49.83, 517600
1648646006, 516, 192, 283, 138, 0, 8.23%, 0, 0, 13, 46.07, 518339
1648646047, 517, 48, 283, 138, 0, 8.23%, 0, 0, 13, 49.65, 519754
1648646052, 517, 260, 283, 138, 0, 8.23%, 0, 0, 13, 43.41, 519970
1648646078, 518, 162, 283, 138, 0, 8.23%, 0, 0, 13, 37.66, 521053
1648646113, 519, 16, 283, 138, 0, 8.23%, 0, 0, 13, 37.35, 522180
1648646118, 520, 14, 283, 138, 0, 8.23%, 0, 0, 13, 50.73, 522458
1648646123, 520, 133, 283, 138, 0, 8.23%, 0, 0, 13, 49.91, 522713
1648646134, 521, 122, 283, 138, 0, 8.23%, 0, 0, 13, 43.55, 523204
1648646139, 521, 240, 283, 138, 0, 8.23%, 0, 0, 13, 37.34, 523394
1648646185, 522, 48, 283, 138, 0, 8.23%, 0, 0, 13, 43.89, 524788
1648646190, 522, 220, 283, 138, 0, 8.23%, 0, 0, 13, 49.61, 525062
1648646215, 523, 52, 283, 138, 0, 8.23%, 0, 0, 13, 40.71, 526272
1648646220, 524, 268, 283, 138, 0, 8.23%, 0, 0, 13, 42.62, 526484
1648646261, 525, 158, 283, 138, 0, 8.23%, 0, 0, 13, 33.08, 528280
1648646287, 526, 133, 283, 138, 0, 8.23%, 0, 0, 13, 35.70, 529066
1648646292, 526, 158, 283, 138, 0, 8.23%, 0, 0, 13, 50.57, 529344
1648646317, 526, 191, 283, 138, 0, 8.23%, 0, 0, 13, 32.57, 530316
1648646363, 526, 247, 283, 138, 0, 8.23%, 0, 0, 13, 57.68, 531806
1648646383, 528, 136, 283, 138, 0, 8.23%, 0, 0, 13, 46.48, 532894
1648646388, 529, 85, 283, 138, 0, 8.23%, 0, 0, 13, 36.85, 533085
1648646399, 530, 16, 283, 138, 0, 8.23%, 0, 0, 13, 46.86, 533480
1648646404, 530, 256, 283, 138, 0, 8.23%, 0, 0, 13, 46.22, 533723
1648646445, 531, 102, 283, 138, 0, 8.23%, 0, 0, 13, 34.87, 535397
1648646455, 532, 60, 283, 138, 0, 8.23%, 0, 0, 13, 36.45, 535721
1648646460, 533, 243, 283, 138, 0, 8.23%, 0, 0, 13, 51.56, 536004
1648646485, 534, 87, 283, 138, 0, 8.23%, 0, 0, 13, 33.85, 536938
1648646495, 534, 247, 283, 138, 0, 8.23%, 0, 0, 13, 47.11, 537330
1648646516, 535, 257, 283, 138, 0, 8.23%, 0, 0, 13, 54.35, 538487
1648646531, 536, 116, 283, 138, 0, 8.23%, 0, 0, 13, 42.88, 539239
1648646542, 537, 237, 283, 138, 0, 8.23%, 0, 0, 13, 35.04, 539572
1648646582, 538, 132, 283, 138, 0, 8.23%, 0, 0, 13, 37.24, 541349
1648646598, 538, 247, 283, 138, 0, 8.23%, 0, 0, 13, 47.30, 541909
1648646618, 540, 134, 283, 138, 0, 8.23%, 0, 0, 13, 48.46, 543031
1648646643, 540, 192, 283, 138, 0, 8.23%, 0, 0, 13, 41.28, 544146
1648646679, 542, 3, 283, 138, 0, 8.23%, 0, 0, 13, 36.16, 545295
1648646684, 542, 249, 283, 138, 0, 8.23%, 0, 0, 13, 43.87, 545542
1648646720, 543, 256, 283, 137, 0, 8.23%, 0, 0, 13, 37.41, 546795
1648646760, 544, 133, 283, 137, 0, 8.23%, 0, 0, 13, 41.84, 548468
1648646771, 544, 249, 283, 137, 0, 8.23%, 0, 0, 13, 49.74, 549001
1648646791, 545, 135, 283, 137, 0, 8.23%, 0, 0, 13, 44.70, 549976
1648646806, 545, 247, 283, 137, 0, 8.23%, 0, 0, 13, 57.03, 550512
1648646827, 547, 138, 283, 137, 0, 8.23%, 0, 0, 13, 48.49, 551636
1648646837, 549, 170, 283, 137, 0, 8.23%, 0, 0, 13, 39.99, 552042
1648646857, 550, 98, 283, 137, 0, 8.23%, 0, 0, 13, 34.12, 552834
1648646868, 550, 133, 283, 137, 0, 8.23%, 0, 0, 13, 47.93, 553239
1648646873, 551, 134, 283, 137, 0, 8.23%, 0, 0, 13, 48.08, 553493
1648646888, 551, 135, 283, 137, 0, 8.23%, 0, 0, 13, 34.85, 554092
1648646898, 552, 276, 283, 137, 0, 8.23%, 0, 0, 13, 35.08, 554422
1648646924, 553, 244, 283, 137, 0, 8.23%, 0, 0, 13, 43.34, 555557
1648646944, 554, 241, 283, 137, 0, 8.23%, 0, 0, 13, 33.88, 556226
1648646955, 554, 241, 284, 138, 0, 8.23%, 0, 0, 13, 35.25, 556593
1648646970, 556, 278, 284, 138, 0, 8.23%, 0, 0, 13, 41.93, 557201
1648646996, 557, 81, 284, 138, 0, 8.23%, 0, 0, 13, 36.32, 558267
1648647006, 557, 133, 284, 138, 0, 8.23%, 0, 0, 13, 48.15, 558669
1648647011, 558, 207, 284, 138, 0, 8.23%, 0, 0, 13, 48.30, 558922
1648647036, 559, 121, 284, 138, 0, 8.23%, 0, 0, 13, 37.73, 560019
1648647046, 560, 180, 284, 138, 0, 8.23%, 0, 0, 13, 33.49, 560339
1648647072, 560, 256, 284, 138, 0, 8.23%, 0, 0, 13, 41.27, 561472
1648647128, 561, 247, 284, 138, 0, 8.23%, 0, 0, 13, 39.93, 563286
1648647139, 562, 206, 284, 138, 0, 8.23%, 0, 0, 13, 51.26, 563862
1648647164, 563, 200, 284, 138, 0, 8.23%, 0, 0, 13, 40.01, 564982
1648647220, 564, 16, 284, 138, 0, 8.23%, 0, 0, 13, 57.84, 566912
1648647225, 564, 276, 284, 138, 0, 8.23%, 0, 0, 13, 50.36, 567166
1648647250, 565, 92, 285, 139, 0, 8.23%, 0, 0, 13, 37.04, 568257
1648647260, 565, 247, 285, 139, 0, 8.23%, 0, 0, 13, 57.49, 568665
1648647266, 566, 241, 285, 139, 0, 8.23%, 0, 0, 13, 44.87, 568894
1648647291, 567, 164, 285, 139, 0, 8.23%, 0, 0, 13, 32.29, 569793
1648647301, 568, 133, 285, 139, 0, 8.23%, 0, 0, 13, 46.54, 570190
1648647306, 569, 110, 285, 139, 0, 8.23%, 0, 0, 13, 48.12, 570444
1648647317, 569, 182, 285, 139, 0, 8.23%, 0, 0, 13, 35.62, 570838
1648647352, 569, 247, 285, 139, 0, 8.23%, 0, 0, 13, 44.64, 572002
1648647358, 570, 237, 285, 139, 0, 8.23%, 0, 0, 13, 47.43, 572256
1648647398, 571, 40, 285, 139, 0, 8.23%, 0, 0, 13, 37.96, 574030
1648647409, 572, 223, 285, 139, 0, 8.23%, 0, 0, 13, 46.19, 574448
1648647419, 573, 139, 285, 139, 0, 8.23%, 0, 0, 13, 37.20, 574917
1648647445, 574, 16, 285, 139, 0, 8.23%, 0, 0, 13, 29.19, 575674
1648647455, 574, 172, 285, 139, 0, 8.23%, 0, 0, 13, 45.07, 576176
1648647470, 574, 247, 285, 139, 0, 8.23%, 0, 0, 13, 37.77, 576704
1648647475, 575, 187, 285, 139, 0, 8.23%, 0, 0, 13, 51.90, 576983
1648647495, 576, 139, 285, 139, 0, 8.23%, 0, 0, 13, 40.41, 577870
1648647511, 577, 105, 285, 139, 0, 8.23%, 0, 0, 13, 56.78, 578336
1648647521, 578, 282, 285, 139, 0, 8.23%, 0, 0, 13, 47.74, 578855
1648647556, 579, 192, 285, 138, 0, 8.23%, 0, 0, 13, 39.00, 580489
1648647592, 579, 247, 285, 138, 0, 8.23%, 0, 0, 13, 40.89, 581657
1648647597, 580, 187, 285, 138, 0, 8.23%, 0, 0, 13, 49.32, 581923
1648647608, 581, 87, 285, 138, 0, 8.23%, 0, 0, 13, 39.87, 582352
1648647618, 581, 105, 285, 138, 0, 8.23%, 0, 0, 13, 40.62, 582702
1648647623, 582, 247, 285, 138, 0, 8.23%, 0, 0, 13, 51.38, 582987
1648647633, 583, 236, 285, 138, 0, 8.23%, 0, 0, 13, 36.47, 583424
1648647679, 584, 225, 285, 138, 0, 8.23%, 0, 0, 13, 39.12, 585106
1648647705, 585, 85, 285, 138, 0, 8.23%, 0, 0, 13, 42.54, 586222
1648647715, 586, 217, 285, 138, 0, 8.23%, 0, 0, 13, 37.58, 586558
1648647735, 587, 121, 285, 138, 0, 8.23%, 0, 0, 13, 47.99, 587651
1648647746, 587, 133, 285, 138, 0, 8.23%, 0, 0, 13, 39.49, 588004
1648647751, 588, 119, 285, 138, 0, 8.23%, 0, 0, 13, 50.75, 588281
1648647761, 588, 198, 285, 138, 0, 8.23%, 0, 0, 13, 36.12, 588691
1648647802, 589, 16, 285, 138, 0, 8.23%, 0, 0, 13, 27.54, 589893
1648647807, 589, 191, 285, 138, 0, 8.23%, 0, 0, 13, 51.16, 590185
1648647843, 590, 139, 285, 138, 0, 8.23%, 0, 0, 13, 34.53, 591555
1648647858, 591, 168, 285, 138, 0, 8.23%, 0, 0, 13, 37.78, 592043
1648647873, 592, 127, 285, 138, 0, 8.23%, 0, 0, 13, 33.96, 592651
1648647899, 593, 48, 285, 138, 0, 8.23%, 0, 0, 13, 37.26, 593454
1648647904, 593, 179, 285, 138, 0, 8.23%, 0, 0, 13, 48.76, 593722
1648647919, 594, 98, 285, 138, 0, 8.23%, 0, 0, 13, 35.89, 594355
1648647929, 594, 247, 285, 138, 0, 8.23%, 0, 0, 13, 56.96, 594766
1648647935, 595, 129, 285, 138, 0, 8.23%, 0, 0, 13, 49.80, 595014
1648647940, 595, 154, 285, 138, 0, 8.23%, 0, 0, 13, 40.26, 595222
1648647950, 597, 129, 285, 138, 0, 8.23%, 0, 0, 13, 33.39, 595534
1648647960, 597, 158, 285, 138, 0, 8.23%, 0, 0, 13, 33.81, 595932
1648647970, 597, 247, 285, 138, 0, 8.23%, 0, 0, 13, 47.21, 596329
1648647976, 598, 189, 285, 138, 0, 8.23%, 0, 0, 13, 48.57, 596587
1648647996, 599, 188, 285, 138, 0, 8.23%, 0, 0, 13, 34.86, 597459
1648648006, 600, 231, 285, 138, 0, 8.23%, 0, 0, 13, 37.20, 597808
1648648027, 601, 111, 285, 138, 0, 8.23%, 0, 0, 13, 35.12, 598583
1648648037, 602, 237, 285, 138, 0, 8.23%, 0, 0, 13, 35.72, 598926
1648648078, 603, 153, 285, 138, 0, 8.23%, 0, 0, 13, 35.96, 600752
1648648093, 603, 247, 285, 138, 0, 8.23%, 0, 0, 13, 59.23, 601258
1648648098, 604, 168, 285, 138, 0, 8.23%, 0, 0, 13, 56.08, 601551
1648648113, 604, 198, 285, 138, 0, 8.23%, 0, 0, 13, 36.24, 602195
1648648154, 605, 220, 285, 138, 0, 8.23%, 0, 0, 13, 30.27, 603423
1648648180, 606, 1, 285, 138, 0, 8.23%, 0, 0, 13, 40.64, 604686
1648648190, 606, 105, 285, 138, 0, 8.23%, 0, 0, 13, 50.97, 605121
1648648195, 607, 16, 285, 138, 0, 8.23%, 0, 0, 13, 55.60, 605416
1648648200, 607, 284, 286, 139, 0, 8.23%, 0, 0, 13, 28.60, 605614
1648648245, 608, 48, 286, 138, 0, 8.23%, 0, 0, 13, 50.98, 607465
1648648251, 609, 135, 286, 138, 0, 8.23%, 0, 0, 13, 46.76, 607713
1648648256, 610, 66, 286, 138, 0, 8.23%, 0, 0, 13, 41.62, 607927
1648648266, 611, 16, 286, 138, 0, 8.23%, 0, 0, 13, 49.91, 608357
1648648271, 611, 283, 286, 138, 0, 8.23%, 0, 0, 13, 39.91, 608562
1648648297, 612, 14, 286, 137, 4294967295, 8.23%, 0, 0, 13, 34.98, 609451
1648648302, 612, 48, 286, 137, 4294967295, 8.23%, 0, 0, 13, 38.01, 609637
1648648307, 612, 95, 286, 137, 4294967295, 8.23%, 0, 0, 13, 50.00, 609923
1648648317, 612, 162, 286, 137, 4294967295, 8.23%, 0, 0, 13, 36.59, 610332
1648648353, 612, 247, 286, 137, 4294967295, 8.23%, 0, 0, 13, 56.26, 611588
1648648358, 614, 98, 286, 137, 4294967295, 8.23%, 0, 0, 13, 46.81, 611821
1648648363, 614, 151, 286, 137, 4294967295, 8.23%, 0, 0, 13, 38.23, 612018
1648648383, 615, 133, 286, 137, 4294967295, 8.23%, 0, 0, 13, 49.85, 612765
1648648388, 616, 142, 286, 137, 4294967295, 8.23%, 0, 0, 13, 55.12, 613049
1648648399, 616, 214, 286, 137, 4294967295, 8.23%, 0, 0, 13, 40.43, 613549
1648648424, 617, 271, 286, 137, 4294967295, 8.23%, 0, 0, 13, 34.04, 614367
1648648455, 618, 268, 286, 137, 4294967295, 8.23%, 0, 0, 13, 37.72, 615656
1648648501, 619, 133, 286, 137, 4294967295, 8.23%, 0, 0, 13, 47.30, 617396
1648648506, 620, 217, 286, 137, 4294967295, 8.23%, 0, 0, 13, 52.12, 617669
1648648526, 621, 191, 286, 137, 4294967295, 8.23%, 0, 0, 13, 41.57, 618705
1648648572, 622, 277, 286, 137, 4294967295, 8.23%, 0, 0, 13, 44.28, 620165
1648648593, 623, 198, 286, 136, 4294967295, 8.23%, 0, 0, 13, 42.60, 621165
1648648638, 625, 110, 286, 136, 4294967295, 8.23%, 0, 0, 13, 38.84, 622588
1648648644, 627, 48, 286, 136, 4294967295, 8.23%, 0, 0, 13, 41.69, 622804
1648648649, 627, 281, 286, 136, 4294967295, 8.23%, 0, 0, 13, 51.42, 623083
1648648684, 628, 172, 286, 135, 4294967294, 8.23%, 0, 0, 13, 35.17, 624431
1648648695, 630, 54, 286, 135, 4294967294, 8.23%, 0, 0, 13, 34.10, 624758
1648648705, 632, 140, 286, 135, 4294967294, 8.23%, 0, 0, 13, 42.39, 625201
1648648710, 632, 167, 286, 135, 4294967294, 8.23%, 0, 0, 13, 38.50, 625405
1648648751, 633, 56, 286, 135, 4294967294, 8.23%, 0, 0, 13, 48.14, 626778
1648648756, 633, 281, 286, 135, 4294967294, 8.23%, 0, 0, 13, 35.15, 626944
1648648797, 634, 48, 286, 135, 4294967294, 8.23%, 0, 0, 13, 40.96, 628220
1648648802, 634, 252, 286, 135, 4294967294, 8.23%, 0, 0, 13, 50.55, 628492
1648648823, 635, 217, 286, 134, 4294967294, 8.23%, 0, 0, 13, 36.78, 629432
1648648853, 636, 133, 286, 134, 4294967294, 8.23%, 0, 0, 13, 39.28, 630507
1648648858, 636, 174, 286, 134, 4294967294, 8.23%, 0, 0, 13, 51.57, 630785
1648648888, 637, 132, 286, 134, 4294967294, 8.23%, 0, 0, 13, 35.81, 632098
1648648899, 638, 149, 286, 134, 4294967294, 8.23%, 0, 0, 13, 32.50, 632425
1648648914, 639, 95, 286, 134, 4294967294, 8.23%, 0, 0, 13, 35.55, 633042
1648648924, 640, 48, 286, 134, 4294967294, 8.23%, 0, 0, 13, 46.90, 633437
1648648929, 641, 16, 286, 134, 4294967294, 8.23%, 0, 0, 13, 53.30, 633714
1648648934, 641, 116, 286, 134, 4294967294, 8.23%, 0, 0, 13, 38.98, 633912
1648648945, 641, 133, 286, 134, 4294967294, 8.23%, 0, 0, 13, 41.45, 634270
1648648950, 642, 102, 286, 134, 4294967294, 8.23%, 0, 0, 13, 46.30, 634522
1648648960, 643, 96, 286, 134, 4294967294, 8.23%, 0, 0, 13, 32.77, 634888
1648648965, 643, 247, 286, 134, 4294967294, 8.23%, 0, 0, 13, 43.69, 635044
1648648975, 644, 142, 286, 134, 4294967294, 8.23%, 0, 0, 13, 55.44, 635617
1648648980, 646, 60, 286, 134, 4294967294, 8.23%, 0, 0, 13, 53.25, 635880
1648648985, 647, 91, 286, 134, 4294967294, 8.23%, 0, 0, 13, 50.15, 636135
1648648990, 647, 114, 286, 134, 4294967294, 8.23%, 0, 0, 13, 41.42, 636342
1648649006, 648, 48, 286, 134, 4294967294, 8.23%, 0, 0, 13, 49.98, 636929
1648649011, 648, 81, 286, 134, 4294967294, 8.23%, 0, 0, 13, 45.03, 637152
1648649016, 648, 110, 286, 134, 4294967294, 8.23%, 0, 0, 13, 35.80, 637331
1648649026, 649, 16, 286, 134, 4294967294, 8.23%, 0, 0, 13, 42.92, 637697
1648649031, 649, 84, 286, 134, 4294967294, 8.23%, 0, 0, 13, 46.38, 637947
1648649036, 649, 217, 286, 134, 4294967294, 8.23%, 0, 0, 13, 41.31, 638160
1648649072, 650, 48, 286, 134, 4294967294, 8.23%, 0, 0, 13, 43.05, 639409
1648649077, 650, 179, 286, 134, 4294967294, 8.23%, 0, 0, 13, 48.77, 639674
1648649087, 651, 134, 286, 134, 4294967294, 8.23%, 0, 0, 13, 34.86, 640067
1648649103, 652, 105, 286, 134, 4294967294, 8.23%, 0, 0, 13, 44.62, 640556
1648649113, 653, 109, 286, 134, 4294967294, 8.23%, 0, 0, 13, 53.89, 641105
1648649118, 653, 213, 286, 134, 4294967294, 8.23%, 0, 0, 13, 44.33, 641337
1648649159, 654, 133, 286, 134, 4294967294, 8.23%, 0, 0, 13, 47.81, 642688
1648649164, 656, 12, 286, 134, 4294967294, 8.23%, 0, 0, 13, 50.61, 642957
1648649169, 656, 14, 286, 134, 4294967294, 8.23%, 0, 0, 13, 40.94, 643170
1648649179, 656, 133, 286, 134, 4294967294, 8.23%, 0, 0, 13, 47.89, 643582
1648649184, 656, 163, 286, 134, 4294967294, 8.23%, 0, 0, 13, 45.61, 643822
1648649204, 656, 209, 286, 134, 4294967294, 8.23%, 0, 0, 13, 34.96, 644675
1648649235, 657, 16, 286, 134, 4294967294, 8.23%, 0, 0, 13, 48.18, 645701
1648649241, 657, 260, 286, 134, 4294967294, 8.23%, 0, 0, 13, 44.74, 645932
1648649246, 657, 260, 287, 135, 4294967294, 8.23%, 0, 0, 13, 43.48, 646149
1648649266, 657, 268, 287, 135, 0, 8.23%, 0, 0, 13, 35.95, 647026
1648649312, 658, 16, 287, 135, 0, 8.23%, 0, 0, 13, 34.76, 648686
1648649317, 658, 187, 287, 135, 0, 8.23%, 0, 0, 13, 51.08, 648968
1648649328, 659, 111, 287, 135, 0, 8.23%, 0, 0, 13, 35.78, 649367
1648649338, 659, 247, 287, 135, 0, 8.23%, 0, 0, 13, 55.91, 649714
1648649343, 660, 285, 287, 135, 0, 8.23%, 0, 0, 13, 55.09, 650003
1648649363, 661, 149, 287, 134, 0, 8.23%, 0, 0, 13, 37.58, 650925
1648649374, 662, 192, 287, 134, 0, 8.23%, 0, 0, 13, 38.77, 651264
1648649379, 662, 267, 287, 134, 0, 8.23%, 0, 0, 13, 44.47, 651511
1648649425, 663, 133, 287, 134, 0, 8.23%, 0, 0, 13, 46.70, 653015
1648649430, 663, 210, 287, 134, 0, 8.23%, 0, 0, 13, 48.14, 653266
1648649440, 664, 60, 287, 134, 0, 8.23%, 0, 0, 13, 59.36, 653764
1648649450, 665, 194, 287, 134, 0, 8.23%, 0, 0, 13, 42.17, 654245
1648649471, 666, 51, 287, 134, 0, 8.23%, 0, 0, 13, 34.33, 654985
1648649481, 666, 133, 287, 134, 0, 8.23%, 0, 0, 13, 47.82, 655399
1648649486, 666, 198, 287, 134, 0, 8.23%, 0, 0, 13, 45.19, 655636
1648649517, 667, 77, 287, 134, 0, 8.23%, 0, 0, 13, 36.09, 656863
1648649527, 668, 60, 287, 134, 0, 8.23%, 0, 0, 13, 33.94, 657180
1648649537, 669, 53, 287, 134, 0, 8.23%, 0, 0, 13, 52.05, 657727
1648649542, 669, 77, 287, 134, 0, 8.23%, 0, 0, 13, 37.09, 657898
1648649552, 669, 105, 287, 134, 0, 8.23%, 0, 0, 13, 49.80, 658317
1648649557, 670, 114, 287, 134, 0, 8.23%, 0, 0, 13, 46.84, 658558
1648649562, 670, 191, 287, 134, 0, 8.23%, 0, 0, 13, 40.11, 658765
1648649608, 671, 60, 287, 134, 0, 8.23%, 0, 0, 13, 50.60, 660225
1648649613, 672, 96, 287, 134, 0, 8.23%, 0, 0, 13, 49.90, 660486
1648649618, 673, 52, 287, 134, 0, 8.23%, 0, 0, 13, 41.02, 660693
1648649628, 673, 133, 287, 134, 0, 8.23%, 0, 0, 13, 49.20, 661139
1648649633, 673, 151, 287, 134, 0, 8.23%, 0, 0, 13, 49.13, 661398
1648649644, 673, 282, 288, 135, 0, 8.23%, 0, 0, 13, 36.50, 661786
