# unix_time, cycles_done, cur_path, paths_total, pending_total, pending_favs, map_size, unique_crashes, unique_hangs, max_depth, execs_per_sec, total_execs
1648633189, 0, 2, 5, 5, 2, 7.09%, 0, 0, 2, 28.65, 65
1648633194, 0, 2, 28, 28, 2, 7.34%, 0, 0, 2, 42.08, 298
1648633200, 0, 2, 49, 49, 2, 7.35%, 0, 0, 2, 50.71, 577
1648633205, 1, 0, 61, 60, 1, 7.45%, 0, 0, 2, 5.28, 807
1648633210, 1, 0, 66, 65, 1, 7.48%, 0, 0, 2, 35.41, 978
1648633215, 1, 58, 68, 66, 0, 7.48%, 0, 0, 3, 46.11, 1152
1648633220, 2, 19, 69, 66, 1, 7.48%, 0, 0, 3, 53.57, 1430
1648633225, 2, 19, 78, 75, 1, 7.63%, 0, 0, 3, 50.01, 1666
1648633230, 3, 2, 83, 79, 4, 7.63%, 0, 0, 3, 31.21, 1858
1648633235, 3, 2, 85, 81, 4, 7.63%, 0, 0, 3, 30.04, 2006
1648633240, 3, 58, 85, 81, 0, 7.63%, 0, 0, 3, 35.40, 2177
1648633246, 3, 75, 86, 82, 0, 7.63%, 0, 0, 4, 52.85, 2475
1648633251, 3, 75, 87, 83, 0, 7.63%, 0, 0, 4, 54.76, 2753
1648633256, 4, 0, 87, 82, 5, 7.63%, 0, 0, 4, 37.37, 2925
1648633261, 4, 58, 87, 82, 5, 7.63%, 0, 0, 4, 42.96, 3129
1648633266, 5, 64, 94, 89, 5, 7.65%, 0, 0, 4, 53.02, 3421
1648633271, 5, 64, 104, 99, 5, 7.69%, 0, 0, 4, 53.05, 3696
1648633277, 6, 62, 106, 100, 3, 7.69%, 0, 0, 4, 41.74, 3911
1648633282, 6, 89, 107, 100, 3, 7.69%, 0, 0, 4, 0.00, 4079
1648633297, 7, 87, 115, 107, 0, 7.76%, 0, 0, 4, 53.58, 4901
1648633302, 7, 87, 116, 108, 0, 7.86%, 0, 0, 4, 54.66, 5188
1648633307, 8, 62, 116, 107, 3, 7.86%, 0, 0, 4, 42.51, 5401
1648633312, 8, 89, 116, 107, 3, 7.86%, 0, 0, 4, 36.23, 5577
1648633322, 9, 89, 116, 107, 3, 7.86%, 0, 0, 4, 55.40, 6144
1648633327, 10, 19, 117, 108, 3, 7.86%, 0, 0, 4, 24.30, 6298
1648633332, 10, 89, 117, 108, 3, 7.86%, 0, 0, 4, 27.88, 6448
1648633343, 12, 84, 124, 115, 3, 7.87%, 0, 0, 4, 50.12, 6972
1648633348, 13, 82, 127, 117, 3, 7.88%, 0, 0, 4, 41.17, 7193
1648633358, 14, 58, 127, 116, 3, 7.88%, 0, 0, 4, 47.34, 7579
1648633363, 15, 67, 127, 116, 3, 7.88%, 0, 0, 4, 52.42, 7862
1648633368, 15, 82, 127, 115, 2, 7.88%, 0, 0, 4, 43.42, 8089
1648633379, 15, 114, 128, 116, 2, 7.88%, 0, 0, 5, 59.22, 8452
1648633399, 17, 71, 130, 117, 0, 7.88%, 0, 0, 5, 50.03, 9599
1648633404, 17, 130, 131, 117, 3, 7.88%, 0, 0, 5, 44.20, 9831
1648633420, 17, 130, 132, 118, 3, 7.88%, 0, 0, 5, 31.55, 10311
1648633435, 18, 110, 133, 118, 0, 7.88%, 0, 0, 5, 39.73, 10857
1648633455, 20, 3, 133, 117, 0, 7.88%, 0, 0, 5, 52.40, 12025
1648633461, 20, 123, 133, 116, 0, 7.88%, 0, 0, 5, 39.29, 12229
1648633476, 21, 110, 133, 115, 0, 7.88%, 0, 0, 5, 48.85, 12792
1648633486, 22, 127, 135, 117, 0, 7.89%, 0, 0, 6, 56.03, 13362
1648633496, 25, 62, 135, 115, 3, 7.89%, 0, 0, 6, 49.09, 13892
1648633501, 26, 17, 136, 116, 3, 7.89%, 0, 0, 6, 44.19, 14134
1648633512, 28, 83, 141, 120, 3, 7.89%, 0, 0, 6, 41.08, 14494
1648633517, 28, 87, 145, 123, 1, 7.89%, 0, 0, 6, 46.17, 14755
1648633522, 28, 87, 146, 124, 1, 7.89%, 0, 0, 6, 40.27, 14949
1648633527, 28, 114, 146, 124, 0, 7.89%, 0, 0, 6, 43.33, 15161
1648633537, 29, 110, 147, 125, 0, 7.93%, 0, 0, 6, 56.22, 15756
1648633547, 31, 106, 147, 125, 2, 7.93%, 1, 0, 6, 55.56, 16309
1648633552, 31, 106, 148, 126, 2, 7.93%, 1, 0, 6, 55.96, 16589
1648633558, 32, 69, 148, 125, 2, 7.93%, 1, 0, 6, 48.73, 16844
1648633568, 32, 110, 148, 124, 2, 7.93%, 1, 0, 6, 37.49, 17184
1648633578, 34, 1, 150, 126, 2, 7.93%, 1, 0, 6, 52.43, 17748
1648633583, 34, 138, 150, 125, 1, 7.93%, 1, 0, 6, 52.26, 18016
1648633588, 34, 138, 151, 126, 1, 7.93%, 1, 0, 6, 39.08, 18206
1648633598, 35, 114, 151, 125, 0, 7.93%, 1, 0, 6, 58.03, 18596
1648633609, 37, 19, 152, 126, 0, 7.93%, 1, 0, 6, 52.41, 19154
1648633614, 37, 60, 154, 128, 2, 7.93%, 1, 0, 6, 41.66, 19366
1648633624, 37, 110, 154, 127, 2, 7.93%, 1, 0, 6, 49.05, 19795
1648633629, 39, 67, 154, 127, 2, 7.93%, 1, 0, 6, 53.73, 20072
1648633634, 40, 64, 154, 127, 2, 7.93%, 1, 0, 6, 45.56, 20309
1648633644, 40, 89, 154, 127, 2, 7.93%, 1, 0, 6, 57.49, 20783
1648633649, 41, 123, 159, 132, 2, 7.93%, 1, 0, 6, 46.71, 20996
1648633654, 41, 123, 161, 134, 2, 7.93%, 1, 0, 6, 43.92, 21222
1648633659, 43, 151, 165, 138, 2, 7.93%, 1, 0, 6, 42.82, 21442
1648633665, 43, 151, 168, 141, 2, 7.93%, 1, 0, 6, 47.81, 21694
1648633670, 43, 164, 168, 140, 2, 7.93%, 1, 0, 6, 38.43, 21894
1648633696, 44, 114, 168, 139, 2, 7.93%, 1, 0, 6, 29.42, 22693
1648633706, 45, 145, 168, 139, 2, 7.93%, 1, 0, 6, 55.27, 23283
1648633711, 45, 145, 169, 140, 2, 7.93%, 2, 0, 6, 53.57, 23551
1648633716, 45, 145, 171, 142, 2, 7.93%, 2, 0, 6, 54.64, 23825
1648633726, 45, 145, 172, 143, 2, 7.93%, 2, 0, 6, 51.22, 24366
1648633731, 46, 69, 173, 143, 2, 7.96%, 2, 0, 6, 37.22, 24541
1648633742, 47, 58, 173, 143, 2, 7.96%, 2, 0, 6, 43.37, 24915
1648633747, 48, 0, 173, 143, 2, 7.96%, 2, 0, 6, 52.41, 25203
1648633752, 48, 117, 173, 143, 2, 7.96%, 2, 0, 6, 42.33, 25421
1648633767, 48, 171, 173, 142, 2, 7.96%, 2, 0, 6, 47.74, 25992
1648633788, 50, 128, 176, 144, 1, 7.96%, 2, 0, 6, 48.92, 27106
1648633793, 50, 128, 178, 146, 1, 7.96%, 2, 0, 6, 43.84, 27320
1648633803, 50, 128, 180, 148, 1, 7.96%, 2, 0, 6, 45.49, 27784
1648633808, 50, 129, 181, 148, 2, 7.96%, 2, 0, 6, 37.37, 27964
1648633839, 51, 114, 181, 147, 2, 7.96%, 2, 0, 6, 56.42, 29030
1648633844, 52, 162, 183, 149, 2, 7.96%, 2, 0, 6, 46.40, 29260
1648633849, 52, 162, 184, 150, 2, 7.96%, 2, 0, 6, 44.09, 29474
1648633864, 53, 60, 185, 150, 2, 7.96%, 2, 0, 6, 37.47, 30130
1648633869, 53, 171, 185, 150, 2, 7.96%, 2, 0, 6, 39.64, 30324
1648633889, 54, 137, 186, 151, 2, 7.96%, 2, 0, 6, 54.23, 31476
1648633895, 54, 137, 189, 154, 2, 7.96%, 2, 0, 6, 47.91, 31709
1648633905, 55, 114, 190, 154, 2, 7.98%, 2, 0, 6, 52.87, 32233
1648633910, 57, 69, 192, 156, 2, 7.98%, 2, 0, 6, 48.45, 32485
1648633915, 57, 69, 195, 159, 2, 8.01%, 2, 0, 6, 44.41, 32706
1648633920, 57, 131, 199, 163, 2, 8.01%, 2, 0, 6, 34.97, 32872
1648633956, 58, 110, 199, 162, 0, 8.01%, 2, 0, 6, 55.46, 34118
1648633961, 60, 58, 199, 162, 0, 8.01%, 2, 0, 6, 52.70, 34384
1648633966, 60, 60, 199, 162, 0, 8.01%, 2, 0, 6, 41.57, 34600
1648633976, 60, 114, 199, 162, 0, 8.01%, 2, 0, 6, 50.24, 35039
1648633981, 61, 125, 200, 163, 0, 8.01%, 2, 0, 6, 43.98, 35270
1648633986, 61, 125, 201, 164, 0, 8.01%, 2, 0, 6, 43.38, 35487
1648633991, 61, 181, 202, 164, 2, 8.01%, 2, 0, 6, 37.01, 35674
1648634017, 62, 110, 202, 163, 2, 8.01%, 2, 0, 6, 30.18, 36467
1648634027, 62, 190, 204, 165, 2, 8.01%, 2, 0, 6, 44.11, 36977
1648634038, 62, 190, 205, 166, 2, 8.01%, 2, 0, 6, 47.23, 37432
1648634043, 62, 190, 207, 168, 2, 8.01%, 2, 0, 6, 44.48, 37652
1648634053, 63, 70, 207, 167, 2, 8.01%, 2, 0, 6, 38.39, 38083
1648634063, 64, 114, 207, 166, 2, 8.01%, 2, 0, 6, 41.97, 38444
1648634068, 64, 181, 207, 166, 2, 8.01%, 2, 0, 6, 45.44, 38701
1648634099, 65, 169, 208, 167, 2, 8.01%, 2, 0, 6, 57.60, 39712
1648634119, 66, 182, 208, 166, 0, 8.01%, 2, 0, 6, 49.31, 40821
1648634129, 66, 182, 209, 167, 0, 8.01%, 2, 0, 6, 45.24, 41268
1648634139, 66, 206, 209, 166, 2, 8.01%, 2, 0, 6, 38.04, 41700
1648634165, 67, 171, 209, 165, 2, 8.01%, 2, 0, 6, 38.02, 42542
1648634186, 69, 0, 209, 165, 2, 8.01%, 2, 0, 6, 54.68, 43687
1648634191, 69, 199, 209, 165, 2, 8.01%, 2, 0, 6, 50.65, 43942
1648634222, 70, 169, 209, 164, 2, 8.01%, 2, 0, 6, 42.53, 44939
1648634242, 71, 202, 209, 164, 2, 8.01%, 2, 0, 6, 51.40, 46053
1648634247, 71, 202, 212, 167, 2, 8.01%, 2, 0, 6, 43.11, 46261
1648634252, 71, 202, 213, 168, 2, 8.01%, 2, 0, 6, 42.92, 46476
1648634262, 72, 119, 215, 169, 2, 8.01%, 2, 0, 6, 40.01, 46926
1648634283, 73, 110, 215, 168, 2, 8.01%, 2, 0, 6, 46.54, 47659
1648634288, 75, 195, 215, 168, 2, 8.01%, 2, 0, 6, 51.38, 47928
1648634308, 75, 195, 216, 169, 2, 8.01%, 2, 0, 7, 52.20, 48964
1648634313, 75, 196, 216, 168, 2, 8.01%, 2, 0, 7, 37.11, 49136
1648634349, 76, 171, 216, 167, 2, 8.01%, 2, 0, 7, 50.38, 50409
1648634369, 77, 137, 217, 168, 2, 8.02%, 2, 0, 7, 51.37, 51522
1648634379, 77, 148, 217, 168, 2, 8.02%, 2, 0, 7, 42.48, 52001
1648634395, 77, 171, 217, 167, 1, 8.02%, 2, 0, 7, 57.05, 52552
1648634415, 78, 106, 217, 167, 1, 8.02%, 2, 0, 7, 56.91, 53698
1648634425, 79, 71, 217, 167, 1, 8.02%, 2, 0, 7, 41.63, 54191
1648634435, 80, 58, 217, 167, 1, 8.02%, 2, 0, 7, 44.78, 54573
1648634441, 81, 17, 217, 167, 1, 8.02%, 2, 0, 7, 47.73, 54828
1648634446, 81, 213, 218, 168, 2, 8.02%, 2, 0, 7, 40.57, 55041
1648634477, 82, 110, 218, 167, 1, 8.02%, 2, 0, 7, 50.97, 56138
1648634482, 82, 214, 220, 169, 1, 8.02%, 2, 0, 7, 44.80, 56365
1648634497, 82, 214, 223, 172, 1, 8.02%, 2, 0, 7, 37.26, 56984
1648634502, 83, 60, 224, 172, 2, 8.02%, 2, 0, 7, 37.75, 57189
1648634512, 83, 89, 224, 172, 2, 8.02%, 2, 0, 7, 47.48, 57600
1648634517, 84, 222, 226, 174, 2, 8.02%, 2, 0, 8, 42.51, 57826
1648634538, 85, 42, 227, 174, 2, 8.02%, 2, 0, 8, 36.97, 58620
1648634548, 86, 148, 229, 175, 2, 8.02%, 2, 0, 8, 35.38, 58946
1648634553, 86, 148, 230, 176, 2, 8.02%, 2, 0, 8, 49.69, 59215
1648634558, 86, 179, 230, 176, 2, 8.02%, 2, 0, 8, 53.60, 59492
1648634589, 87, 169, 230, 175, 1, 8.02%, 2, 0, 8, 33.43, 60412
1648634610, 88, 184, 230, 175, 1, 8.02%, 2, 0, 8, 54.68, 61554
1648634615, 88, 184, 231, 176, 1, 8.02%, 2, 0, 8, 43.40, 61759
1648634620, 88, 184, 232, 177, 1, 8.02%, 2, 0, 8, 40.60, 61961
1648634625, 88, 184, 233, 178, 1, 8.02%, 2, 0, 8, 42.70, 62183
1648634635, 88, 188, 233, 177, 2, 8.02%, 2, 0, 8, 39.26, 62605
1648634661, 89, 165, 234, 177, 2, 8.02%, 2, 0, 8, 26.05, 63371
1648634681, 91, 75, 234, 176, 0, 8.02%, 2, 0, 8, 55.12, 64507
1648634692, 91, 179, 234, 176, 0, 8.02%, 2, 0, 8, 36.69, 64960
1648634717, 94, 19, 234, 176, 0, 8.02%, 2, 0, 8, 33.01, 65726
1648634727, 94, 210, 234, 176, 0, 8.02%, 2, 0, 8, 34.70, 66125
1648634753, 95, 165, 234, 175, 0, 8.02%, 2, 0, 8, 44.82, 67004
1648634774, 96, 223, 235, 176, 0, 8.02%, 2, 0, 8, 46.64, 68097
1648634779, 96, 223, 236, 177, 0, 8.02%, 2, 0, 8, 41.74, 68303
1648634794, 97, 195, 236, 176, 2, 8.02%, 2, 0, 8, 38.63, 68912
1648634830, 98, 110, 236, 176, 2, 8.02%, 2, 0, 8, 42.45, 70086
1648634840, 100, 19, 236, 176, 2, 8.02%, 2, 0, 8, 48.64, 70618
1648634845, 100, 229, 236, 176, 2, 8.02%, 2, 0, 8, 39.32, 70806
1648634860, 101, 227, 236, 175, 1, 8.02%, 2, 0, 8, 43.66, 71378
1648634871, 102, 211, 238, 176, 1, 8.02%, 2, 0, 8, 50.00, 71936
1648634876, 102, 211, 239, 177, 1, 8.02%, 2, 0, 8, 45.25, 72158
1648634896, 103, 205, 239, 176, 2, 8.02%, 2, 0, 8, 41.75, 73085
1648634927, 104, 169, 239, 175, 2, 8.02%, 2, 0, 8, 56.96, 74176
1648634947, 105, 150, 239, 175, 2, 8.02%, 2, 0, 8, 53.47, 75308
1648634962, 105, 150, 240, 176, 2, 8.06%, 2, 0, 8, 52.22, 76090
1648634967, 105, 215, 241, 176, 2, 8.06%, 2, 0, 8, 20.93, 76310
1648634998, 106, 89, 241, 175, 0, 8.06%, 2, 0, 8, 47.14, 77553
1648635003, 108, 0, 241, 175, 0, 8.06%, 2, 0, 8, 54.09, 77843
1648635008, 108, 222, 241, 175, 0, 8.06%, 2, 0, 8, 41.97, 78063
1648635039, 109, 165, 241, 175, 0, 8.06%, 2, 0, 8, 46.26, 79054
1648635059, 109, 195, 241, 175, 0, 8.06%, 2, 0, 8, 52.37, 80152
1648635064, 109, 195, 242, 176, 0, 8.06%, 2, 0, 8, 51.09, 80406
1648635069, 109, 195, 243, 177, 0, 8.06%, 2, 0, 8, 53.71, 80679
1648635084, 110, 116, 243, 177, 2, 8.06%, 2, 0, 8, 36.96, 81353
1648635094, 111, 58, 243, 176, 2, 8.06%, 2, 0, 8, 46.87, 81739
1648635099, 111, 155, 243, 176, 2, 8.06%, 2, 0, 8, 46.57, 81983
1648635120, 111, 206, 243, 175, 2, 8.06%, 2, 0, 8, 38.07, 82845
1648635145, 111, 227, 243, 175, 2, 8.06%, 2, 0, 8, 39.99, 83684
1648635155, 112, 163, 243, 175, 2, 8.06%, 2, 0, 8, 51.48, 84248
1648635181, 112, 228, 243, 174, 2, 8.06%, 2, 0, 8, 40.75, 85390
1648635201, 113, 169, 243, 173, 2, 8.06%, 2, 0, 8, 50.49, 86183
1648635221, 114, 144, 243, 173, 2, 8.06%, 2, 0, 8, 51.85, 87299
1648635226, 114, 144, 244, 174, 2, 8.06%, 2, 0, 8, 53.29, 87566
1648635231, 114, 216, 244, 173, 2, 8.06%, 2, 0, 8, 43.19, 87787
1648635267, 115, 110, 244, 172, 1, 8.06%, 2, 0, 8, 46.99, 89032
1648635273, 116, 82, 244, 172, 1, 8.06%, 2, 0, 8, 48.26, 89299
1648635278, 116, 164, 244, 172, 1, 8.06%, 2, 0, 8, 41.49, 89514
1648635319, 119, 5, 244, 172, 1, 8.06%, 2, 0, 8, 41.65, 90865
1648635324, 119, 212, 244, 171, 1, 8.06%, 2, 0, 8, 34.58, 91033
1648635354, 120, 58, 244, 170, 1, 8.06%, 2, 0, 8, 49.11, 92046
1648635359, 120, 173, 244, 170, 1, 8.06%, 2, 0, 8, 46.02, 92280
1648635369, 120, 173, 245, 171, 1, 8.06%, 2, 0, 8, 43.76, 92724
1648635385, 121, 166, 245, 170, 2, 8.06%, 2, 0, 8, 36.49, 93361
1648635420, 121, 171, 245, 169, 2, 8.06%, 2, 0, 8, 41.21, 94545
1648635441, 122, 234, 245, 169, 2, 8.06%, 2, 0, 8, 50.67, 95670
1648635476, 123, 229, 245, 168, 2, 8.06%, 2, 0, 8, 36.83, 97062
1648635492, 124, 171, 245, 168, 2, 8.06%, 2, 0, 8, 43.16, 97622
1648635512, 126, 82, 245, 168, 2, 8.06%, 2, 0, 8, 52.06, 98767
1648635517, 126, 208, 245, 168, 2, 8.06%, 2, 0, 8, 40.81, 98974
1648635548, 127, 171, 245, 167, 2, 8.06%, 2, 0, 8, 56.51, 99979
1648635568, 129, 67, 245, 167, 2, 8.06%, 2, 0, 8, 54.65, 101127
1648635573, 129, 157, 245, 167, 2, 8.06%, 2, 0, 8, 41.13, 101336
1648635604, 129, 171, 245, 166, 2, 8.06%, 2, 0, 8, 52.39, 102360
1648635624, 130, 210, 245, 166, 2, 8.06%, 2, 0, 8, 46.36, 103475
1648635645, 130, 221, 245, 166, 2, 8.06%, 2, 0, 8, 34.14, 104320
1648635670, 131, 58, 245, 165, 2, 8.06%, 2, 0, 8, 31.95, 105065
1648635675, 132, 17, 245, 165, 2, 8.06%, 2, 0, 8, 51.21, 105350
1648635685, 132, 177, 245, 165, 2, 8.06%, 2, 0, 8, 36.56, 105760
1648635711, 133, 165, 245, 164, 2, 8.06%, 2, 0, 8, 37.28, 106565
1648635731, 134, 87, 245, 164, 2, 8.06%, 2, 0, 8, 55.35, 107689
1648635736, 134, 203, 245, 164, 2, 8.06%, 2, 0, 8, 50.84, 107948
1648635767, 135, 165, 245, 163, 2, 8.06%, 2, 0, 8, 45.35, 108983
1648635787, 135, 196, 245, 163, 2, 8.06%, 2, 0, 8, 53.53, 110093
1648635812, 135, 238, 245, 163, 2, 8.06%, 2, 0, 8, 37.14, 111290
1648635848, 136, 171, 245, 162, 2, 8.06%, 2, 0, 8, 45.26, 112497
1648635869, 137, 176, 245, 162, 2, 8.06%, 2, 0, 8, 49.61, 113634
1648635889, 138, 163, 245, 161, 2, 8.06%, 2, 0, 8, 36.04, 114499
1648635925, 139, 114, 245, 161, 2, 8.06%, 2, 0, 8, 43.10, 115666
1648635930, 140, 123, 245, 161, 2, 8.06%, 2, 0, 8, 48.84, 115933
1648635935, 140, 123, 246, 162, 2, 8.06%, 2, 0, 8, 42.93, 116143
1648635940, 140, 184, 246, 162, 2, 8.06%, 2, 0, 8, 39.72, 116349
1648635971, 141, 114, 246, 162, 2, 8.06%, 2, 0, 8, 59.05, 117320
1648635976, 142, 245, 246, 162, 2, 8.06%, 2, 0, 8, 51.39, 117584
1648636002, 143, 154, 246, 161, 1, 8.06%, 2, 0, 8, 33.45, 118530
1648636028, 143, 227, 246, 160, 1, 8.06%, 2, 0, 8, 28.50, 119288
1648636038, 144, 154, 246, 160, 1, 8.06%, 2, 0, 8, 53.89, 119873
1648636063, 144, 184, 246, 160, 1, 8.06%, 2, 0, 8, 32.63, 120884
1648636089, 145, 114, 246, 160, 1, 8.06%, 2, 0, 8, 33.61, 121655
1648636100, 147, 52, 246, 160, 1, 8.06%, 2, 0, 8, 43.19, 122157
1648636105, 147, 138, 246, 159, 1, 8.06%, 2, 0, 8, 36.91, 122348
1648636120, 149, 106, 246, 159, 1, 8.06%, 2, 0, 8, 39.17, 122872
1648636130, 150, 83, 246, 159, 1, 8.06%, 2, 0, 8, 39.26, 123355
1648636140, 150, 165, 246, 159, 1, 8.06%, 2, 0, 8, 45.23, 123735
1648636161, 151, 159, 246, 159, 1, 8.06%, 2, 0, 8, 48.62, 124839
1648636181, 152, 19, 246, 158, 1, 8.06%, 2, 0, 8, 36.89, 125635
1648636191, 152, 58, 246, 158, 1, 8.06%, 2, 0, 8, 40.15, 125986
1648636196, 153, 19, 246, 158, 1, 8.06%, 2, 0, 8, 49.45, 126254
1648636201, 153, 232, 247, 159, 2, 8.12%, 2, 0, 8, 46.09, 126486
1648636232, 154, 114, 247, 158, 2, 8.12%, 2, 0, 8, 53.70, 127607
1648636237, 155, 171, 247, 158, 2, 8.12%, 2, 0, 8, 55.13, 127887
1648636257, 156, 123, 247, 158, 2, 8.12%, 2, 0, 8, 40.26, 128956
1648636268, 157, 114, 247, 158, 2, 8.12%, 2, 0, 8, 57.23, 129371
1648636273, 158, 123, 247, 158, 2, 8.12%, 2, 0, 8, 47.36, 129613
1648636278, 158, 166, 248, 159, 2, 8.12%, 2, 0, 8, 39.65, 129814
1648636314, 158, 227, 248, 159, 2, 8.12%, 2, 0, 8, 0.00, 130927
1648636324, 159, 215, 248, 159, 2, 8.12%, 2, 0, 8, 56.88, 131508
1648636329, 159, 215, 249, 160, 2, 8.12%, 2, 0, 8, 48.28, 131738
1648636349, 160, 173, 249, 160, 2, 8.12%, 2, 0, 8, 43.86, 132716
1648636391, 161, 114, 249, 160, 2, 8.12%, 2, 0, 8, 52.27, 134083
1648636396, 161, 217, 249, 160, 2, 8.12%, 2, 0, 8, 50.08, 134340
1648636406, 161, 235, 249, 159, 2, 8.12%, 2, 0, 8, 42.43, 134814
1648636452, 162, 110, 249, 158, 2, 8.12%, 2, 0, 8, 46.46, 136268
1648636457, 163, 221, 249, 158, 2, 8.12%, 2, 0, 8, 45.92, 136518
1648636477, 164, 210, 249, 158, 2, 8.12%, 2, 0, 8, 37.74, 137337
1648636508, 165, 110, 249, 158, 2, 8.12%, 2, 0, 8, 56.87, 138405
1648636513, 165, 203, 249, 158, 2, 8.12%, 2, 0, 8, 47.60, 138644
1648636534, 165, 221, 249, 158, 2, 8.12%, 2, 0, 8, 34.98, 139498
1648636564, 165, 227, 249, 158, 2, 8.12%, 2, 0, 8, 53.10, 140504
1648636574, 167, 67, 249, 158, 2, 8.12%, 2, 0, 8, 53.92, 141068
1648636579, 167, 229, 249, 158, 2, 8.12%, 2, 0, 8, 41.00, 141271
1648636595, 168, 114, 249, 158, 2, 8.12%, 2, 0, 8, 46.18, 141852
1648636600, 168, 172, 249, 158, 2, 8.12%, 2, 0, 8, 48.03, 142120
1648636605, 168, 172, 250, 159, 2, 8.16%, 2, 0, 8, 44.40, 142344
1648636625, 168, 194, 250, 158, 2, 8.16%, 2, 0, 8, 40.89, 143230
1648636656, 168, 227, 250, 157, 2, 8.16%, 2, 0, 8, 46.80, 144286
1648636666, 170, 42, 250, 157, 2, 8.16%, 2, 0, 8, 48.31, 144814
1648636671, 171, 2, 250, 157, 2, 8.16%, 2, 0, 8, 39.01, 145008
1648636681, 171, 169, 250, 157, 2, 8.16%, 2, 0, 8, 56.69, 145388
1648636701, 173, 1, 250, 157, 2, 8.16%, 2, 0, 8, 55.69, 146517
1648636706, 173, 42, 251, 158, 2, 8.19%, 2, 0, 8, 43.92, 146743
1648636717, 173, 169, 251, 158, 2, 8.19%, 2, 0, 8, 50.46, 147106
1648636737, 175, 148, 252, 159, 2, 8.19%, 2, 0, 8, 52.56, 148256
1648636747, 175, 154, 252, 159, 2, 8.19%, 2, 0, 8, 44.84, 148774
1648636778, 175, 171, 252, 159, 2, 8.19%, 2, 0, 8, 48.41, 149809
1648636788, 176, 181, 252, 159, 2, 8.19%, 2, 0, 8, 48.55, 150348
1648636850, 177, 165, 252, 159, 2, 8.19%, 2, 0, 8, 43.97, 152653
1648636870, 178, 184, 252, 159, 2, 8.19%, 2, 0, 8, 48.55, 153743
1648636890, 179, 62, 253, 160, 2, 8.19%, 2, 0, 8, 40.03, 154577
1648636901, 179, 165, 253, 160, 2, 8.19%, 2, 0, 8, 55.07, 154998
1648636921, 179, 248, 253, 160, 2, 8.19%, 2, 0, 8, 50.78, 156101
1648636926, 179, 248, 254, 161, 2, 8.19%, 2, 0, 9, 45.95, 156326
1648636956, 180, 1, 254, 160, 2, 8.19%, 2, 0, 9, 44.13, 157807
1648636966, 180, 227, 254, 160, 2, 8.19%, 2, 0, 9, 47.87, 158216
1648636976, 182, 71, 254, 160, 2, 8.19%, 2, 0, 9, 50.32, 158758
1648636981, 182, 82, 254, 160, 2, 8.19%, 2, 0, 9, 40.27, 158959
1648636992, 182, 165, 254, 160, 2, 8.19%, 2, 0, 9, 47.73, 159366
1648637012, 182, 235, 254, 160, 2, 8.19%, 2, 0, 9, 44.59, 160441
1648637027, 182, 235, 255, 161, 2, 8.19%, 2, 0, 9, 39.72, 161028
1648637032, 182, 235, 256, 162, 2, 8.19%, 2, 0, 9, 45.46, 161255
1648637042, 183, 151, 256, 162, 2, 8.19%, 2, 0, 9, 36.94, 161665
1648637063, 185, 188, 257, 163, 2, 8.19%, 2, 0, 9, 34.93, 162315
1648637083, 186, 179, 257, 163, 2, 8.19%, 2, 0, 9, 37.57, 163197
1648637114, 187, 165, 257, 163, 2, 8.19%, 2, 0, 9, 47.65, 164200
1648637134, 187, 168, 257, 163, 2, 8.19%, 2, 0, 9, 56.57, 165334
1648637155, 188, 3, 257, 162, 1, 8.19%, 2, 0, 9, 42.25, 166428
1648637165, 188, 169, 257, 162, 1, 8.19%, 2, 0, 9, 48.66, 166841
1648637186, 190, 62, 257, 162, 1, 8.19%, 2, 0, 9, 55.55, 168017
1648637191, 190, 138, 257, 162, 1, 8.19%, 2, 0, 9, 38.49, 168196
1648637206, 191, 110, 257, 162, 1, 8.19%, 2, 0, 9, 41.51, 168724
1648637211, 192, 131, 257, 162, 1, 8.19%, 2, 0, 9, 52.60, 169007
1648637216, 192, 131, 258, 163, 1, 8.19%, 2, 0, 9, 50.65, 169260
1648637237, 193, 60, 258, 163, 2, 8.19%, 2, 0, 9, 40.43, 170247
1648637242, 193, 89, 258, 163, 2, 8.19%, 2, 0, 9, 35.64, 170421
1648637247, 193, 206, 258, 163, 2, 8.19%, 2, 0, 9, 52.15, 170716
1648637267, 193, 238, 258, 163, 2, 8.19%, 2, 0, 9, 38.46, 171673
1648637303, 194, 110, 258, 163, 2, 8.19%, 2, 0, 9, 44.67, 172880
1648637308, 194, 232, 258, 163, 2, 8.19%, 2, 0, 9, 49.55, 173149
1648637324, 194, 232, 259, 164, 2, 8.19%, 2, 0, 9, 47.43, 173898
1648637329, 195, 42, 259, 164, 2, 8.19%, 2, 0, 9, 35.68, 174074
1648637339, 195, 227, 259, 164, 2, 8.19%, 2, 0, 9, 49.76, 174491
1648637349, 196, 184, 259, 164, 2, 8.19%, 2, 0, 9, 43.34, 174996
1648637370, 196, 234, 259, 164, 2, 8.19%, 2, 0, 9, 33.70, 175813
1648637411, 197, 89, 259, 164, 2, 8.19%, 2, 0, 9, 35.43, 177057
1648637416, 198, 175, 259, 164, 2, 8.19%, 2, 0, 9, 48.50, 177338
1648637436, 199, 60, 259, 163, 2, 8.19%, 2, 0, 9, 39.36, 178250
1648637441, 199, 89, 259, 163, 2, 8.19%, 2, 0, 9, 35.01, 178425
1648637451, 200, 162, 259, 163, 2, 8.19%, 2, 0, 9, 44.04, 178919
1648637467, 200, 197, 259, 163, 2, 8.19%, 2, 0, 9, 42.17, 179606
1648637502, 201, 58, 259, 162, 2, 8.19%, 2, 0, 9, 38.11, 180805
1648637507, 201, 129, 259, 162, 2, 8.19%, 2, 0, 9, 49.66, 181085
1648637528, 202, 3, 259, 162, 2, 8.19%, 2, 0, 9, 38.92, 181974
1648637538, 202, 252, 259, 162, 2, 8.19%, 2, 0, 9, 45.29, 182356
1648637559, 203, 200, 259, 161, 1, 8.19%, 2, 0, 9, 47.79, 183493
1648637579, 204, 117, 259, 160, 1, 8.19%, 2, 0, 9, 36.95, 184317
1648637599, 205, 114, 259, 160, 1, 8.19%, 2, 0, 9, 57.66, 185070
1648637604, 207, 63, 259, 160, 1, 8.19%, 2, 0, 9, 56.15, 185360
1648637610, 207, 217, 260, 161, 1, 8.19%, 2, 0, 9, 29.58, 185563
1648637625, 208, 58, 260, 161, 0, 8.19%, 2, 0, 9, 49.99, 186214
1648637630, 208, 191, 260, 161, 0, 8.19%, 2, 0, 9, 47.56, 186459
1648637635, 208, 191, 261, 162, 0, 8.20%, 2, 0, 9, 44.87, 186680
1648637655, 209, 65, 261, 161, 2, 8.20%, 2, 0, 9, 46.16, 187599
1648637665, 209, 169, 261, 160, 2, 8.20%, 2, 0, 9, 47.39, 188005
1648637686, 211, 82, 261, 160, 2, 8.20%, 2, 0, 9, 49.98, 189136
1648637691, 211, 203, 261, 160, 2, 8.20%, 2, 0, 9, 40.06, 189345
1648637722, 212, 89, 261, 160, 2, 8.20%, 2, 0, 9, 54.14, 190432
1648637727, 214, 2, 261, 160, 2, 8.20%, 2, 0, 9, 46.48, 190658
1648637732, 214, 120, 261, 160, 2, 8.20%, 2, 0, 9, 37.01, 190840
1648637747, 214, 171, 261, 159, 2, 8.20%, 2, 0, 9, 46.02, 191348
1648637752, 216, 125, 261, 159, 2, 8.20%, 2, 0, 9, 54.24, 191643
1648637763, 216, 257, 261, 159, 2, 8.20%, 2, 0, 9, 41.42, 192074
1648637799, 217, 114, 261, 158, 1, 8.20%, 2, 0, 9, 57.47, 193449
1648637804, 217, 184, 261, 158, 1, 8.20%, 2, 0, 9, 49.07, 193698
1648637824, 218, 1, 261, 158, 1, 8.20%, 2, 0, 9, 38.22, 194543
1648637834, 218, 89, 261, 158, 1, 8.20%, 2, 0, 9, 53.18, 194983
1648637839, 218, 209, 261, 158, 1, 8.20%, 2, 0, 9, 47.03, 195218
1648637855, 219, 193, 261, 157, 1, 8.20%, 2, 0, 9, 43.30, 195935
1648637886, 221, 257, 261, 156, 0, 8.20%, 2, 0, 9, 40.15, 196916
1648637896, 221, 257, 262, 157, 0, 8.20%, 2, 0, 9, 50.94, 197441
1648637906, 222, 162, 262, 157, 2, 8.20%, 2, 0, 9, 51.11, 197964
1648637937, 223, 58, 262, 157, 2, 8.20%, 2, 0, 9, 44.59, 198984
1648637942, 224, 62, 262, 157, 2, 8.20%, 2, 0, 9, 54.26, 199279
1648637947, 224, 129, 262, 157, 2, 8.20%, 2, 0, 9, 39.97, 199484
1648637972, 224, 169, 262, 157, 2, 8.20%, 2, 0, 9, 33.85, 200286
1648637993, 225, 188, 262, 157, 2, 8.20%, 2, 0, 9, 54.50, 201442
1648638013, 226, 181, 262, 157, 2, 8.20%, 2, 0, 9, 39.19, 202345
1648638049, 227, 169, 262, 157, 2, 8.20%, 2, 0, 9, 29.62, 203470
1648638070, 228, 169, 262, 157, 2, 8.20%, 2, 0, 9, 57.04, 204641
1648638080, 229, 98, 262, 157, 2, 8.20%, 2, 0, 9, 55.05, 205197
1648638095, 229, 252, 262, 156, 1, 8.20%, 2, 0, 9, 36.29, 205772
1648638116, 230, 129, 262, 156, 1, 8.20%, 2, 0, 9, 55.86, 206942
1648638136, 230, 179, 262, 156, 1, 8.20%, 2, 0, 9, 42.43, 207838
1648638167, 232, 186, 262, 156, 1, 8.20%, 2, 0, 9, 42.91, 208847
1648638187, 232, 253, 263, 156, 1, 8.20%, 2, 0, 10, 0.00, 209863
1648638233, 234, 116, 263, 155, 0, 8.20%, 2, 0, 10, 40.35, 211665
1648638243, 234, 218, 263, 155, 0, 8.20%, 2, 0, 10, 35.84, 212073
1648638269, 235, 110, 263, 154, 0, 8.20%, 2, 0, 10, 46.68, 212941
1648638274, 235, 212, 263, 154, 0, 8.20%, 2, 0, 10, 49.72, 213209
1648638299, 236, 129, 263, 154, 0, 8.20%, 2, 0, 10, 33.50, 214174
1648638310, 237, 58, 263, 154, 0, 8.20%, 2, 0, 10, 33.61, 214499
1648638315, 237, 159, 263, 154, 0, 8.20%, 2, 0, 10, 50.63, 214781
1648638335, 237, 159, 264, 155, 0, 8.20%, 2, 0, 10, 42.28, 215600
1648638340, 237, 248, 265, 156, 2, 8.20%, 2, 0, 10, 40.87, 215780
1648638386, 238, 110, 265, 156, 0, 8.20%, 2, 0, 10, 52.90, 217667
1648638391, 239, 133, 265, 156, 0, 8.20%, 2, 0, 10, 54.25, 217954
1648638406, 239, 133, 266, 157, 0, 8.20%, 2, 0, 10, 56.45, 218802
1648638411, 239, 255, 267, 157, 2, 8.20%, 2, 0, 10, 33.47, 219007
1648638457, 240, 169, 267, 156, 0, 8.20%, 2, 0, 10, 57.00, 220823
1648638462, 242, 143, 267, 156, 0, 8.20%, 2, 0, 10, 53.49, 221095
1648638467, 242, 143, 268, 157, 0, 8.26%, 2, 0, 10, 50.90, 221344
1648638472, 242, 164, 268, 156, 2, 8.26%, 2, 0, 10, 49.07, 221599
1648638513, 245, 82, 268, 156, 2, 8.26%, 2, 0, 10, 40.59, 222925
1648638518, 245, 221, 268, 156, 2, 8.26%, 2, 0, 10, 35.88, 223123
1648638549, 246, 171, 268, 156, 2, 8.26%, 2, 0, 10, 47.67, 224114
1648638554, 247, 222, 268, 156, 2, 8.26%, 2, 0, 10, 43.79, 224347
1648638570, 247, 222, 269, 157, 2, 8.26%, 2, 0, 10, 38.86, 224946
1648638575, 248, 216, 269, 157, 2, 8.26%, 2, 0, 10, 38.08, 225147
1648638610, 249, 58, 269, 157, 2, 8.26%, 2, 0, 10, 31.40, 226295
1648638616, 250, 69, 269, 157, 2, 8.26%, 2, 0, 10, 51.28, 226587
1648638626, 250, 248, 269, 157, 2, 8.26%, 2, 0, 10, 40.84, 227019
1648638671, 251, 114, 269, 157, 2, 8.26%, 2, 0, 10, 58.06, 228876
1648638676, 252, 128, 269, 157, 2, 8.26%, 2, 0, 10, 48.15, 229113
1648638701, 253, 114, 269, 157, 2, 8.26%, 2, 0, 10, 51.83, 230293
1648638707, 254, 166, 269, 157, 2, 8.26%, 2, 0, 10, 49.06, 230559
1648638732, 255, 129, 269, 157, 2, 8.26%, 2, 0, 10, 40.63, 231672
1648638742, 255, 171, 269, 157, 2, 8.26%, 2, 0, 10, 55.70, 232029
1648638747, 256, 229, 269, 157, 2, 8.26%, 2, 0, 10, 56.44, 232325
1648638758, 257, 125, 269, 157, 2, 8.26%, 2, 0, 10, 52.45, 232869
1648638773, 258, 58, 269, 157, 2, 8.26%, 2, 0, 10, 37.45, 233365
1648638778, 259, 75, 269, 157, 2, 8.26%, 2, 0, 10, 53.35, 233663
1648638783, 259, 208, 269, 157, 2, 8.26%, 2, 0, 10, 46.48, 233912
1648638814, 260, 165, 269, 157, 2, 8.26%, 2, 0, 10, 41.77, 234874
1648638824, 261, 233, 269, 157, 2, 8.26%, 2, 0, 10, 54.13, 235436
1648638834, 262, 131, 269, 156, 1, 8.26%, 2, 0, 10, 44.75, 235944
1648638870, 263, 58, 269, 156, 1, 8.26%, 2, 0, 10, 42.46, 237164
1648638875, 263, 193, 269, 156, 1, 8.26%, 2, 0, 10, 46.74, 237423
1648638885, 263, 193, 270, 157, 1, 8.26%, 2, 0, 10, 41.28, 237831
1648638895, 264, 148, 270, 157, 2, 8.26%, 2, 0, 10, 39.55, 238254
1648638916, 265, 114, 270, 157, 2, 8.26%, 2, 0, 10, 52.36, 239042
1648638921, 266, 186, 270, 157, 2, 8.26%, 2, 0, 10, 50.47, 239298
1648638941, 267, 163, 270, 157, 2, 8.26%, 2, 0, 10, 48.77, 240342
1648638982, 268, 89, 270, 157, 2, 8.26%, 2, 0, 10, 50.04, 241742
1648638987, 268, 191, 270, 157, 2, 8.26%, 2, 0, 10, 46.60, 241977
1648639013, 268, 208, 270, 157, 2, 8.26%, 2, 0, 10, 35.37, 243071
1648639038, 269, 169, 270, 157, 2, 8.26%, 2, 0, 10, 58.29, 243859
1648639049, 271, 66, 270, 157, 2, 8.26%, 2, 0, 10, 48.35, 244387
1648639054, 271, 205, 270, 156, 2, 8.26%, 2, 0, 10, 40.90, 244592
1648639079, 272, 89, 270, 156, 2, 8.26%, 2, 0, 10, 31.45, 245388
1648639084, 272, 177, 270, 156, 2, 8.26%, 2, 0, 10, 51.89, 245682
1648639104, 273, 164, 270, 156, 2, 8.26%, 2, 0, 10, 40.84, 246578
1648639145, 273, 227, 270, 156, 2, 8.26%, 2, 0, 10, 49.24, 247960
1648639155, 274, 216, 270, 156, 2, 8.26%, 2, 0, 10, 51.13, 248514
1648639176, 275, 69, 270, 156, 2, 8.26%, 2, 0, 10, 41.60, 249527
1648639186, 275, 169, 270, 156, 2, 8.26%, 2, 0, 10, 57.38, 249912
1648639191, 276, 200, 270, 156, 2, 8.26%, 2, 0, 10, 51.16, 250173
1648639211, 277, 185, 270, 156, 2, 8.26%, 2, 0, 10, 38.28, 251017
1648639247, 278, 89, 270, 155, 2, 8.26%, 2, 0, 10, 38.91, 252204
1648639252, 278, 236, 270, 155, 2, 8.26%, 2, 0, 10, 49.20, 252474
1648639257, 278, 236, 271, 156, 2, 8.26%, 2, 0, 10, 43.69, 252687
1648639283, 278, 263, 272, 156, 2, 8.26%, 2, 0, 10, 33.57, 253739
1648639314, 279, 227, 272, 155, 0, 8.26%, 2, 0, 10, 47.14, 254918
1648639324, 280, 263, 272, 155, 0, 8.26%, 2, 0, 10, 51.57, 255479
1648639349, 281, 116, 272, 155, 0, 8.26%, 2, 0, 10, 36.74, 256636
1648639359, 282, 110, 272, 155, 0, 8.26%, 2, 0, 10, 50.14, 257063
1648639364, 283, 120, 272, 155, 0, 8.26%, 2, 0, 10, 47.97, 257308
1648639375, 284, 71, 272, 155, 0, 8.26%, 2, 0, 10, 41.91, 257775
1648639385, 284, 89, 272, 155, 0, 8.26%, 2, 0, 10, 45.86, 258157
1648639390, 285, 145, 272, 155, 0, 8.26%, 2, 0, 10, 52.74, 258444
1648639410, 286, 114, 272, 155, 0, 8.26%, 2, 0, 10, 51.78, 259501
1648639420, 287, 236, 272, 155, 0, 8.26%, 2, 0, 10, 46.28, 260017
1648639446, 287, 253, 272, 155, 0, 8.26%, 2, 0, 10, 30.36, 261128
1648639486, 288, 169, 272, 155, 0, 8.26%, 2, 0, 10, 43.05, 262740
1648639497, 289, 125, 272, 155, 0, 8.26%, 2, 0, 10, 47.36, 263260
1648639502, 289, 137, 272, 155, 0, 8.26%, 2, 0, 10, 37.21, 263444
1648639517, 291, 214, 272, 155, 0, 8.26%, 2, 0, 10, 35.20, 263946
1648639542, 292, 193, 272, 155, 0, 8.26%, 2, 0, 10, 48.76, 265087
1648639573, 293, 114, 272, 155, 0, 8.26%, 2, 0, 10, 39.14, 266047
1648639578, 294, 264, 272, 155, 0, 8.26%, 2, 0, 10, 52.15, 266339
1648639599, 294, 269, 273, 155, 0, 8.26%, 2, 0, 10, 38.95, 267329
1648639629, 295, 165, 273, 154, 0, 8.26%, 2, 0, 10, 50.96, 268584
1648639639, 296, 197, 273, 154, 0, 8.26%, 2, 0, 10, 50.95, 269112
1648639659, 296, 255, 273, 154, 0, 8.26%, 2, 0, 10, 39.28, 270117
1648639705, 298, 106, 273, 154, 0, 8.26%, 2, 0, 10, 49.12, 272000
1648639711, 299, 69, 273, 154, 0, 8.26%, 2, 0, 10, 42.03, 272228
1648639721, 299, 227, 273, 154, 0, 8.26%, 2, 0, 10, 47.35, 272624
1648639731, 301, 119, 273, 154, 0, 8.26%, 2, 0, 10, 48.64, 273152
1648639741, 301, 156, 273, 154, 0, 8.26%, 2, 0, 10, 41.95, 273616
1648639772, 302, 110, 273, 153, 0, 8.26%, 2, 0, 10, 44.50, 274614
1648639777, 303, 268, 273, 153, 0, 8.26%, 2, 0, 10, 44.87, 274859
1648639813, 304, 154, 273, 152, 0, 8.26%, 2, 0, 10, 32.82, 276226
1648639843, 304, 252, 273, 152, 0, 8.26%, 2, 0, 10, 50.91, 277266
1648639864, 305, 267, 273, 152, 0, 8.26%, 2, 0, 10, 49.76, 278390
1648639884, 306, 217, 273, 151, 4294967295, 8.26%, 2, 0, 10, 40.63, 279371
1648639899, 307, 114, 273, 151, 4294967295, 8.26%, 2, 0, 10, 45.06, 279993
1648639904, 308, 143, 273, 151, 4294967295, 8.26%, 2, 0, 10, 54.30, 280279
1648639920, 309, 0, 273, 151, 4294967295, 8.26%, 2, 0, 10, 38.45, 280977
1648639925, 309, 114, 273, 151, 4294967295, 8.26%, 2, 0, 10, 39.67, 281166
1648639930, 310, 166, 273, 151, 4294967295, 8.26%, 2, 0, 10, 53.03, 281460
1648639960, 310, 263, 273, 151, 4294967295, 8.26%, 2, 0, 10, 29.72, 282783
1648639991, 311, 171, 273, 151, 4294967295, 8.26%, 2, 0, 10, 48.90, 283972
1648639996, 312, 205, 273, 151, 4294967295, 8.26%, 2, 0, 10, 51.41, 284241
1648640001, 312, 205, 274, 152, 4294967295, 8.26%, 2, 0, 10, 46.83, 284478
1648640016, 313, 154, 274, 152, 2, 8.26%, 2, 0, 10, 35.90, 285153
1648640042, 314, 114, 274, 152, 2, 8.26%, 2, 0, 10, 59.46, 285945
1648640047, 314, 208, 274, 152, 2, 8.26%, 2, 0, 10, 55.97, 286238
1648640073, 315, 177, 274, 152, 2, 8.26%, 2, 0, 10, 34.09, 287249
1648640098, 318, 75, 274, 152, 2, 8.26%, 2, 0, 10, 40.66, 288068
1648640103, 318, 223, 274, 152, 2, 8.26%, 2, 0, 10, 42.80, 288309
1648640134, 318, 227, 274, 152, 2, 8.26%, 2, 0, 10, 44.13, 289293
1648640144, 319, 221, 274, 152, 2, 8.26%, 2, 0, 10, 45.53, 289824
1648640164, 320, 123, 274, 152, 2, 8.26%, 2, 0, 10, 35.16, 290602
1648640175, 321, 215, 274, 152, 2, 8.26%, 2, 0, 10, 37.18, 290944
1648640200, 321, 237, 274, 152, 2, 8.26%, 2, 0, 10, 38.76, 292137
1648640236, 322, 227, 274, 151, 2, 8.26%, 2, 0, 10, 38.86, 293291
1648640246, 323, 154, 274, 151, 2, 8.26%, 2, 0, 10, 50.60, 293854
1648640267, 323, 214, 274, 151, 2, 8.26%, 2, 0, 10, 39.14, 294726
1648640303, 325, 2, 274, 151, 2, 8.26%, 2, 0, 10, 38.73, 295927
1648640308, 325, 220, 274, 151, 2, 8.26%, 2, 0, 10, 38.95, 296139
1648640338, 326, 114, 274, 150, 2, 8.26%, 2, 0, 10, 45.28, 297149
1648640343, 327, 234, 274, 150, 2, 8.26%, 2, 0, 10, 44.84, 297394
1648640379, 328, 128, 274, 150, 2, 8.26%, 2, 0, 10, 33.43, 298781
1648640415, 329, 110, 274, 150, 2, 8.26%, 2, 0, 10, 47.11, 299988
1648640420, 330, 89, 274, 150, 2, 8.26%, 2, 0, 10, 54.45, 300272
1648640425, 330, 185, 274, 150, 2, 8.26%, 2, 0, 10, 43.15, 300500
1648640461, 331, 114, 274, 150, 2, 8.26%, 2, 0, 10, 37.30, 301664
1648640466, 333, 58, 274, 150, 2, 8.26%, 2, 0, 10, 51.78, 301946
1648640476, 333, 269, 274, 150, 2, 8.26%, 2, 0, 10, 40.65, 302391
1648640507, 334, 169, 274, 150, 2, 8.26%, 2, 0, 10, 51.76, 303623
1648640512, 335, 207, 274, 150, 2, 8.26%, 2, 0, 10, 53.91, 303899
1648640522, 335, 208, 274, 149, 1, 8.26%, 2, 0, 10, 41.38, 304384
1648640552, 336, 58, 274, 149, 1, 8.26%, 2, 0, 10, 46.89, 305392
1648640557, 336, 235, 274, 149, 1, 8.26%, 2, 0, 10, 42.02, 305612
1648640588, 337, 162, 274, 149, 1, 8.26%, 2, 0, 10, 37.20, 306825
1648640629, 337, 227, 274, 149, 1, 8.26%, 2, 0, 10, 47.01, 308164
1648640639, 338, 166, 274, 149, 1, 8.26%, 2, 0, 10, 47.33, 308683
1648640701, 338, 169, 274, 149, 1, 8.26%, 2, 0, 10, 35.81, 310927
1648640711, 340, 86, 274, 149, 1, 8.26%, 2, 0, 10, 54.70, 311505
1648640721, 340, 176, 274, 148, 1, 8.26%, 2, 0, 10, 36.53, 311951
1648640747, 341, 110, 274, 148, 1, 8.26%, 2, 0, 10, 41.94, 312785
1648640752, 342, 116, 274, 148, 1, 8.26%, 2, 0, 10, 50.23, 313066
1648640762, 342, 162, 274, 148, 1, 8.26%, 2, 0, 10, 34.97, 313460
1648640798, 345, 42, 274, 148, 1, 8.26%, 2, 0, 10, 34.89, 314561
1648640803, 345, 194, 274, 148, 1, 8.26%, 2, 0, 10, 38.22, 314771
1648640834, 345, 227, 274, 148, 1, 8.26%, 2, 0, 10, 45.91, 315805
1648640844, 347, 52, 274, 148, 1, 8.26%, 2, 0, 10, 45.52, 316321
1648640850, 348, 2, 274, 148, 1, 8.26%, 2, 0, 10, 38.16, 316521
1648640860, 348, 227, 274, 148, 1, 8.26%, 2, 0, 10, 44.08, 316896
1648640870, 350, 5, 274, 148, 1, 8.26%, 2, 0, 10, 49.46, 317431
1648640875, 350, 253, 274, 148, 1, 8.26%, 2, 0, 10, 39.65, 317648
1648640921, 351, 114, 274, 148, 1, 8.26%, 2, 0, 10, 54.98, 319469
1648640926, 352, 162, 274, 148, 1, 8.26%, 2, 0, 10, 52.85, 319737
1648640957, 353, 65, 274, 148, 1, 8.26%, 2, 0, 10, 36.54, 321049
1648640962, 353, 89, 274, 148, 1, 8.26%, 2, 0, 10, 47.13, 321244
1648640967, 354, 207, 274, 148, 1, 8.26%, 2, 0, 10, 53.65, 321525
1648640977, 355, 173, 274, 148, 1, 8.26%, 2, 0, 10, 47.89, 322055
1648641018, 356, 171, 274, 148, 1, 8.26%, 2, 0, 10, 56.70, 323402
1648641023, 357, 188, 274, 148, 1, 8.26%, 2, 0, 10, 47.49, 323643
1648641043, 357, 199, 274, 148, 1, 8.26%, 2, 0, 10, 35.94, 324499
1648641074, 358, 114, 274, 148, 1, 8.26%, 2, 0, 10, 52.06, 325521
1648641079, 359, 151, 274, 148, 1, 8.26%, 2, 0, 10, 47.67, 325766
1648641085, 359, 151, 275, 149, 1, 8.27%, 2, 0, 10, 46.39, 325998
1648641090, 359, 221, 275, 149, 2, 8.27%, 2, 0, 10, 43.31, 326223
1648641120, 360, 171, 275, 149, 2, 8.27%, 2, 0, 10, 46.33, 327152
1648641125, 361, 155, 275, 149, 2, 8.27%, 2, 0, 10, 53.93, 327436
1648641136, 361, 155, 276, 150, 2, 8.27%, 2, 0, 10, 42.63, 327869
1648641146, 361, 196, 276, 150, 2, 8.27%, 2, 0, 10, 42.54, 328311
1648641186, 362, 165, 276, 150, 2, 8.27%, 2, 0, 10, 55.48, 329745
1648641197, 362, 193, 276, 150, 2, 8.27%, 2, 0, 10, 41.87, 330222
1648641202, 362, 193, 277, 151, 2, 8.27%, 2, 0, 10, 40.22, 330425
1648641217, 363, 114, 277, 151, 2, 8.27%, 2, 0, 10, 57.57, 331068
1648641222, 363, 256, 277, 151, 2, 8.27%, 2, 0, 10, 53.77, 331339
1648641242, 363, 258, 277, 150, 2, 8.27%, 2, 0, 10, 40.86, 332221
1648641273, 364, 171, 277, 149, 2, 8.27%, 2, 0, 10, 44.05, 333204
1648641278, 365, 272, 277, 149, 2, 8.27%, 2, 0, 10, 51.37, 333476
1648641288, 366, 257, 277, 148, 2, 8.27%, 2, 0, 10, 45.26, 333984
1648641324, 367, 110, 277, 148, 2, 8.27%, 2, 0, 10, 49.34, 335335
1648641329, 367, 183, 277, 148, 2, 8.27%, 2, 0, 10, 47.10, 335578
1648641349, 367, 269, 277, 147, 2, 8.27%, 2, 0, 10, 36.18, 336466
1648641380, 368, 202, 277, 147, 2, 8.27%, 2, 0, 10, 43.48, 337703
1648641395, 369, 165, 278, 148, 2, 8.27%, 2, 0, 10, 44.76, 338384
1648641405, 370, 228, 279, 149, 2, 8.27%, 2, 0, 10, 50.79, 338908
1648641415, 371, 195, 279, 149, 2, 8.27%, 2, 0, 10, 40.63, 339388
1648641451, 372, 114, 279, 149, 2, 8.27%, 2, 0, 10, 42.98, 340598
1648641456, 373, 217, 279, 149, 2, 8.27%, 2, 0, 10, 50.03, 340872
1648641461, 373, 217, 280, 150, 2, 8.27%, 2, 0, 10, 48.92, 341113
1648641471, 374, 150, 280, 150, 2, 8.27%, 2, 0, 10, 36.80, 341534
1648641507, 375, 114, 280, 150, 2, 8.27%, 2, 0, 10, 45.60, 342731
1648641512, 376, 143, 280, 150, 2, 8.27%, 2, 0, 10, 50.98, 343002
1648641523, 377, 123, 280, 150, 2, 8.27%, 2, 0, 10, 47.05, 343499
1648641533, 377, 165, 280, 150, 2, 8.27%, 2, 0, 10, 36.48, 343827
1648641543, 379, 17, 280, 150, 2, 8.27%, 2, 0, 10, 46.18, 344330
1648641548, 379, 263, 280, 150, 2, 8.27%, 2, 0, 10, 37.92, 344515
1648641579, 381, 198, 280, 150, 2, 8.27%, 2, 0, 10, 41.88, 345649
1648641604, 382, 83, 280, 149, 2, 8.27%, 2, 0, 10, 36.93, 346844
1648641614, 383, 58, 280, 149, 2, 8.27%, 2, 0, 10, 48.21, 347254
1648641620, 383, 210, 280, 149, 2, 8.27%, 2, 0, 10, 45.89, 347496
1648641640, 384, 52, 280, 149, 2, 8.27%, 2, 0, 10, 33.25, 348334
1648641650, 384, 89, 280, 149, 2, 8.27%, 2, 0, 10, 48.01, 348723
1648641655, 386, 60, 280, 149, 2, 8.27%, 2, 0, 10, 51.64, 348998
1648641660, 386, 179, 280, 149, 2, 8.27%, 2, 0, 10, 36.48, 349167
1648641691, 387, 171, 280, 149, 2, 8.27%, 2, 0, 10, 49.54, 350180
1648641696, 388, 222, 280, 149, 2, 8.27%, 2, 0, 10, 43.01, 350402
1648641717, 388, 268, 280, 149, 2, 8.27%, 2, 0, 10, 39.42, 351225
1648641752, 389, 252, 280, 149, 2, 8.27%, 2, 0, 10, 49.60, 352647
1648641772, 390, 172, 280, 149, 2, 8.27%, 2, 0, 10, 47.28, 353734
1648641782, 390, 172, 281, 150, 2, 8.27%, 2, 0, 10, 41.66, 354160
1648641798, 391, 165, 281, 150, 2, 8.27%, 2, 0, 10, 41.69, 354812
1648641808, 392, 268, 281, 150, 2, 8.27%, 2, 0, 10, 40.55, 355298
1648641844, 393, 1, 281, 150, 2, 8.27%, 2, 0, 10, 34.49, 356619
1648641849, 393, 227, 281, 150, 2, 8.27%, 2, 0, 10, 41.03, 356818
1648641859, 394, 261, 282, 151, 2, 8.27%, 2, 0, 10, 49.41, 357370
1648641885, 395, 186, 283, 151, 2, 8.27%, 2, 0, 10, 44.54, 358512
1648641926, 396, 110, 283, 151, 2, 8.27%, 2, 0, 10, 56.49, 359902
1648641931, 397, 82, 283, 151, 2, 8.27%, 2, 0, 10, 49.83, 360151
1648641936, 397, 235, 283, 151, 2, 8.27%, 2, 0, 10, 38.06, 360344
1648641982, 398, 165, 283, 151, 2, 8.27%, 2, 0, 10, 46.59, 361803
1648641987, 398, 195, 283, 151, 2, 8.27%, 2, 0, 10, 50.26, 362068
1648642007, 399, 62, 283, 151, 2, 8.27%, 2, 0, 10, 51.53, 363107
1648642018, 399, 89, 283, 151, 2, 8.27%, 2, 0, 10, 58.38, 363527
1648642023, 399, 258, 283, 151, 2, 8.27%, 2, 0, 10, 46.12, 363759
1648642043, 400, 137, 283, 151, 2, 8.27%, 2, 0, 10, 38.78, 364597
1648642064, 401, 89, 283, 151, 2, 8.27%, 2, 0, 10, 48.73, 365325
1648642069, 402, 137, 283, 151, 2, 8.27%, 2, 0, 10, 49.31, 365581
1648642079, 402, 258, 283, 151, 2, 8.27%, 2, 0, 10, 43.03, 366068
1648642104, 403, 165, 283, 151, 2, 8.27%, 2, 0, 10, 38.38, 366914
1648642110, 404, 5, 283, 151, 2, 8.27%, 2, 0, 10, 50.47, 367194
1648642120, 404, 237, 283, 151, 2, 8.27%, 2, 0, 10, 35.84, 367598
1648642156, 405, 114, 283, 151, 2, 8.27%, 2, 0, 10, 58.32, 368778
1648642161, 405, 256, 283, 151, 2, 8.27%, 2, 0, 10, 51.43, 369051
1648642181, 406, 136, 283, 151, 2, 8.27%, 2, 0, 10, 37.91, 369939
1648642197, 407, 89, 283, 150, 2, 8.27%, 2, 0, 10, 32.55, 370441
1648642202, 408, 214, 283, 150, 2, 8.27%, 2, 0, 10, 49.98, 370728
1648642232, 409, 213, 283, 150, 2, 8.27%, 2, 0, 10, 36.10, 372041
1648642258, 410, 110, 283, 150, 2, 8.27%, 2, 0, 10, 47.94, 372956
1648642263, 410, 188, 283, 150, 2, 8.27%, 2, 0, 10, 47.86, 373208
1648642283, 411, 156, 283, 150, 2, 8.27%, 2, 0, 10, 35.49, 374090
1648642309, 412, 58, 283, 150, 2, 8.27%, 2, 0, 10, 36.89, 374904
1648642314, 413, 71, 283, 150, 2, 8.27%, 2, 0, 10, 49.03, 375184
1648642319, 413, 185, 283, 150, 2, 8.27%, 2, 0, 10, 46.36, 375422
1648642355, 414, 114, 283, 150, 2, 8.27%, 2, 0, 10, 32.01, 376583
1648642365, 415, 179, 283, 150, 2, 8.27%, 2, 0, 10, 44.07, 377091
1648642386, 415, 193, 283, 150, 2, 8.27%, 2, 0, 10, 33.58, 377896
1648642411, 416, 89, 283, 150, 2, 8.27%, 2, 0, 10, 29.55, 378679
1648642417, 416, 207, 283, 150, 2, 8.27%, 2, 0, 10, 51.36, 378963
1648642432, 417, 188, 283, 150, 2, 8.27%, 2, 0, 10, 39.96, 379712
1648642457, 418, 171, 283, 150, 2, 8.27%, 2, 0, 10, 55.85, 380435
1648642468, 420, 84, 283, 150, 2, 8.27%, 2, 0, 10, 50.56, 380980
1648642473, 420, 120, 283, 150, 2, 8.27%, 2, 0, 10, 39.49, 381177
1648642488, 421, 110, 283, 150, 2, 8.27%, 2, 0, 10, 32.40, 381679
1648642498, 422, 164, 283, 150, 2, 8.27%, 2, 0, 10, 46.15, 382196
1648642524, 423, 117, 283, 150, 2, 8.27%, 2, 0, 10, 36.40, 383295
1648642539, 423, 165, 283, 150, 2, 8.27%, 2, 0, 10, 38.04, 383814
1648642544, 424, 87, 283, 150, 2, 8.27%, 2, 0, 10, 52.75, 384100
1648642549, 424, 248, 283, 150, 2, 8.27%, 2, 0, 10, 55.11, 384381
1648642595, 426, 153, 283, 150, 2, 8.27%, 2, 0, 10, 39.18, 386181
1648642605, 426, 254, 283, 149, 2, 8.27%, 2, 0, 10, 41.11, 386613
1648642651, 427, 227, 283, 148, 2, 8.27%, 2, 0, 10, 57.22, 388450
1648642662, 429, 1, 283, 148, 2, 8.27%, 2, 0, 10, 54.36, 389014
1648642667, 429, 153, 283, 148, 2, 8.27%, 2, 0, 10, 43.93, 389245
1648642682, 429, 169, 283, 148, 2, 8.27%, 2, 0, 10, 52.44, 389818
1648642687, 430, 125, 283, 148, 2, 8.27%, 2, 0, 10, 48.91, 390070
1648642692, 431, 69, 283, 148, 2, 8.27%, 2, 0, 10, 39.56, 390270
1648642703, 431, 171, 283, 148, 2, 8.27%, 2, 0, 10, 57.82, 390641
1648642708, 433, 67, 283, 148, 2, 8.27%, 2, 0, 10, 55.75, 390931
1648642713, 433, 253, 283, 148, 2, 8.27%, 2, 0, 10, 39.13, 391172
1648642759, 434, 252, 283, 148, 2, 8.27%, 2, 0, 10, 47.37, 393011
1648642779, 435, 233, 283, 148, 2, 8.27%, 2, 0, 10, 54.88, 394170
1648642789, 436, 148, 283, 148, 2, 8.27%, 2, 0, 10, 46.65, 394673
1648642810, 436, 252, 283, 148, 2, 8.27%, 2, 0, 10, 51.70, 395489
1648642830, 438, 17, 283, 148, 2, 8.27%, 2, 0, 10, 50.00, 396612
1648642835, 438, 214, 283, 148, 2, 8.27%, 2, 0, 10, 37.30, 396789
1648642871, 439, 165, 283, 148, 2, 8.27%, 2, 0, 10, 56.62, 398023
1648642876, 440, 163, 283, 148, 2, 8.27%, 2, 0, 10, 50.44, 398278
1648642902, 441, 19, 283, 148, 2, 8.27%, 2, 0, 10, 37.91, 399415
1648642912, 441, 58, 283, 148, 2, 8.27%, 2, 0, 10, 45.15, 399797
1648642917, 441, 83, 283, 148, 2, 8.27%, 2, 0, 10, 50.12, 400061
1648642922, 442, 227, 283, 148, 2, 8.27%, 2, 0, 10, 51.79, 400322
1648642932, 444, 2, 283, 148, 2, 8.27%, 2, 0, 10, 50.75, 400878
1648642937, 444, 215, 283, 148, 2, 8.27%, 2, 0, 10, 38.00, 401089
1648642968, 445, 171, 283, 148, 2, 8.27%, 2, 0, 10, 57.97, 402291
1648642973, 446, 144, 283, 148, 2, 8.27%, 2, 0, 10, 57.16, 402588
1648642989, 446, 218, 283, 148, 2, 8.27%, 2, 0, 10, 37.65, 403284
1648643014, 448, 145, 283, 148, 2, 8.27%, 2, 0, 10, 42.38, 404165
1648643035, 448, 193, 283, 148, 2, 8.27%, 2, 0, 10, 45.56, 405238
1648643065, 449, 169, 283, 148, 2, 8.27%, 2, 0, 10, 43.29, 406233
1648643070, 450, 194, 283, 148, 2, 8.27%, 2, 0, 10, 50.57, 406503
1648643091, 451, 84, 283, 148, 2, 8.27%, 2, 0, 10, 36.75, 407443
1648643101, 451, 227, 283, 148, 2, 8.27%, 2, 0, 10, 57.84, 407873
1648643111, 452, 182, 283, 148, 2, 8.27%, 2, 0, 10, 47.54, 408404
1648643136, 453, 60, 283, 148, 2, 8.27%, 2, 0, 10, 39.15, 409544
1648643142, 453, 171, 283, 148, 2, 8.27%, 2, 0, 10, 46.14, 409771
1648643147, 454, 195, 283, 148, 2, 8.27%, 2, 0, 10, 52.79, 410057
1648643172, 454, 223, 283, 148, 2, 8.27%, 2, 0, 10, 38.22, 411252
1648643203, 455, 89, 283, 148, 2, 8.27%, 2, 0, 10, 47.35, 412241
1648643208, 455, 221, 283, 148, 2, 8.27%, 2, 0, 10, 41.35, 412457
1648643228, 455, 253, 283, 148, 2, 8.27%, 2, 0, 10, 37.12, 413226
1648643274, 456, 165, 283, 148, 2, 8.27%, 2, 0, 10, 44.32, 415050
1648643279, 457, 282, 283, 148, 2, 8.27%, 2, 0, 10, 49.90, 415320
1648643290, 457, 282, 284, 149, 2, 8.27%, 2, 0, 10, 38.91, 415722
1648643300, 457, 282, 285, 150, 2, 8.27%, 2, 0, 10, 44.40, 416158
1648643320, 459, 58, 285, 149, 2, 8.27%, 2, 0, 10, 44.20, 417074
1648643326, 459, 129, 285, 149, 2, 8.27%, 2, 0, 10, 52.84, 417366
1648643336, 459, 216, 285, 149, 2, 8.27%, 2, 0, 10, 38.32, 417786
1648643371, 460, 89, 285, 149, 2, 8.27%, 2, 0, 10, 47.82, 418932
1648643376, 460, 168, 285, 149, 2, 8.27%, 2, 0, 10, 54.21, 419212
1648643397, 461, 162, 285, 149, 2, 8.27%, 2, 0, 10, 48.68, 420339
1648643438, 461, 169, 285, 149, 2, 8.27%, 2, 0, 10, 56.70, 421747
1648643443, 463, 136, 285, 149, 2, 8.27%, 2, 0, 10, 52.46, 422017
1648643453, 463, 248, 285, 149, 2, 8.27%, 2, 0, 10, 43.05, 422496
1648643500, 464, 165, 285, 149, 2, 8.27%, 2, 0, 10, 56.56, 424390
1648643505, 465, 169, 285, 149, 2, 8.27%, 2, 0, 10, 56.38, 424674
1648643510, 465, 216, 285, 149, 2, 8.27%, 2, 0, 10, 43.22, 424901
1648643546, 465, 252, 285, 149, 2, 8.27%, 2, 0, 10, 40.68, 426091
1648643566, 466, 227, 285, 149, 2, 8.27%, 2, 0, 10, 54.73, 427267
1648643577, 467, 221, 285, 149, 2, 8.27%, 2, 0, 10, 46.25, 427789
1648643608, 468, 171, 285, 149, 2, 8.27%, 2, 0, 10, 43.58, 428764
1648643613, 469, 264, 285, 149, 2, 8.27%, 2, 0, 10, 51.16, 429037
1648643633, 470, 175, 285, 149, 2, 8.27%, 2, 0, 10, 37.15, 429986
1648643669, 471, 114, 285, 149, 2, 8.27%, 2, 0, 10, 40.84, 431126
1648643674, 472, 164, 285, 149, 2, 8.27%, 2, 0, 10, 48.85, 431402
1648643699, 472, 220, 285, 149, 2, 8.27%, 2, 0, 10, 43.97, 432521
1648643730, 473, 58, 285, 149, 2, 8.27%, 2, 0, 10, 43.89, 433528
1648643735, 473, 270, 286, 150, 2, 8.27%, 2, 0, 10, 46.56, 433779
1648643775, 474, 145, 286, 149, 2, 8.27%, 2, 0, 10, 37.19, 435582
1648643806, 475, 58, 286, 149, 2, 8.27%, 2, 0, 10, 37.86, 436658
1648643811, 476, 61, 286, 149, 2, 8.27%, 2, 0, 10, 51.40, 436941
1648643821, 476, 277, 286, 148, 1, 8.27%, 2, 0, 10, 35.77, 437363
1648643852, 477, 58, 286, 147, 1, 8.27%, 2, 0, 10, 49.81, 438381
1648643857, 477, 213, 286, 147, 1, 8.27%, 2, 0, 10, 44.46, 438603
1648643872, 477, 245, 286, 147, 1, 8.27%, 2, 0, 10, 44.62, 439279
1648643903, 478, 169, 286, 147, 1, 8.27%, 2, 0, 10, 40.25, 440250
1648643908, 479, 267, 286, 147, 1, 8.27%, 2, 0, 10, 51.74, 440529
1648643934, 480, 123, 286, 147, 1, 8.27%, 2, 0, 10, 37.01, 441758
1648643944, 481, 263, 286, 147, 1, 8.27%, 2, 0, 10, 43.39, 442142
1648643964, 482, 252, 286, 147, 1, 8.27%, 2, 0, 10, 46.50, 443125
1648643985, 483, 187, 286, 147, 1, 8.27%, 2, 0, 10, 55.36, 444293
1648644010, 484, 65, 286, 146, 1, 8.27%, 2, 0, 10, 46.32, 445542
1648644020, 484, 171, 286, 146, 1, 8.27%, 2, 0, 10, 50.22, 445975
1648644026, 486, 65, 286, 146, 1, 8.27%, 2, 0, 10, 54.02, 446260
1648644031, 486, 163, 286, 146, 1, 8.27%, 2, 0, 10, 39.95, 446454
1648644066, 487, 89, 286, 146, 1, 8.27%, 2, 0, 10, 37.88, 447599
1648644072, 488, 188, 286, 146, 1, 8.27%, 2, 0, 10, 47.84, 447875
1648644092, 488, 214, 286, 146, 1, 8.27%, 2, 0, 10, 38.41, 448751
1648644128, 488, 227, 286, 146, 1, 8.27%, 2, 0, 10, 57.22, 449907
1648644138, 489, 280, 286, 146, 1, 8.27%, 2, 0, 10, 47.67, 450418
1648644163, 490, 98, 286, 145, 0, 8.27%, 2, 0, 10, 37.61, 451474
1648644173, 490, 169, 286, 145, 0, 8.27%, 2, 0, 10, 56.70, 451930
1648644179, 491, 234, 286, 145, 0, 8.27%, 2, 0, 10, 46.35, 452169
1648644209, 492, 213, 286, 145, 0, 8.27%, 2, 0, 10, 37.05, 453381
1648644240, 493, 171, 286, 145, 0, 8.27%, 2, 0, 10, 48.46, 454459
1648644245, 494, 229, 286, 145, 0, 8.27%, 2, 0, 10, 51.98, 454740
1648644256, 495, 188, 286, 145, 0, 8.27%, 2, 0, 10, 44.01, 455239
1648644286, 496, 165, 286, 145, 0, 8.27%, 2, 0, 10, 45.19, 456223
1648644291, 497, 266, 286, 145, 0, 8.27%, 2, 0, 10, 50.16, 456488
1648644306, 498, 184, 286, 144, 0, 8.27%, 2, 0, 10, 45.73, 457272
1648644337, 499, 171, 286, 144, 0, 8.27%, 2, 0, 10, 45.50, 458272
1648644342, 500, 185, 286, 144, 0, 8.27%, 2, 0, 10, 51.98, 458558
1648644368, 500, 213, 286, 144, 0, 8.27%, 2, 0, 10, 37.93, 459765
1648644393, 501, 89, 286, 144, 0, 8.27%, 2, 0, 10, 43.47, 460626
1648644398, 502, 231, 286, 144, 0, 8.27%, 2, 0, 10, 45.54, 460874
1648644418, 503, 84, 286, 143, 0, 8.27%, 2, 0, 10, 36.80, 461711
1648644429, 504, 58, 286, 143, 0, 8.27%, 2, 0, 10, 47.01, 462111
1648644434, 505, 67, 286, 143, 0, 8.27%, 2, 0, 10, 53.27, 462388
1648644439, 505, 248, 286, 143, 0, 8.27%, 2, 0, 10, 38.91, 462607
1648644484, 506, 171, 286, 143, 0, 8.27%, 2, 0, 10, 50.30, 464459
1648644489, 507, 234, 286, 143, 0, 8.27%, 2, 0, 10, 46.51, 464704
1648644520, 508, 60, 286, 143, 0, 8.27%, 2, 0, 10, 38.30, 465950
1648644530, 508, 171, 286, 143, 0, 8.27%, 2, 0, 10, 58.11, 466359
1648644535, 509, 193, 286, 143, 0, 8.27%, 2, 0, 10, 47.38, 466603
1648644556, 510, 123, 286, 143, 0, 8.27%, 2, 0, 10, 40.28, 467432
1648644566, 510, 165, 286, 143, 0, 8.27%, 2, 0, 10, 40.00, 467778
1648644571, 511, 65, 286, 143, 0, 8.27%, 2, 0, 10, 51.44, 468056
1648644576, 511, 213, 286, 143, 0, 8.27%, 2, 0, 10, 47.25, 468302
1648644607, 511, 252, 286, 143, 0, 8.27%, 2, 0, 10, 51.83, 469373
1648644627, 512, 256, 286, 143, 0, 8.27%, 2, 0, 10, 47.74, 470474
1648644647, 513, 223, 286, 143, 0, 8.27%, 2, 0, 10, 33.93, 471333
1648644673, 514, 89, 286, 143, 0, 8.27%, 2, 0, 10, 30.85, 472084
1648644678, 514, 261, 286, 143, 0, 8.27%, 2, 0, 10, 50.30, 472377
1648644689, 514, 261, 287, 144, 0, 8.27%, 2, 0, 10, 44.10, 472818
1648644709, 515, 117, 287, 144, 2, 8.27%, 2, 0, 10, 34.83, 473694
1648644714, 516, 58, 287, 144, 2, 8.27%, 2, 0, 10, 37.30, 473875
1648644719, 516, 227, 287, 144, 2, 8.27%, 2, 0, 10, 52.18, 474159
1648644729, 517, 145, 287, 144, 2, 8.27%, 2, 0, 10, 39.56, 474623
1648644759, 517, 252, 287, 144, 2, 8.27%, 2, 0, 10, 0.00, 475629
1648644780, 518, 271, 287, 144, 2, 8.27%, 2, 0, 10, 56.90, 476813
1648644795, 519, 256, 287, 143, 2, 8.27%, 2, 0, 10, 39.36, 477512
1648644821, 520, 227, 287, 143, 2, 8.27%, 2, 0, 10, 35.50, 478313
1648644826, 521, 133, 287, 143, 2, 8.27%, 2, 0, 10, 51.98, 478605
1648644846, 522, 42, 287, 143, 2, 8.27%, 2, 0, 10, 51.66, 479726
1648644857, 522, 252, 287, 143, 2, 8.27%, 2, 0, 10, 40.38, 480076
1648644877, 523, 233, 287, 143, 2, 8.27%, 2, 0, 10, 56.10, 481267
1648644888, 524, 232, 287, 143, 2, 8.27%, 2, 0, 10, 47.00, 481789
1648644913, 524, 252, 287, 143, 2, 8.27%, 2, 0, 10, 31.32, 482614
1648644934, 525, 263, 287, 143, 2, 8.27%, 2, 0, 10, 56.65, 483792
1648644959, 529, 42, 287, 143, 2, 8.27%, 2, 0, 10, 43.43, 484989
1648644969, 529, 252, 287, 143, 2, 8.27%, 2, 0, 10, 56.60, 485455
1648644990, 530, 75, 287, 143, 2, 8.27%, 2, 0, 10, 57.36, 486625
1648644995, 530, 205, 287, 143, 2, 8.27%, 2, 0, 10, 40.95, 486828
1648645021, 533, 64, 287, 143, 2, 8.27%, 2, 0, 10, 45.47, 487716
1648645026, 533, 117, 287, 143, 2, 8.27%, 2, 0, 10, 39.96, 487933
1648645036, 534, 58, 287, 143, 2, 8.27%, 2, 0, 10, 49.41, 488353
1648645041, 534, 169, 287, 143, 2, 8.27%, 2, 0, 10, 54.99, 488636
1648645046, 535, 120, 287, 143, 2, 8.27%, 2, 0, 10, 41.86, 488851
1648645056, 535, 252, 287, 143, 2, 8.27%, 2, 0, 10, 55.98, 489261
1648645077, 536, 209, 287, 143, 2, 8.27%, 2, 0, 10, 47.71, 490395
1648645103, 536, 218, 287, 143, 2, 8.27%, 2, 0, 10, 36.78, 491515
1648645128, 537, 169, 287, 143, 2, 8.27%, 2, 0, 10, 39.76, 492364
1648645133, 538, 185, 287, 143, 2, 8.27%, 2, 0, 10, 52.04, 492656
1648645159, 539, 159, 287, 143, 2, 8.27%, 2, 0, 10, 36.57, 493908
1648645184, 541, 110, 287, 143, 2, 8.27%, 2, 0, 10, 34.43, 494693
1648645195, 541, 181, 287, 143, 2, 8.27%, 2, 0, 10, 36.17, 495142
1648645230, 542, 169, 287, 143, 2, 8.27%, 2, 0, 10, 50.63, 496301
1648645235, 543, 269, 287, 143, 2, 8.27%, 2, 0, 10, 52.32, 496574
1648645261, 544, 157, 287, 143, 2, 8.27%, 2, 0, 10, 37.02, 497769
1648645291, 544, 165, 287, 143, 2, 8.27%, 2, 0, 10, 45.70, 498750
1648645296, 544, 252, 287, 143, 2, 8.27%, 2, 0, 10, 53.08, 499030
1648645317, 545, 190, 287, 143, 2, 8.27%, 2, 0, 10, 45.54, 500118
1648645357, 546, 218, 287, 143, 2, 8.27%, 2, 0, 10, 40.43, 501442
1648645378, 547, 195, 287, 143, 2, 8.27%, 2, 0, 10, 35.22, 502273
1648645408, 547, 252, 287, 143, 2, 8.27%, 2, 0, 10, 32.60, 503286
1648645434, 549, 42, 287, 143, 2, 8.27%, 2, 0, 10, 47.34, 504659
1648645439, 549, 70, 287, 143, 2, 8.27%, 2, 0, 10, 35.96, 504836
1648645449, 549, 165, 287, 143, 2, 8.27%, 2, 0, 10, 54.38, 505225
1648645454, 551, 42, 287, 143, 2, 8.27%, 2, 0, 10, 49.68, 505479
1648645459, 551, 197, 287, 143, 2, 8.27%, 2, 0, 10, 39.84, 505678
1648645495, 552, 169, 287, 143, 2, 8.27%, 2, 0, 10, 34.36, 506861
1648645505, 553, 165, 287, 143, 2, 8.27%, 2, 0, 10, 51.03, 507408
1648645510, 554, 87, 287, 143, 2, 8.27%, 2, 0, 10, 41.85, 507619
1648645515, 554, 114, 287, 143, 2, 8.27%, 2, 0, 10, 36.20, 507801
1648645526, 555, 1, 287, 143, 2, 8.27%, 2, 0, 10, 54.81, 508377
1648645531, 555, 277, 287, 143, 2, 8.27%, 2, 0, 10, 36.74, 508548
1648645557, 557, 212, 287, 143, 2, 8.27%, 2, 0, 10, 31.31, 509318
1648645582, 558, 2, 287, 143, 2, 8.27%, 2, 0, 10, 32.33, 510276
1648645592, 558, 165, 287, 143, 2, 8.27%, 2, 0, 10, 48.48, 510683
1648645597, 559, 165, 287, 143, 2, 8.27%, 2, 0, 10, 51.64, 510953
1648645602, 559, 222, 287, 143, 2, 8.27%, 2, 0, 10, 43.00, 511173
1648645633, 560, 169, 287, 143, 2, 8.27%, 2, 0, 10, 40.64, 512126
1648645638, 562, 52, 287, 143, 2, 8.27%, 2, 0, 10, 47.93, 512391
1648645648, 563, 1, 287, 143, 2, 8.27%, 2, 0, 10, 35.84, 512773
1648645653, 563, 171, 287, 143, 2, 8.27%, 2, 0, 10, 59.64, 512968
1648645659, 564, 245, 287, 143, 2, 8.27%, 2, 0, 10, 56.15, 513261
1648645684, 566, 116, 287, 143, 2, 8.27%, 2, 0, 10, 45.86, 514303
1648645689, 566, 159, 287, 143, 2, 8.27%, 2, 0, 10, 35.97, 514485
1648645720, 567, 58, 287, 143, 2, 8.27%, 2, 0, 10, 48.80, 515494
1648645725, 568, 71, 287, 143, 2, 8.27%, 2, 0, 10, 47.18, 515737
1648645730, 568, 273, 287, 143, 2, 8.27%, 2, 0, 10, 38.22, 515927
1648645756, 570, 187, 287, 142, 2, 8.27%, 2, 0, 10, 37.46, 516769
1648645781, 571, 171, 287, 142, 2, 8.27%, 2, 0, 10, 56.78, 518087
1648645786, 572, 197, 287, 142, 2, 8.27%, 2, 0, 10, 53.43, 518356
1648645807, 573, 143, 287, 142, 2, 8.27%, 2, 0, 10, 45.59, 519366
1648645827, 574, 110, 287, 142, 2, 8.27%, 2, 0, 10, 57.81, 520137
1648645833, 574, 240, 287, 142, 2, 8.27%, 2, 0, 10, 52.04, 520398
1648645848, 575, 1, 287, 141, 2, 8.27%, 2, 0, 10, 45.54, 521167
1648645858, 575, 165, 287, 141, 2, 8.27%, 2, 0, 10, 56.72, 521565
1648645863, 576, 266, 287, 141, 2, 8.27%, 2, 0, 10, 52.73, 521834
1648645883, 577, 218, 287, 141, 2, 8.27%, 2, 0, 10, 36.84, 522779
1648645909, 578, 169, 287, 141, 2, 8.27%, 2, 0, 10, 48.23, 523696
1648645914, 579, 272, 287, 141, 2, 8.27%, 2, 0, 10, 52.24, 523969
1648645924, 580, 42, 287, 141, 2, 8.27%, 2, 0, 10, 44.05, 524467
1648645934, 580, 171, 287, 141, 2, 8.27%, 2, 0, 10, 55.14, 524831
1648645939, 581, 216, 287, 141, 2, 8.27%, 2, 0, 10, 53.00, 525103
1648645965, 582, 116, 287, 141, 2, 8.27%, 2, 0, 10, 37.73, 526327
1648645970, 583, 71, 287, 141, 2, 8.27%, 2, 0, 10, 35.16, 526496
1648645980, 584, 171, 287, 141, 2, 8.27%, 2, 0, 10, 57.63, 527004
1648645985, 586, 60, 287, 141, 2, 8.27%, 2, 0, 10, 56.15, 527285
1648645990, 587, 52, 287, 141, 2, 8.27%, 2, 0, 10, 37.59, 527460
1648646001, 587, 165, 287, 141, 2, 8.27%, 2, 0, 10, 49.73, 527885
1648646006, 588, 131, 287, 141, 2, 8.27%, 2, 0, 10, 50.23, 528149
1648646026, 588, 194, 287, 141, 2, 8.27%, 2, 0, 10, 45.74, 529179
1648646052, 589, 58, 287, 141, 2, 8.27%, 2, 0, 10, 34.85, 530025
1648646057, 590, 162, 287, 141, 2, 8.27%, 2, 0, 10, 51.07, 530317
1648646087, 591, 125, 287, 141, 2, 8.27%, 2, 0, 10, 33.95, 531605
1648646093, 591, 169, 287, 141, 2, 8.27%, 2, 0, 10, 33.80, 531770
1648646103, 592, 193, 287, 141, 2, 8.27%, 2, 0, 10, 42.51, 532261
1648646123, 593, 116, 287, 141, 2, 8.27%, 2, 0, 10, 34.34, 533050
1648646133, 593, 169, 287, 141, 2, 8.27%, 2, 0, 10, 56.55, 533462
1648646138, 595, 143, 287, 141, 2, 8.27%, 2, 0, 10, 52.10, 533725
1648646148, 595, 203, 287, 141, 2, 8.27%, 2, 0, 10, 40.92, 534185
1648646179, 596, 165, 287, 141, 2, 8.27%, 2, 0, 10, 49.17, 535259
1648646184, 597, 255, 287, 141, 2, 8.27%, 2, 0, 10, 47.68, 535505
1648646220, 598, 245, 287, 141, 2, 8.27%, 2, 0, 10, 34.05, 537142
1648646245, 599, 227, 287, 141, 2, 8.27%, 2, 0, 10, 27.77, 537893
1648646256, 601, 83, 287, 141, 2, 8.27%, 2, 0, 10, 52.00, 538438
1648646261, 601, 248, 287, 141, 2, 8.27%, 2, 0, 10, 39.89, 538638
1648646302, 602, 58, 287, 141, 2, 8.27%, 2, 0, 10, 40.80, 540245
1648646307, 602, 188, 287, 141, 2, 8.27%, 2, 0, 10, 51.88, 540522
1648646327, 602, 190, 287, 141, 2, 8.27%, 2, 0, 10, 39.82, 541431
1648646363, 603, 171, 287, 141, 2, 8.27%, 2, 0, 10, 29.33, 542555
1648646373, 605, 5, 287, 141, 2, 8.27%, 2, 0, 10, 47.42, 543074
1648646378, 605, 218, 287, 141, 2, 8.27%, 2, 0, 10, 37.62, 543265
1648646404, 606, 89, 287, 141, 2, 8.27%, 2, 0, 10, 37.39, 544113
1648646409, 608, 1, 287, 141, 2, 8.27%, 2, 0, 10, 50.83, 544391
1648646414, 608, 209, 287, 141, 2, 8.27%, 2, 0, 10, 48.22, 544645
1648646455, 609, 110, 287, 141, 2, 8.27%, 2, 0, 10, 48.98, 546025
1648646460, 610, 169, 287, 141, 2, 8.27%, 2, 0, 10, 54.50, 546317
1648646465, 611, 136, 287, 141, 2, 8.27%, 2, 0, 10, 43.85, 546549
1648646486, 612, 114, 287, 141, 2, 8.27%, 2, 0, 10, 57.95, 547288
1648646491, 613, 75, 287, 141, 2, 8.27%, 2, 0, 10, 56.82, 547573
1648646496, 613, 222, 287, 141, 2, 8.27%, 2, 0, 10, 40.79, 547782
1648646526, 614, 89, 287, 141, 2, 8.27%, 2, 0, 10, 46.95, 548768
1648646532, 614, 179, 287, 141, 2, 8.27%, 2, 0, 10, 42.23, 548987
1648646552, 614, 197, 287, 141, 2, 8.27%, 2, 0, 10, 37.30, 549815
1648646588, 616, 58, 287, 141, 2, 8.27%, 2, 0, 10, 43.91, 551056
1648646593, 616, 131, 287, 141, 2, 8.27%, 2, 0, 10, 38.81, 551260
1648646608, 616, 227, 287, 141, 2, 8.27%, 2, 0, 10, 32.72, 551768
1648646613, 617, 214, 287, 141, 2, 8.27%, 2, 0, 10, 52.02, 552066
1648646644, 618, 187, 287, 141, 2, 8.27%, 2, 0, 10, 36.96, 553362
1648646679, 619, 110, 287, 141, 2, 8.27%, 2, 0, 10, 46.36, 554564
1648646684, 620, 216, 287, 141, 2, 8.27%, 2, 0, 10, 50.89, 554831
1648646709, 620, 261, 287, 141, 2, 8.27%, 2, 0, 10, 40.87, 556063
1648646740, 621, 165, 287, 141, 2, 8.27%, 2, 0, 10, 34.42, 557106
1648646751, 621, 206, 287, 141, 2, 8.27%, 2, 0, 10, 50.45, 557639
1648646766, 622, 180, 287, 141, 2, 8.27%, 2, 0, 10, 40.90, 558356
1648646797, 623, 89, 287, 140, 2, 8.27%, 2, 0, 10, 50.16, 559433
1648646802, 624, 148, 287, 140, 2, 8.27%, 2, 0, 10, 51.43, 559695
1648646812, 625, 129, 287, 140, 2, 8.27%, 2, 0, 10, 37.74, 560142
1648646822, 626, 114, 287, 140, 2, 8.27%, 2, 0, 10, 44.62, 560525
1648646827, 627, 184, 287, 140, 2, 8.27%, 2, 0, 10, 46.93, 560777
1648646848, 627, 277, 287, 140, 2, 8.27%, 2, 0, 10, 39.20, 561591
1648646879, 628, 110, 287, 140, 2, 8.27%, 2, 0, 10, 42.77, 562599
1648646884, 629, 282, 287, 140, 2, 8.27%, 2, 0, 10, 46.90, 562859
1648646924, 630, 181, 287, 140, 2, 8.27%, 2, 0, 10, 42.71, 564548
1648646965, 631, 169, 287, 140, 2, 8.27%, 2, 0, 10, 45.36, 565885
1648646971, 633, 117, 287, 140, 2, 8.27%, 2, 0, 10, 49.36, 566158
1648646976, 633, 217, 287, 140, 2, 8.27%, 2, 0, 10, 44.15, 566382
1648646991, 633, 227, 287, 140, 2, 8.27%, 2, 0, 10, 43.37, 567000
1648646996, 634, 283, 287, 140, 2, 8.27%, 2, 0, 10, 48.83, 567265
1648647037, 635, 3, 287, 139, 1, 8.27%, 2, 0, 10, 41.52, 568963
1648647047, 635, 227, 287, 139, 1, 8.27%, 2, 0, 10, 39.21, 569315
1648647052, 636, 188, 287, 139, 1, 8.27%, 2, 0, 10, 48.66, 569583
1648647073, 637, 173, 287, 139, 1, 8.27%, 2, 0, 10, 39.54, 570473
1648647108, 638, 171, 287, 139, 1, 8.27%, 2, 0, 10, 31.06, 571604
1648647119, 639, 223, 287, 139, 1, 8.27%, 2, 0, 10, 42.29, 572110
1648647139, 640, 1, 287, 139, 1, 8.27%, 2, 0, 10, 35.58, 572915
1648647144, 640, 227, 287, 139, 1, 8.27%, 2, 0, 10, 33.53, 573090
1648647150, 641, 129, 287, 139, 1, 8.27%, 2, 0, 10, 51.58, 573386
1648647160, 641, 251, 287, 139, 1, 8.27%, 2, 0, 10, 39.33, 573817
1648647175, 641, 252, 287, 138, 1, 8.27%, 2, 0, 10, 40.25, 574361
1648647196, 642, 282, 287, 138, 1, 8.27%, 2, 0, 10, 52.55, 575513
1648647206, 642, 282, 288, 139, 1, 8.27%, 2, 0, 10, 40.34, 575922
1648647221, 642, 282, 288, 139, 1, 8.27%, 3, 0, 10, 43.20, 576567
1648647236, 642, 285, 288, 139, 2, 8.27%, 3, 0, 10, 41.25, 577227
1648647293, 643, 227, 288, 138, 1, 8.27%, 3, 0, 10, 38.39, 579039
1648647298, 645, 145, 288, 138, 1, 8.27%, 3, 0, 10, 51.42, 579330
1648647319, 645, 229, 288, 138, 1, 8.27%, 3, 0, 10, 51.84, 580440
1648647339, 646, 165, 288, 138, 1, 8.27%, 3, 0, 10, 49.01, 581218
1648647344, 647, 233, 288, 138, 1, 8.27%, 3, 0, 10, 52.66, 581492
1648647354, 648, 125, 288, 138, 1, 8.27%, 3, 0, 10, 41.05, 581979
1648647364, 649, 58, 288, 138, 1, 8.27%, 3, 0, 10, 49.29, 582391
1648647369, 649, 191, 288, 138, 1, 8.27%, 3, 0, 10, 46.09, 582629
1648647395, 649, 208, 288, 138, 1, 8.27%, 3, 0, 10, 35.07, 583746
1648647420, 650, 165, 288, 138, 1, 8.27%, 3, 0, 10, 57.42, 584519
1648647431, 651, 272, 288, 138, 1, 8.27%, 3, 0, 10, 52.94, 585068
1648647441, 652, 269, 288, 138, 1, 8.27%, 3, 0, 10, 35.38, 585561
1648647472, 654, 138, 288, 138, 1, 8.27%, 3, 0, 10, 47.26, 586797
1648647482, 654, 267, 289, 139, 1, 8.27%, 3, 0, 10, 33.48, 587266
1648647518, 655, 89, 289, 139, 1, 8.27%, 3, 0, 10, 44.56, 588486
1648647523, 656, 84, 289, 139, 1, 8.27%, 3, 0, 10, 49.31, 588749
1648647528, 657, 238, 289, 139, 1, 8.27%, 3, 0, 10, 46.13, 588989
1648647553, 658, 119, 289, 139, 1, 8.27%, 3, 0, 10, 42.22, 590126
1648647574, 659, 89, 289, 139, 1, 8.27%, 3, 0, 10, 48.50, 590880
1648647579, 660, 86, 289, 139, 1, 8.27%, 3, 0, 10, 53.54, 591160
1648647589, 660, 117, 289, 139, 1, 8.27%, 3, 0, 10, 39.88, 591647
1648647599, 661, 58, 289, 139, 1, 8.27%, 3, 0, 10, 50.84, 592079
1648647604, 661, 196, 289, 139, 1, 8.27%, 3, 0, 10, 49.91, 592332
1648647625, 661, 257, 289, 139, 1, 8.27%, 3, 0, 10, 40.64, 593300
1648647660, 662, 169, 289, 139, 1, 8.27%, 3, 0, 10, 52.77, 594649
1648647666, 663, 234, 289, 139, 1, 8.27%, 3, 0, 10, 42.80, 594870
1648647696, 664, 171, 289, 139, 1, 8.27%, 3, 0, 10, 47.36, 596127
1648647701, 665, 98, 289, 139, 1, 8.27%, 3, 0, 10, 54.92, 596413
1648647706, 665, 149, 289, 139, 1, 8.27%, 3, 0, 10, 52.01, 596673
1648647727, 666, 89, 289, 138, 1, 8.27%, 3, 0, 10, 50.52, 597472
1648647732, 667, 182, 289, 138, 1, 8.27%, 3, 0, 10, 46.08, 597711
1648647747, 667, 199, 289, 138, 1, 8.27%, 3, 0, 10, 44.40, 598421
1648647778, 668, 58, 289, 138, 1, 8.27%, 3, 0, 10, 44.83, 599431
1648647783, 668, 214, 289, 138, 1, 8.27%, 3, 0, 10, 45.65, 599677
1648647809, 669, 252, 289, 138, 1, 8.27%, 3, 0, 10, 45.14, 600789
1648647829, 670, 172, 289, 138, 1, 8.27%, 3, 0, 10, 53.61, 601949
1648647859, 670, 215, 289, 138, 1, 8.27%, 3, 0, 10, 36.14, 603243
1648647885, 672, 184, 289, 138, 1, 8.27%, 3, 0, 10, 39.88, 604261
1648647911, 673, 150, 289, 138, 1, 8.27%, 3, 0, 10, 35.52, 605267
1648647946, 673, 252, 289, 138, 1, 8.27%, 3, 0, 10, 48.05, 606499
1648647966, 674, 206, 289, 138, 1, 8.27%, 3, 0, 10, 50.40, 607598
1648647982, 675, 144, 289, 138, 1, 8.27%, 3, 0, 10, 50.44, 608355
1648648002, 675, 165, 289, 138, 1, 8.27%, 3, 0, 10, 55.34, 609089
1648648007, 676, 271, 289, 138, 1, 8.27%, 3, 0, 10, 53.37, 609357
1648648017, 677, 185, 289, 138, 1, 8.27%, 3, 0, 10, 48.57, 609874
1648648053, 678, 169, 289, 138, 1, 8.27%, 3, 0, 10, 30.45, 611016
1648648063, 679, 187, 289, 138, 1, 8.27%, 3, 0, 10, 49.63, 611553
1648648084, 680, 155, 289, 138, 1, 8.27%, 3, 0, 10, 43.88, 612549
1648648114, 681, 89, 289, 138, 1, 8.27%, 3, 0, 10, 47.85, 613535
1648648120, 682, 3, 289, 138, 1, 8.27%, 3, 0, 10, 53.18, 613820
1648648125, 682, 17, 289, 138, 1, 8.27%, 3, 0, 10, 42.12, 614039
1648648135, 682, 89, 289, 138, 1, 8.27%, 3, 0, 10, 46.82, 614428
1648648140, 684, 66, 289, 138, 1, 8.27%, 3, 0, 10, 44.73, 614666
1648648145, 684, 253, 289, 138, 1, 8.27%, 3, 0, 10, 39.95, 614863
1648648191, 685, 227, 289, 138, 1, 8.27%, 3, 0, 10, 47.49, 616713
1648648196, 687, 63, 289, 138, 1, 8.27%, 3, 0, 10, 53.27, 617002
1648648201, 687, 205, 289, 138, 1, 8.27%, 3, 0, 10, 42.57, 617221
1648648227, 688, 58, 289, 138, 1, 8.27%, 3, 0, 10, 36.49, 618054
1648648232, 688, 175, 289, 138, 1, 8.27%, 3, 0, 10, 49.67, 618328
1648648262, 689, 2, 289, 138, 1, 8.27%, 3, 0, 10, 34.98, 619637
1648648267, 689, 110, 289, 138, 1, 8.27%, 3, 0, 10, 40.37, 619829
1648648272, 691, 2, 289, 138, 1, 8.27%, 3, 0, 10, 51.85, 620112
1648648282, 691, 19, 289, 138, 1, 8.27%, 3, 0, 10, 34.22, 620500
1648648288, 691, 227, 289, 138, 1, 8.27%, 3, 0, 10, 34.00, 620668
1648648293, 692, 254, 289, 138, 1, 8.27%, 3, 0, 10, 50.93, 620960
1648648329, 693, 191, 289, 138, 1, 8.27%, 3, 0, 10, 47.58, 622689
1648648369, 694, 169, 289, 138, 1, 8.27%, 3, 0, 10, 48.76, 624077
1648648375, 696, 64, 289, 138, 1, 8.27%, 3, 0, 10, 53.64, 624353
1648648380, 696, 210, 289, 138, 1, 8.27%, 3, 0, 10, 41.29, 624567
1648648405, 697, 89, 289, 138, 1, 8.27%, 3, 0, 10, 34.52, 625392
1648648410, 698, 62, 289, 138, 1, 8.27%, 3, 0, 10, 51.33, 625675
1648648415, 698, 199, 289, 138, 1, 8.27%, 3, 0, 10, 44.73, 625912
1648648446, 699, 110, 289, 138, 1, 8.27%, 3, 0, 10, 44.55, 626911
1648648451, 701, 63, 289, 138, 1, 8.27%, 3, 0, 10, 52.32, 627188
1648648456, 701, 221, 289, 138, 1, 8.27%, 3, 0, 10, 44.68, 627428
1648648487, 702, 114, 289, 138, 1, 8.27%, 3, 0, 10, 47.47, 628337
1648648492, 703, 143, 289, 138, 1, 8.27%, 3, 0, 10, 53.94, 628619
1648648507, 703, 268, 289, 138, 1, 8.27%, 3, 0, 10, 41.62, 629333
1648648537, 704, 58, 289, 138, 1, 8.27%, 3, 0, 10, 44.01, 630546
1648648543, 704, 180, 289, 138, 1, 8.27%, 3, 0, 10, 49.75, 630817
1648648563, 704, 215, 289, 138, 1, 8.27%, 3, 0, 10, 40.71, 631669
1648648594, 704, 227, 289, 138, 1, 8.27%, 3, 0, 10, 42.28, 632878
1648648599, 705, 155, 289, 138, 1, 8.27%, 3, 0, 10, 49.62, 633146
1648648619, 705, 218, 289, 138, 1, 8.27%, 3, 0, 10, 38.39, 634003
1648648650, 706, 169, 289, 138, 1, 8.27%, 3, 0, 10, 49.30, 635088
1648648655, 707, 273, 289, 138, 1, 8.27%, 3, 0, 10, 50.29, 635348
1648648670, 708, 269, 289, 138, 1, 8.27%, 3, 0, 10, 4.67, 636071
1648648701, 709, 171, 289, 138, 1, 8.27%, 3, 0, 10, 38.61, 637261
1648648711, 710, 171, 289, 138, 1, 8.27%, 3, 0, 10, 55.72, 637831
1648648716, 713, 42, 289, 138, 1, 8.27%, 3, 0, 10, 46.77, 638061
1648648721, 713, 193, 289, 138, 1, 8.27%, 3, 0, 10, 36.72, 638248
1648648752, 713, 252, 289, 138, 1, 8.27%, 3, 0, 10, 46.77, 639265
1648648772, 714, 117, 289, 138, 1, 8.27%, 3, 0, 10, 51.49, 640376
1648648777, 714, 128, 289, 138, 1, 8.27%, 3, 0, 10, 40.23, 640584
1648648818, 714, 165, 289, 138, 1, 8.27%, 3, 0, 10, 49.24, 641965
1648648823, 716, 64, 289, 138, 1, 8.27%, 3, 0, 10, 51.82, 642234
1648648828, 716, 245, 289, 138, 1, 8.27%, 3, 0, 10, 38.03, 642426
1648648859, 716, 252, 289, 138, 1, 8.27%, 3, 0, 10, 51.73, 643405
1648648879, 717, 253, 289, 138, 1, 8.27%, 3, 0, 10, 48.11, 644521
1648648914, 718, 245, 289, 138, 1, 8.27%, 3, 0, 10, 40.38, 646177
1648648945, 719, 165, 289, 138, 1, 8.27%, 3, 0, 10, 48.78, 647129
1648648950, 720, 197, 289, 138, 1, 8.27%, 3, 0, 10, 52.10, 647402
1648648976, 720, 202, 289, 138, 1, 8.27%, 3, 0, 10, 38.81, 648602
1648649001, 720, 227, 289, 138, 1, 8.27%, 3, 0, 10, 28.95, 649388
1648649011, 721, 186, 289, 138, 1, 8.27%, 3, 0, 10, 50.60, 649923
1648649032, 722, 162, 289, 138, 1, 8.27%, 3, 0, 10, 41.18, 650905
1648649072, 724, 1, 289, 138, 1, 8.27%, 3, 0, 10, 48.07, 652258
1648649078, 724, 60, 289, 138, 1, 8.27%, 3, 0, 10, 37.62, 652445
1648649083, 724, 252, 289, 138, 1, 8.27%, 3, 0, 10, 39.97, 652635
1648649103, 725, 175, 289, 138, 1, 8.27%, 3, 0, 10, 53.86, 653751
1648649133, 726, 252, 289, 138, 1, 8.27%, 3, 0, 10, 52.03, 655153
1648649154, 728, 128, 289, 138, 1, 8.27%, 3, 0, 10, 48.11, 656244
1648649164, 729, 64, 289, 138, 1, 8.27%, 3, 0, 10, 40.95, 656685
1648649174, 729, 89, 289, 138, 1, 8.27%, 3, 0, 10, 49.07, 657129
1648649179, 730, 187, 289, 138, 1, 8.27%, 3, 0, 10, 50.82, 657402
1648649204, 730, 216, 289, 138, 1, 8.27%, 3, 0, 10, 35.40, 658564
1648649240, 731, 171, 289, 138, 1, 8.27%, 3, 0, 10, 46.48, 659757
1648649245, 733, 5, 289, 138, 1, 8.27%, 3, 0, 10, 47.61, 660017
1648649250, 733, 131, 289, 138, 1, 8.27%, 3, 0, 10, 40.93, 660227
1648649261, 733, 252, 289, 138, 1, 8.27%, 3, 0, 10, 57.13, 660558
1648649286, 735, 155, 289, 138, 1, 8.27%, 3, 0, 10, 43.36, 661898
1648649306, 735, 181, 289, 138, 1, 8.27%, 3, 0, 10, 34.49, 662707
1648649342, 736, 58, 289, 138, 1, 8.27%, 3, 0, 10, 37.70, 663829
1648649347, 736, 271, 289, 138, 1, 8.27%, 3, 0, 10, 50.43, 664104
1648649357, 737, 216, 289, 138, 1, 8.27%, 3, 0, 10, 49.65, 664618
1648649398, 738, 171, 289, 138, 1, 8.27%, 3, 0, 10, 49.71, 666028
1648649403, 739, 217, 289, 138, 1, 8.27%, 3, 0, 10, 47.30, 666274
1648649413, 740, 191, 289, 138, 1, 8.27%, 3, 0, 10, 42.93, 666740
1648649454, 741, 110, 289, 138, 1, 8.27%, 3, 0, 10, 52.59, 668108
1648649459, 742, 183, 289, 138, 1, 8.27%, 3, 0, 10, 47.15, 668348
1648649480, 743, 154, 289, 138, 1, 8.27%, 3, 0, 10, 35.20, 669198
1648649511, 743, 169, 289, 138, 1, 8.27%, 3, 0, 10, 47.87, 670218
1648649516, 744, 217, 289, 138, 1, 8.27%, 3, 0, 10, 47.75, 670465
1648649526, 744, 248, 289, 138, 1, 8.27%, 3, 0, 10, 40.68, 670936
1648649571, 744, 252, 289, 138, 1, 8.27%, 3, 0, 10, 46.94, 672709
1648649591, 745, 175, 289, 138, 1, 8.27%, 3, 0, 10, 53.76, 673838
1648649622, 746, 71, 289, 138, 1, 8.27%, 3, 0, 10, 33.46, 675122
1648649627, 746, 252, 289, 138, 1, 8.27%, 3, 0, 10, 36.46, 675298
