# unix_time, cycles_done, cur_path, paths_total, pending_total, pending_favs, map_size, unique_crashes, unique_hangs, max_depth, execs_per_sec, total_execs
1648633269, 0, 0, 2, 2, 1, 2.00%, 0, 0, 2, 10.64, 9
1648633275, 0, 0, 8, 8, 1, 2.06%, 0, 0, 2, 11.13, 68
1648633280, 0, 0, 13, 13, 1, 2.10%, 0, 0, 2, 10.50, 123
1648633285, 0, 0, 17, 17, 1, 2.11%, 0, 0, 2, 8.55, 162
1648633290, 0, 0, 21, 21, 1, 2.13%, 0, 0, 2, 7.74, 199
1648633295, 0, 0, 26, 26, 1, 2.14%, 0, 0, 2, 8.24, 243
1648633300, 0, 0, 31, 31, 1, 2.14%, 0, 0, 2, 9.47, 293
1648633306, 0, 0, 35, 35, 1, 2.14%, 0, 0, 2, 8.91, 338
1648633311, 0, 0, 40, 40, 1, 2.15%, 0, 0, 2, 8.63, 384
1648633316, 0, 0, 44, 44, 1, 2.16%, 0, 0, 2, 7.74, 423
1648633321, 0, 0, 47, 47, 1, 2.16%, 0, 0, 2, 8.47, 465
1648633326, 0, 0, 51, 51, 1, 2.16%, 0, 0, 2, 9.17, 514
1648633331, 0, 0, 55, 55, 1, 2.16%, 0, 0, 2, 9.50, 563
1648633336, 0, 0, 59, 59, 1, 2.16%, 0, 0, 2, 8.68, 608
1648633341, 0, 0, 62, 62, 1, 2.17%, 0, 0, 2, 8.21, 648
1648633347, 0, 0, 65, 65, 1, 2.18%, 0, 0, 2, 9.55, 701
1648633352, 0, 0, 69, 69, 1, 2.18%, 0, 0, 2, 9.35, 750
1648633357, 0, 69, 72, 71, 0, 2.18%, 0, 0, 3, 9.62, 798
1648633362, 0, 69, 75, 74, 0, 2.18%, 0, 0, 3, 8.83, 844
1648633367, 0, 69, 79, 78, 0, 2.18%, 0, 0, 3, 8.61, 888
1648633372, 0, 69, 83, 82, 0, 2.18%, 0, 0, 3, 8.51, 931
1648633377, 0, 69, 86, 85, 0, 2.18%, 0, 0, 3, 8.24, 972
1648633382, 0, 69, 90, 89, 0, 2.20%, 0, 0, 3, 8.98, 1018
1648633388, 0, 69, 92, 91, 0, 2.20%, 0, 0, 3, 8.90, 1062
1648633393, 0, 69, 93, 92, 0, 2.20%, 0, 0, 3, 9.40, 1110
1648633398, 0, 69, 94, 93, 0, 2.20%, 0, 0, 3, 8.95, 1155
1648633403, 0, 69, 96, 95, 0, 2.20%, 0, 0, 3, 9.26, 1205
1648633408, 0, 69, 98, 97, 0, 2.20%, 0, 0, 3, 8.94, 1251
1648633413, 0, 82, 101, 99, 0, 2.20%, 0, 0, 4, 10.84, 1302
1648633418, 0, 82, 105, 103, 0, 2.20%, 0, 0, 4, 12.40, 1370
1648633423, 0, 82, 109, 107, 0, 2.20%, 0, 0, 4, 11.53, 1426
1648633428, 0, 82, 113, 111, 0, 2.21%, 0, 0, 4, 11.51, 1485
1648633433, 0, 82, 118, 116, 0, 2.21%, 0, 0, 4, 10.46, 1536
1648633439, 0, 82, 120, 118, 0, 2.21%, 0, 0, 4, 11.33, 1594
1648633444, 0, 82, 123, 121, 0, 2.21%, 0, 0, 4, 12.30, 1656
1648633449, 0, 82, 125, 123, 0, 2.21%, 0, 0, 4, 12.60, 1722
1648633454, 1, 61, 126, 123, 0, 2.21%, 0, 0, 4, 12.03, 1784
1648633469, 1, 61, 128, 125, 0, 2.21%, 0, 0, 4, 8.90, 1929
1648633475, 1, 61, 129, 126, 0, 2.21%, 0, 0, 4, 8.98, 1974
1648633480, 1, 61, 130, 127, 0, 2.21%, 0, 0, 4, 9.60, 2025
1648633485, 1, 77, 133, 129, 0, 2.21%, 0, 0, 4, 9.78, 2077
1648633490, 1, 77, 135, 131, 0, 2.21%, 0, 0, 4, 9.91, 2129
1648633495, 1, 77, 136, 132, 0, 2.21%, 0, 0, 4, 9.44, 2178
1648633500, 1, 77, 137, 133, 0, 2.21%, 0, 0, 4, 9.13, 2223
1648633511, 1, 77, 139, 135, 0, 2.21%, 0, 0, 4, 8.76, 2313
1648633516, 1, 77, 140, 136, 0, 2.21%, 0, 0, 4, 8.80, 2359
1648633521, 2, 29, 141, 136, 0, 2.21%, 0, 0, 4, 9.10, 2407
1648633531, 2, 29, 142, 137, 0, 2.22%, 0, 0, 4, 11.01, 2517
1648633536, 2, 29, 143, 138, 0, 2.22%, 0, 0, 4, 10.68, 2571
1648633541, 2, 29, 144, 139, 0, 2.22%, 0, 0, 4, 10.77, 2629
1648633546, 2, 29, 145, 140, 0, 2.22%, 0, 0, 4, 10.56, 2682
1648633552, 3, 21, 145, 139, 0, 2.22%, 0, 0, 4, 10.17, 2735
1648633557, 3, 21, 147, 141, 0, 2.22%, 0, 0, 4, 9.58, 2784
1648633567, 3, 21, 149, 143, 0, 2.22%, 0, 0, 4, 9.46, 2880
1648633572, 3, 21, 151, 145, 0, 2.22%, 0, 0, 4, 8.82, 2923
1648633582, 3, 21, 153, 147, 0, 2.22%, 0, 0, 4, 9.66, 3020
1648633587, 3, 66, 155, 148, 0, 2.22%, 0, 0, 4, 11.52, 3079
1648633592, 3, 66, 156, 149, 0, 2.22%, 0, 0, 4, 10.98, 3133
1648633597, 3, 66, 157, 150, 0, 2.22%, 0, 0, 4, 9.80, 3182
1648633603, 3, 66, 158, 151, 0, 2.22%, 0, 0, 4, 11.02, 3240
1648633608, 3, 66, 159, 152, 0, 2.22%, 0, 0, 4, 10.97, 3296
1648633613, 3, 66, 161, 154, 0, 2.22%, 0, 0, 4, 11.11, 3352
1648633618, 3, 74, 161, 153, 0, 2.22%, 0, 0, 4, 10.42, 3405
1648633623, 3, 74, 162, 154, 0, 2.22%, 0, 0, 4, 9.31, 3452
1648633643, 3, 74, 165, 157, 0, 2.22%, 0, 0, 4, 8.00, 3634
1648633649, 3, 92, 166, 157, 0, 2.22%, 0, 0, 4, 11.25, 3690
1648633654, 3, 92, 168, 159, 0, 2.22%, 0, 0, 4, 12.08, 3754
1648633659, 3, 92, 169, 160, 0, 2.22%, 0, 0, 4, 11.98, 3814
1648633664, 3, 92, 171, 162, 0, 2.22%, 0, 0, 4, 12.93, 3881
1648633669, 3, 92, 174, 165, 0, 2.22%, 0, 0, 4, 12.70, 3944
1648633674, 4, 90, 174, 164, 0, 2.22%, 0, 0, 4, 11.39, 4002
1648633679, 4, 90, 175, 165, 0, 2.22%, 0, 0, 4, 9.33, 4047
1648633684, 4, 90, 176, 166, 0, 2.22%, 0, 0, 4, 8.35, 4089
1648633700, 4, 90, 177, 167, 0, 2.22%, 0, 0, 4, 8.62, 4218
1648633710, 5, 28, 177, 166, 0, 2.22%, 0, 0, 4, 10.25, 4320
1648633715, 5, 28, 178, 167, 0, 2.22%, 0, 0, 4, 9.90, 4370
1648633736, 5, 86, 179, 167, 0, 2.22%, 0, 0, 4, 11.93, 4596
1648633741, 5, 86, 180, 168, 0, 2.22%, 0, 0, 4, 11.72, 4654
1648633762, 5, 179, 181, 168, 0, 2.22%, 0, 0, 5, 11.84, 4888
1648633767, 5, 179, 182, 169, 0, 2.22%, 0, 0, 5, 12.06, 4948
1648633772, 5, 179, 183, 170, 0, 2.22%, 0, 0, 5, 12.31, 5011
1648633777, 5, 179, 184, 171, 0, 2.22%, 0, 0, 5, 12.17, 5074
1648633787, 5, 179, 185, 172, 0, 2.22%, 0, 0, 5, 10.12, 5181
1648633807, 5, 179, 186, 173, 0, 2.22%, 0, 0, 5, 9.66, 5388
1648633818, 6, 60, 187, 173, 0, 2.22%, 0, 0, 5, 11.95, 5509
1648633833, 6, 60, 188, 174, 0, 2.22%, 0, 0, 5, 11.43, 5686
1648633844, 6, 187, 189, 174, 0, 2.22%, 0, 0, 5, 11.87, 5804
1648633849, 6, 187, 190, 175, 0, 2.22%, 0, 0, 5, 11.34, 5865
1648633854, 6, 187, 192, 177, 0, 2.22%, 0, 0, 5, 9.22, 5908
1648633859, 6, 187, 193, 178, 0, 2.22%, 0, 0, 5, 8.89, 5954
1648633864, 6, 187, 195, 180, 0, 2.22%, 0, 0, 5, 8.37, 5997
1648633875, 6, 187, 196, 181, 0, 2.22%, 1, 0, 5, 9.51, 6097
1648633880, 6, 187, 198, 183, 0, 2.29%, 1, 0, 5, 12.70, 6161
1648633885, 7, 31, 200, 184, 0, 2.29%, 1, 0, 5, 11.21, 6214
1648633900, 7, 31, 201, 185, 0, 2.29%, 1, 0, 5, 10.16, 6360
1648633905, 7, 31, 202, 186, 0, 2.29%, 1, 0, 5, 9.59, 6406
1648633915, 7, 32, 204, 187, 0, 2.29%, 1, 0, 5, 11.17, 6517
1648633936, 7, 32, 206, 189, 0, 2.29%, 1, 0, 5, 10.08, 6713
1648633941, 7, 202, 207, 189, 0, 2.29%, 1, 0, 5, 11.16, 6771
1648633946, 7, 202, 208, 190, 0, 2.29%, 1, 0, 5, 9.69, 6819
1648633972, 7, 202, 209, 191, 0, 2.30%, 1, 0, 5, 8.54, 7034
1648633977, 7, 202, 211, 193, 0, 2.30%, 1, 0, 5, 8.14, 7074
1648633982, 7, 202, 212, 194, 0, 2.30%, 1, 0, 5, 8.26, 7116
1648633987, 7, 202, 215, 197, 0, 2.30%, 1, 0, 5, 8.22, 7158
1648633993, 8, 141, 216, 197, 0, 2.30%, 1, 0, 5, 10.15, 7209
1648633998, 8, 141, 217, 198, 0, 2.30%, 1, 0, 5, 11.30, 7269
1648634003, 8, 141, 219, 200, 0, 2.30%, 1, 0, 5, 10.42, 7323
1648634013, 8, 141, 221, 202, 0, 2.30%, 1, 0, 5, 11.00, 7437
1648634018, 8, 141, 222, 203, 0, 2.30%, 1, 0, 5, 12.91, 7502
1648634023, 8, 156, 223, 203, 0, 2.30%, 1, 0, 5, 10.32, 7552
1648634028, 8, 156, 224, 204, 0, 2.30%, 1, 0, 5, 8.85, 7596
1648634033, 8, 156, 225, 205, 0, 2.30%, 1, 0, 5, 8.19, 7634
1648634044, 8, 156, 226, 206, 0, 2.30%, 1, 0, 5, 8.09, 7714
1648634049, 8, 156, 227, 207, 0, 2.30%, 1, 0, 5, 7.97, 7754
1648634054, 8, 156, 228, 208, 0, 2.30%, 1, 0, 5, 8.11, 7796
1648634059, 8, 156, 230, 210, 0, 2.31%, 1, 0, 5, 10.78, 7850
1648634064, 9, 74, 231, 210, 0, 2.31%, 1, 0, 5, 10.50, 7900
1648634069, 9, 74, 232, 211, 0, 2.31%, 1, 0, 5, 10.52, 7951
1648634074, 9, 74, 233, 212, 0, 2.31%, 1, 0, 5, 12.17, 8016
1648634090, 10, 48, 234, 213, 0, 2.31%, 1, 0, 5, 12.03, 8209
1648634116, 10, 50, 234, 212, 0, 2.31%, 1, 0, 5, 11.57, 8490
1648634121, 10, 50, 235, 213, 0, 2.31%, 1, 0, 5, 12.14, 8550
1648634136, 10, 52, 235, 212, 0, 2.31%, 1, 0, 5, 11.34, 8726
1648634141, 10, 52, 237, 214, 0, 2.31%, 1, 0, 5, 10.38, 8776
1648634152, 10, 52, 237, 214, 0, 2.31%, 2, 0, 5, 9.33, 8870
1648634162, 10, 52, 239, 216, 0, 2.31%, 2, 0, 5, 9.64, 8969
1648634167, 10, 56, 240, 216, 0, 2.31%, 2, 0, 5, 9.45, 9015
1648634172, 10, 56, 241, 217, 0, 2.31%, 3, 0, 5, 10.96, 9073
1648634187, 10, 56, 242, 218, 0, 2.31%, 3, 0, 5, 10.56, 9237
1648634198, 10, 58, 242, 217, 0, 2.31%, 3, 0, 5, 9.08, 9335
1648634213, 10, 58, 243, 218, 0, 2.31%, 3, 0, 5, 8.14, 9459
1648634218, 10, 58, 243, 218, 0, 2.31%, 4, 0, 5, 7.97, 9500
1648634223, 10, 58, 245, 220, 0, 2.31%, 4, 0, 5, 8.92, 9546
1648634228, 10, 209, 246, 220, 0, 2.31%, 4, 0, 5, 9.10, 9591
1648634249, 10, 209, 248, 222, 0, 2.31%, 4, 0, 5, 10.14, 9807
1648634274, 11, 71, 250, 223, 0, 2.31%, 4, 0, 5, 12.16, 10089
1648634300, 11, 194, 252, 224, 0, 2.31%, 4, 0, 5, 17.54, 10408
1648634305, 11, 194, 253, 225, 0, 2.31%, 4, 0, 5, 18.86, 10508
1648634310, 11, 194, 256, 228, 0, 2.31%, 4, 0, 5, 17.45, 10599
1648634315, 11, 194, 258, 230, 0, 2.31%, 4, 0, 5, 13.90, 10660
1648634325, 11, 194, 261, 233, 0, 2.31%, 4, 0, 5, 14.83, 10810
1648634331, 11, 194, 266, 238, 0, 2.31%, 4, 0, 5, 12.71, 10872
1648634336, 11, 194, 267, 239, 0, 2.31%, 4, 0, 5, 14.98, 10948
1648634341, 11, 194, 270, 242, 0, 2.31%, 4, 0, 5, 14.61, 11029
1648634346, 12, 73, 270, 241, 0, 2.31%, 4, 0, 5, 11.52, 11090
1648634372, 12, 73, 272, 243, 0, 2.31%, 4, 0, 5, 8.01, 11302
1648634382, 12, 136, 272, 242, 0, 2.31%, 4, 0, 5, 11.58, 11407
1648634403, 12, 136, 274, 244, 0, 2.31%, 4, 0, 5, 10.88, 11638
1648634413, 12, 232, 274, 243, 0, 2.31%, 4, 0, 5, 8.96, 11737
1648634423, 12, 232, 275, 244, 0, 2.31%, 4, 0, 5, 8.10, 11819
1648634449, 12, 232, 277, 246, 0, 2.35%, 4, 0, 5, 8.87, 12022
1648634454, 12, 232, 278, 247, 0, 2.35%, 4, 0, 5, 7.46, 12056
1648634490, 12, 272, 278, 246, 0, 2.35%, 4, 0, 5, 6.82, 12314
1648634495, 12, 272, 280, 248, 0, 2.35%, 4, 0, 6, 12.00, 12382
1648634510, 12, 272, 281, 249, 0, 2.35%, 4, 0, 6, 11.62, 12578
1648634525, 12, 272, 282, 250, 0, 2.35%, 4, 0, 6, 11.07, 12745
1648634546, 13, 75, 283, 250, 0, 2.35%, 4, 0, 6, 11.43, 12978
1648634556, 13, 75, 284, 251, 0, 2.35%, 4, 0, 6, 11.55, 13094
1648634572, 13, 282, 284, 250, 0, 2.35%, 4, 0, 6, 10.64, 13252
1648634597, 13, 282, 285, 251, 0, 2.39%, 5, 0, 6, 10.05, 13519
1648634617, 13, 282, 287, 253, 0, 2.39%, 5, 0, 6, 9.19, 13713
1648634628, 14, 84, 287, 252, 0, 2.39%, 5, 0, 6, 9.35, 13810
1648634633, 14, 84, 288, 253, 0, 2.39%, 5, 0, 6, 11.11, 13873
1648634648, 14, 84, 289, 254, 0, 2.39%, 5, 0, 6, 12.12, 14060
1648634653, 14, 104, 291, 255, 0, 2.39%, 5, 0, 6, 16.29, 14142
1648634659, 14, 104, 293, 257, 0, 2.39%, 5, 0, 6, 15.50, 14223
1648634674, 14, 183, 293, 256, 0, 2.39%, 5, 0, 6, 11.57, 14437
1648634679, 14, 183, 294, 257, 0, 2.39%, 5, 0, 6, 9.17, 14480
1648634684, 14, 183, 295, 258, 0, 2.39%, 5, 0, 6, 8.06, 14520
1648634736, 14, 183, 296, 259, 0, 2.40%, 5, 0, 6, 7.00, 14889
1648634741, 14, 183, 297, 260, 0, 2.40%, 5, 0, 6, 6.47, 14921
1648634752, 14, 183, 298, 261, 0, 2.40%, 5, 0, 6, 7.39, 14997
1648634757, 14, 185, 298, 260, 0, 2.40%, 6, 0, 6, 6.88, 15032
1648634772, 14, 185, 299, 261, 0, 2.40%, 6, 0, 6, 8.36, 15166
1648634787, 14, 185, 300, 262, 0, 2.40%, 6, 0, 6, 8.66, 15302
1648634813, 14, 185, 301, 263, 0, 2.40%, 6, 0, 6, 8.04, 15504
1648634833, 15, 89, 301, 262, 0, 2.40%, 6, 0, 6, 9.52, 15677
1648634859, 15, 161, 301, 261, 0, 2.40%, 6, 0, 6, 10.10, 15938
1648634890, 16, 93, 301, 260, 0, 2.40%, 6, 0, 6, 9.84, 16251
1648634905, 16, 93, 302, 261, 0, 2.40%, 6, 0, 6, 9.48, 16395
1648634920, 16, 95, 302, 260, 0, 2.40%, 6, 0, 6, 9.13, 16529
1648634951, 16, 97, 302, 259, 0, 2.40%, 6, 0, 6, 7.85, 16781
1648634987, 16, 226, 303, 259, 0, 2.40%, 6, 0, 6, 9.25, 17076
1648635023, 16, 226, 304, 260, 0, 2.40%, 6, 0, 6, 7.31, 17366
1648635033, 16, 226, 305, 261, 0, 2.40%, 6, 0, 6, 7.47, 17444
1648635043, 16, 226, 306, 262, 0, 2.40%, 6, 0, 6, 7.40, 17520
1648635048, 16, 226, 307, 263, 0, 2.40%, 6, 0, 6, 7.85, 17560
1648635063, 16, 295, 309, 264, 0, 2.40%, 6, 0, 7, 7.47, 17678
1648635074, 16, 295, 310, 265, 0, 2.40%, 6, 0, 7, 7.75, 17756
1648635079, 16, 295, 311, 266, 0, 2.40%, 6, 0, 7, 7.74, 17796
1648635099, 16, 295, 312, 267, 0, 2.40%, 6, 0, 7, 7.42, 17948
1648635110, 16, 295, 313, 268, 0, 2.40%, 6, 0, 7, 7.75, 18027
1648635130, 17, 238, 313, 267, 0, 2.40%, 6, 0, 7, 10.69, 18200
1648635151, 17, 238, 314, 268, 0, 2.40%, 6, 0, 7, 10.27, 18413
1648635161, 17, 291, 316, 269, 0, 2.40%, 6, 0, 7, 13.28, 18528
1648635166, 17, 291, 317, 270, 0, 2.40%, 6, 0, 7, 18.74, 18634
1648635171, 17, 291, 319, 272, 0, 2.40%, 6, 0, 7, 19.91, 18737
1648635181, 17, 291, 320, 273, 0, 2.40%, 6, 0, 7, 16.80, 18923
1648635202, 17, 291, 321, 274, 0, 2.40%, 6, 0, 7, 14.41, 19220
1648635207, 17, 291, 322, 275, 0, 2.40%, 6, 0, 7, 14.24, 19291
1648635217, 18, 105, 323, 275, 0, 2.40%, 6, 0, 7, 14.87, 19443
1648635233, 18, 105, 324, 276, 0, 2.40%, 6, 0, 7, 14.66, 19670
1648635238, 18, 105, 325, 277, 0, 2.40%, 6, 0, 7, 13.20, 19737
1648635243, 18, 225, 325, 276, 0, 2.40%, 6, 0, 7, 9.67, 19780
1648635294, 18, 225, 326, 277, 0, 2.40%, 6, 0, 7, 7.80, 20178
1648635299, 19, 158, 326, 276, 0, 2.40%, 6, 0, 7, 12.25, 20239
1648635320, 19, 294, 327, 276, 0, 2.40%, 7, 0, 7, 13.51, 20524
1648635325, 19, 294, 328, 277, 0, 2.40%, 7, 0, 7, 13.57, 20593
1648635345, 19, 294, 330, 279, 0, 2.40%, 7, 0, 7, 11.64, 20846
1648635361, 19, 294, 331, 280, 0, 2.40%, 7, 0, 7, 10.87, 21016
1648635371, 20, 160, 331, 279, 0, 2.40%, 7, 0, 7, 12.41, 21133
1648635397, 21, 135, 332, 279, 4294967295, 2.40%, 7, 0, 7, 10.67, 21441
1648635432, 21, 139, 332, 278, 0, 2.40%, 7, 0, 7, 10.69, 21784
1648635443, 21, 139, 333, 279, 0, 2.40%, 7, 0, 7, 10.06, 21897
1648635463, 21, 140, 334, 279, 0, 2.40%, 7, 0, 7, 10.18, 22105
1648635468, 21, 140, 335, 280, 0, 2.40%, 7, 0, 7, 13.97, 22182
1648635484, 21, 140, 336, 281, 0, 2.40%, 7, 0, 7, 11.53, 22360
1648635494, 21, 277, 336, 280, 0, 2.40%, 7, 0, 7, 10.27, 22469
1648635499, 21, 277, 338, 282, 0, 2.41%, 7, 0, 7, 9.13, 22517
1648635525, 21, 277, 339, 283, 0, 2.41%, 7, 0, 7, 8.29, 22723
1648635540, 21, 277, 340, 284, 0, 2.41%, 7, 0, 7, 7.83, 22844
1648635556, 22, 181, 340, 283, 0, 2.41%, 7, 0, 7, 12.34, 22994
1648635561, 22, 181, 341, 284, 0, 2.41%, 7, 0, 7, 14.26, 23068
1648635576, 22, 181, 342, 285, 0, 2.41%, 7, 0, 7, 12.40, 23261
1648635601, 23, 177, 342, 284, 0, 2.41%, 7, 0, 7, 11.23, 23548
1648635617, 23, 177, 343, 285, 0, 2.41%, 7, 0, 7, 9.43, 23704
1648635637, 23, 182, 344, 285, 0, 2.41%, 7, 0, 7, 10.06, 23894
1648635642, 23, 182, 344, 285, 0, 2.41%, 8, 0, 7, 15.83, 23983
1648635652, 23, 182, 345, 286, 0, 2.41%, 8, 0, 7, 14.38, 24147
1648635673, 23, 182, 346, 287, 0, 2.41%, 8, 0, 7, 12.77, 24411
1648635678, 23, 345, 346, 286, 0, 2.41%, 8, 0, 7, 13.19, 24484
1648635720, 23, 345, 347, 287, 0, 2.41%, 8, 0, 7, 10.14, 24964
1648635730, 23, 345, 348, 288, 0, 2.41%, 8, 0, 7, 10.76, 25075
1648635735, 24, 180, 348, 287, 0, 2.41%, 8, 0, 7, 13.53, 25148
1648635771, 24, 185, 348, 286, 4294967295, 2.41%, 8, 0, 7, 14.44, 25666
1648635776, 24, 185, 350, 288, 4294967295, 2.41%, 8, 0, 7, 16.31, 25753
1648635812, 24, 185, 351, 289, 4294967295, 2.41%, 8, 0, 7, 11.18, 26197
1648635822, 24, 348, 351, 289, 4294967295, 2.41%, 8, 0, 7, 11.25, 26315
1648635863, 24, 348, 352, 290, 4294967295, 2.41%, 8, 0, 7, 10.71, 26811
1648635868, 24, 348, 353, 291, 4294967295, 2.41%, 8, 0, 7, 11.52, 26870
1648635873, 25, 198, 353, 290, 4294967295, 2.41%, 8, 0, 7, 16.16, 26953
1648635883, 25, 198, 354, 291, 4294967295, 2.41%, 8, 0, 7, 17.92, 27154
1648635898, 25, 198, 355, 292, 4294967295, 2.41%, 8, 0, 7, 14.72, 27388
1648635903, 25, 198, 357, 294, 4294967295, 2.41%, 8, 0, 7, 16.80, 27479
1648635909, 26, 188, 357, 293, 0, 2.41%, 8, 0, 7, 13.53, 27543
1648635950, 26, 188, 357, 293, 0, 2.41%, 9, 0, 7, 12.65, 28060
1648635955, 26, 188, 357, 292, 0, 2.41%, 9, 0, 7, 14.60, 28134
1648635960, 26, 188, 358, 293, 0, 2.41%, 9, 0, 7, 16.65, 28230
1648635965, 26, 188, 359, 294, 0, 2.41%, 9, 0, 7, 13.77, 28293
1648635981, 26, 191, 359, 294, 0, 2.41%, 9, 0, 7, 12.78, 28485
1648636007, 26, 191, 360, 295, 0, 2.41%, 9, 0, 7, 12.19, 28806
1648636022, 26, 191, 362, 297, 0, 2.41%, 9, 0, 7, 12.99, 29001
1648636028, 26, 195, 362, 296, 0, 2.41%, 9, 0, 7, 12.06, 29064
1648636084, 26, 246, 362, 295, 0, 2.41%, 9, 0, 7, 7.86, 29660
1648636110, 26, 246, 363, 296, 0, 2.41%, 9, 0, 7, 5.16, 29798
1648636136, 26, 246, 364, 297, 0, 2.41%, 9, 0, 7, 4.85, 29924
1648636177, 27, 210, 364, 296, 0, 2.41%, 9, 0, 7, 7.67, 30142
1648636243, 27, 297, 365, 296, 0, 2.41%, 9, 0, 7, 13.33, 30747
1648636258, 27, 297, 366, 297, 0, 2.41%, 9, 0, 7, 12.41, 30965
1648636263, 27, 297, 367, 298, 0, 2.41%, 9, 0, 7, 11.31, 31022
1648636274, 27, 297, 368, 299, 0, 2.41%, 9, 0, 7, 10.75, 31132
1648636284, 27, 297, 369, 300, 0, 2.41%, 9, 0, 7, 12.71, 31261
1648636289, 28, 239, 370, 300, 0, 2.41%, 9, 0, 7, 12.68, 31324
1648636299, 28, 239, 371, 301, 0, 2.41%, 9, 0, 7, 11.57, 31451
1648636320, 28, 298, 371, 300, 0, 2.41%, 9, 0, 7, 10.47, 31670
1648636325, 28, 298, 372, 301, 0, 2.41%, 9, 0, 7, 10.13, 31719
1648636345, 28, 298, 373, 302, 0, 2.41%, 9, 0, 7, 9.68, 31926
1648636371, 28, 322, 374, 302, 0, 2.41%, 9, 0, 7, 29.22, 32279
1648636396, 29, 257, 374, 301, 0, 2.41%, 9, 0, 7, 14.31, 32762
1648636422, 29, 257, 375, 302, 0, 2.41%, 9, 0, 7, 10.70, 33060
1648636432, 29, 257, 376, 303, 0, 2.41%, 9, 0, 7, 11.21, 33178
1648636448, 29, 281, 376, 302, 0, 2.41%, 9, 0, 7, 11.73, 33353
1648636453, 29, 281, 378, 304, 0, 2.41%, 9, 0, 7, 12.95, 33423
1648636458, 29, 281, 380, 306, 0, 2.41%, 9, 0, 7, 13.37, 33494
1648636463, 29, 281, 382, 308, 0, 2.41%, 9, 0, 7, 12.28, 33555
1648636489, 29, 281, 383, 309, 0, 2.41%, 9, 0, 7, 10.96, 33846
1648636494, 29, 281, 384, 310, 0, 2.41%, 9, 0, 7, 11.30, 33903
1648636499, 29, 284, 386, 311, 0, 2.41%, 9, 0, 7, 10.92, 33959
1648636504, 29, 284, 390, 315, 0, 2.41%, 9, 0, 7, 10.75, 34014
1648636509, 29, 284, 395, 320, 0, 2.41%, 9, 0, 7, 11.02, 34072
1648636514, 29, 284, 397, 322, 0, 2.41%, 9, 0, 7, 11.07, 34127
1648636520, 29, 284, 399, 324, 0, 2.41%, 9, 0, 7, 10.70, 34182
1648636525, 29, 284, 402, 327, 0, 2.41%, 9, 0, 7, 10.98, 34240
1648636530, 29, 284, 403, 328, 0, 2.41%, 9, 0, 7, 10.75, 34295
1648636535, 29, 284, 406, 331, 0, 2.41%, 9, 0, 7, 11.35, 34351
1648636545, 29, 284, 408, 333, 0, 2.41%, 9, 0, 7, 10.57, 34464
1648636555, 29, 284, 411, 336, 0, 2.41%, 9, 0, 7, 11.36, 34580
1648636561, 29, 284, 413, 338, 0, 2.41%, 9, 0, 7, 12.18, 34645
1648636571, 29, 285, 413, 337, 0, 2.41%, 9, 0, 7, 13.85, 34771
1648636596, 29, 285, 414, 338, 0, 2.41%, 9, 0, 7, 13.70, 35191
1648636607, 29, 285, 414, 337, 0, 2.41%, 9, 0, 7, 16.73, 35350
1648636612, 29, 285, 415, 338, 0, 2.41%, 9, 0, 7, 34.47, 35558
1648636617, 29, 285, 416, 339, 0, 2.41%, 9, 0, 7, 41.13, 35766
1648636622, 29, 286, 418, 341, 0, 2.41%, 9, 0, 7, 4.97, 35954
1648636627, 29, 286, 419, 342, 0, 2.41%, 9, 0, 7, 7.77, 35997
1648636689, 29, 311, 420, 342, 0, 2.41%, 9, 0, 8, 8.89, 36413
1648636694, 29, 311, 421, 343, 0, 2.41%, 9, 0, 8, 15.42, 36502
1648636699, 29, 311, 422, 344, 0, 2.41%, 9, 0, 8, 15.99, 36588
1648636719, 30, 299, 422, 343, 0, 2.41%, 9, 0, 8, 13.25, 36859
1648636724, 30, 299, 423, 344, 0, 2.41%, 9, 0, 8, 12.15, 36922
1648636755, 30, 299, 423, 344, 0, 2.41%, 10, 0, 8, 11.20, 37269
1648636776, 30, 300, 423, 343, 0, 2.41%, 10, 0, 8, 8.36, 37474
1648636837, 30, 332, 423, 342, 0, 2.41%, 10, 0, 8, 10.47, 37932
1648636868, 30, 332, 424, 343, 0, 2.41%, 10, 0, 8, 10.78, 38280
1648636889, 30, 333, 425, 343, 0, 2.41%, 10, 0, 8, 11.00, 38495
1648636904, 30, 333, 428, 346, 0, 2.49%, 10, 0, 8, 12.01, 38683
1648636909, 30, 333, 429, 347, 0, 2.49%, 10, 0, 8, 10.85, 38737
1648636919, 30, 333, 430, 348, 0, 2.49%, 10, 0, 8, 10.94, 38845
1648636945, 30, 339, 430, 347, 0, 2.49%, 10, 0, 8, 9.27, 39116
1648636965, 30, 339, 431, 348, 0, 2.49%, 10, 0, 8, 6.87, 39259
1648636970, 30, 339, 432, 349, 0, 2.49%, 10, 0, 8, 6.54, 39291
1648636986, 30, 339, 433, 350, 0, 2.49%, 10, 0, 8, 5.94, 39391
1648636992, 30, 339, 434, 351, 0, 2.49%, 10, 0, 8, 5.90, 39422
1648636997, 30, 339, 435, 352, 0, 2.49%, 10, 0, 8, 6.15, 39454
1648637017, 30, 347, 435, 351, 0, 2.49%, 10, 0, 8, 7.72, 39598
1648637084, 30, 350, 435, 350, 0, 2.49%, 10, 0, 8, 9.31, 40179
1648637120, 30, 350, 436, 351, 0, 2.49%, 10, 0, 8, 9.15, 40544
1648637146, 30, 368, 436, 350, 0, 2.49%, 10, 0, 8, 11.45, 40796
1648637151, 30, 368, 437, 351, 0, 2.49%, 10, 0, 8, 12.40, 40862
1648637187, 30, 368, 437, 351, 0, 2.49%, 11, 0, 8, 11.25, 41260
1648637197, 30, 368, 437, 350, 0, 2.49%, 11, 0, 8, 14.11, 41392
1648637238, 30, 370, 437, 350, 0, 2.49%, 11, 0, 8, 13.84, 41945
1648637253, 30, 370, 438, 351, 0, 2.49%, 11, 0, 8, 13.76, 42171
1648637264, 30, 370, 439, 352, 0, 2.49%, 11, 0, 8, 12.33, 42294
1648637284, 30, 385, 442, 354, 0, 2.49%, 11, 0, 8, 12.05, 42539
1648637289, 30, 385, 444, 356, 0, 2.49%, 11, 0, 8, 12.69, 42605
1648637294, 30, 385, 445, 357, 0, 2.49%, 11, 0, 8, 12.27, 42667
1648637299, 30, 385, 446, 358, 0, 2.49%, 11, 0, 8, 12.04, 42727
1648637305, 30, 385, 448, 360, 0, 2.49%, 11, 0, 8, 12.52, 42793
1648637315, 30, 385, 449, 361, 0, 2.49%, 11, 0, 8, 12.79, 42920
1648637320, 30, 385, 451, 363, 0, 2.49%, 11, 0, 8, 11.13, 42974
1648637330, 30, 385, 452, 364, 0, 2.49%, 11, 0, 8, 10.67, 43082
1648637340, 30, 404, 452, 363, 0, 2.49%, 11, 0, 8, 12.61, 43208
1648637356, 30, 404, 454, 365, 0, 2.49%, 11, 0, 8, 13.64, 43435
1648637361, 30, 404, 455, 366, 0, 2.49%, 11, 0, 8, 12.66, 43500
1648637381, 30, 404, 456, 367, 0, 2.49%, 11, 0, 8, 13.37, 43756
1648637386, 30, 407, 457, 367, 0, 2.49%, 11, 0, 8, 12.67, 43821
1648637392, 30, 407, 458, 368, 0, 2.49%, 11, 0, 8, 11.60, 43875
1648637412, 30, 407, 459, 369, 0, 2.49%, 11, 0, 8, 9.64, 44093
1648637427, 30, 407, 460, 370, 0, 2.49%, 11, 0, 8, 10.50, 44251
1648637437, 30, 407, 461, 371, 0, 2.49%, 11, 0, 8, 10.57, 44361
1648637448, 30, 430, 461, 370, 0, 2.49%, 11, 0, 8, 7.94, 44448
1648637453, 30, 430, 462, 371, 0, 2.49%, 11, 0, 8, 6.21, 44478
1648637473, 30, 430, 463, 372, 0, 2.49%, 11, 0, 8, 6.37, 44612
1648637494, 30, 430, 464, 373, 0, 2.49%, 11, 0, 8, 6.19, 44741
1648637514, 30, 430, 465, 374, 0, 2.49%, 11, 0, 8, 6.15, 44871
1648637520, 30, 436, 469, 377, 0, 2.49%, 11, 0, 9, 63.10, 45042
1648637525, 30, 436, 470, 378, 0, 2.49%, 11, 0, 9, 54.34, 45318
1648637535, 30, 436, 472, 380, 0, 2.49%, 12, 0, 9, 45.77, 45735
1648637540, 30, 444, 472, 379, 0, 2.49%, 13, 0, 9, 26.36, 45860
1648637545, 30, 444, 474, 381, 0, 2.49%, 13, 0, 9, 16.15, 45923
1648637550, 30, 444, 475, 382, 0, 2.49%, 13, 0, 9, 13.33, 45986
1648637560, 30, 444, 476, 383, 0, 2.49%, 13, 0, 9, 11.34, 46102
1648637565, 30, 444, 477, 384, 0, 2.49%, 13, 0, 9, 10.57, 46155
1648637576, 30, 444, 479, 386, 0, 2.49%, 13, 0, 9, 10.44, 46258
1648637596, 30, 461, 481, 387, 0, 2.49%, 13, 0, 9, 9.55, 46466
1648637606, 30, 461, 481, 387, 0, 2.49%, 14, 0, 9, 7.81, 46543
1648637637, 30, 461, 482, 388, 0, 2.49%, 14, 0, 9, 6.57, 46765
1648637642, 30, 461, 484, 390, 0, 2.49%, 14, 0, 9, 6.38, 46796
1648637668, 30, 462, 484, 389, 0, 2.49%, 14, 0, 9, 6.59, 46971
1648637714, 30, 462, 485, 390, 0, 2.49%, 14, 0, 9, 6.46, 47275
1648637756, 30, 462, 486, 391, 0, 2.49%, 14, 0, 9, 6.11, 47539
1648637771, 30, 477, 487, 391, 0, 2.49%, 14, 0, 9, 8.61, 47647
1648637776, 30, 477, 488, 392, 0, 2.49%, 14, 0, 9, 12.26, 47719
1648637781, 30, 477, 489, 393, 0, 2.49%, 14, 0, 9, 14.32, 47794
1648637786, 30, 477, 492, 396, 0, 2.49%, 14, 0, 9, 13.14, 47859
1648637791, 30, 477, 493, 397, 0, 2.49%, 14, 0, 9, 14.25, 47932
1648637807, 30, 477, 494, 398, 0, 2.49%, 14, 0, 9, 11.93, 48128
1648637848, 30, 478, 494, 397, 0, 2.49%, 14, 0, 9, 10.81, 48600
1648637863, 30, 478, 495, 398, 0, 2.49%, 14, 0, 9, 11.95, 48780
1648637868, 30, 478, 496, 399, 0, 2.49%, 14, 0, 9, 11.38, 48837
1648637884, 30, 478, 497, 400, 0, 2.49%, 14, 0, 9, 9.70, 48995
1648637889, 30, 478, 498, 401, 0, 2.49%, 14, 0, 9, 9.60, 49048
1648637894, 30, 478, 499, 402, 0, 2.49%, 14, 0, 9, 9.40, 49095
1648637935, 30, 478, 500, 403, 0, 2.49%, 14, 0, 9, 9.52, 49473
1648637940, 30, 495, 501, 403, 0, 2.49%, 14, 0, 10, 12.10, 49536
1648637945, 30, 495, 502, 404, 0, 2.49%, 14, 0, 10, 14.35, 49614
1648637950, 30, 495, 503, 405, 0, 2.49%, 14, 0, 10, 14.97, 49694
1648637955, 30, 495, 504, 406, 0, 2.49%, 14, 0, 10, 15.37, 49773
1648637961, 30, 495, 505, 407, 0, 2.49%, 14, 0, 10, 14.90, 49851
1648637971, 30, 495, 506, 408, 0, 2.49%, 14, 0, 10, 12.83, 49972
1648638002, 30, 495, 507, 409, 0, 2.49%, 14, 0, 10, 10.76, 50350
1648638012, 31, 479, 507, 408, 0, 2.49%, 14, 0, 10, 14.07, 50487
1648638033, 31, 479, 508, 409, 0, 2.49%, 14, 0, 10, 13.67, 50790
1648638038, 31, 479, 509, 410, 0, 2.49%, 14, 0, 10, 13.26, 50856
1648638069, 31, 479, 510, 411, 0, 2.49%, 14, 0, 10, 12.32, 51219
1648638079, 31, 496, 510, 410, 0, 2.49%, 14, 0, 10, 12.28, 51340
1648638094, 31, 496, 510, 410, 0, 2.49%, 15, 0, 10, 14.79, 51575
1648638146, 32, 120, 510, 409, 4294967295, 2.49%, 15, 0, 10, 10.80, 52218
1648638177, 32, 295, 510, 408, 4294967295, 2.49%, 15, 0, 10, 5.18, 52381
1648638254, 33, 360, 511, 409, 0, 2.49%, 15, 0, 10, 5.38, 52822
1648638347, 34, 356, 511, 408, 4294967295, 2.49%, 15, 0, 10, 15.00, 53486
1648638419, 34, 383, 511, 407, 4294967294, 2.49%, 15, 0, 10, 13.53, 54578
1648638527, 34, 491, 512, 407, 4294967294, 2.49%, 15, 0, 10, 12.24, 55211
1648638537, 34, 491, 514, 409, 4294967294, 2.49%, 15, 0, 10, 15.87, 55380
1648638547, 34, 491, 515, 410, 4294967294, 2.49%, 15, 0, 10, 14.45, 55530
1648638573, 34, 491, 516, 411, 4294967294, 2.49%, 15, 0, 10, 13.39, 55867
1648638578, 35, 21, 516, 410, 0, 2.49%, 15, 0, 10, 10.84, 55919
1648638603, 35, 339, 516, 410, 0, 2.49%, 15, 0, 10, 8.99, 56145
1648638619, 35, 339, 517, 411, 0, 2.49%, 15, 0, 10, 7.95, 56267
1648638665, 36, 274, 517, 411, 0, 2.49%, 15, 0, 10, 7.91, 56606
1648638716, 37, 102, 517, 410, 0, 2.49%, 15, 0, 10, 7.85, 57029
1648638747, 37, 102, 518, 411, 0, 2.50%, 15, 0, 10, 7.67, 57267
1648638757, 37, 343, 518, 410, 0, 2.50%, 15, 0, 10, 7.82, 57344
1648638829, 38, 342, 518, 409, 0, 2.50%, 15, 0, 10, 7.42, 57919
1648638907, 38, 342, 519, 410, 0, 2.50%, 15, 0, 10, 6.03, 58410
1648638922, 38, 435, 519, 409, 0, 2.50%, 15, 0, 10, 6.57, 58513
1648638979, 39, 343, 519, 408, 0, 2.50%, 15, 0, 10, 7.18, 58877
1648639055, 40, 192, 519, 408, 0, 2.50%, 15, 0, 10, 6.69, 59444
1648639133, 40, 357, 519, 407, 0, 2.50%, 15, 0, 10, 23.67, 60009
1648639189, 41, 31, 519, 406, 0, 2.50%, 15, 0, 10, 13.76, 61065
1648639194, 41, 31, 520, 407, 0, 2.50%, 15, 0, 10, 10.73, 61115
1648639220, 41, 202, 520, 407, 0, 2.50%, 15, 0, 10, 8.45, 61356
1648639250, 41, 202, 520, 407, 0, 2.50%, 16, 0, 10, 7.50, 61586
1648639256, 41, 208, 521, 408, 0, 2.50%, 16, 0, 10, 15.33, 61668
1648639291, 41, 421, 521, 407, 0, 2.50%, 16, 0, 10, 12.65, 62180
1648639377, 42, 330, 521, 406, 0, 2.50%, 16, 0, 10, 12.52, 63091
1648639419, 43, 232, 521, 405, 0, 2.50%, 16, 0, 10, 12.75, 63666
1648639470, 43, 233, 521, 405, 0, 2.50%, 16, 0, 10, 11.23, 64239
1648639506, 44, 50, 521, 404, 0, 2.50%, 17, 0, 10, 9.97, 64598
1648639526, 44, 235, 521, 404, 0, 2.50%, 17, 0, 10, 10.23, 64828
1648639562, 44, 235, 522, 405, 0, 2.50%, 17, 0, 10, 5.91, 65046
1648639582, 45, 56, 522, 404, 0, 2.50%, 17, 0, 10, 8.86, 65186
1648639608, 45, 329, 522, 404, 0, 2.50%, 17, 0, 10, 11.79, 65468
1648639649, 45, 329, 523, 405, 0, 2.50%, 17, 0, 10, 10.75, 65922
1648639659, 46, 202, 523, 404, 0, 2.50%, 17, 0, 10, 9.99, 66021
1648639685, 46, 248, 523, 404, 0, 2.50%, 17, 0, 10, 13.09, 66308
1648639726, 46, 268, 523, 403, 0, 2.50%, 17, 0, 10, 15.28, 66882
1648639731, 46, 268, 523, 403, 0, 2.50%, 19, 0, 10, 19.82, 66989
1648639757, 46, 268, 524, 404, 0, 2.50%, 19, 0, 10, 14.66, 67419
1648639772, 46, 268, 525, 405, 0, 2.50%, 19, 0, 10, 16.07, 67678
1648639782, 46, 271, 525, 404, 0, 2.50%, 19, 0, 10, 9.33, 67784
1648639844, 46, 273, 525, 403, 0, 2.50%, 19, 0, 10, 8.26, 68199
1648639895, 46, 273, 525, 403, 0, 2.50%, 20, 0, 10, 9.42, 68726
1648639900, 46, 358, 525, 402, 0, 2.50%, 20, 0, 10, 9.35, 68773
1648639967, 46, 462, 525, 401, 0, 2.50%, 20, 0, 10, 5.88, 69361
1648640080, 46, 462, 525, 401, 0, 2.50%, 21, 0, 10, 4.40, 69854
1648640116, 47, 380, 525, 401, 0, 2.50%, 21, 0, 10, 4.93, 70009
1648640152, 47, 380, 526, 402, 0, 2.50%, 21, 0, 10, 6.82, 70272
1648640204, 47, 512, 526, 401, 0, 2.50%, 21, 0, 10, 5.14, 70605
1648640311, 48, 450, 526, 400, 0, 2.50%, 21, 0, 10, 4.99, 71075
1648640347, 48, 450, 527, 401, 0, 2.51%, 21, 0, 10, 6.35, 71331
1648640358, 48, 450, 528, 402, 0, 2.51%, 21, 0, 10, 7.80, 71405
1648640378, 48, 450, 529, 403, 0, 2.51%, 21, 0, 10, 6.69, 71542
1648640383, 48, 450, 530, 404, 0, 2.51%, 21, 0, 10, 6.17, 71572
1648640388, 48, 450, 531, 405, 0, 2.51%, 21, 0, 10, 6.21, 71604
1648640404, 49, 312, 531, 404, 0, 2.51%, 21, 0, 10, 6.90, 71719
