# unix_time, cycles_done, cur_path, paths_total, pending_total, pending_favs, map_size, unique_crashes, unique_hangs, max_depth, execs_per_sec, total_execs
1648633253, 0, 0, 2, 2, 1, 1.96%, 0, 0, 2, 10.78, 9
1648633258, 0, 0, 7, 7, 1, 2.07%, 0, 0, 2, 11.14, 66
1648633263, 0, 0, 12, 12, 1, 2.11%, 0, 0, 2, 10.71, 121
1648633268, 0, 0, 17, 17, 1, 2.11%, 0, 0, 2, 9.06, 163
1648633274, 0, 0, 22, 22, 1, 2.14%, 0, 0, 2, 9.11, 210
1648633279, 0, 0, 27, 27, 1, 2.14%, 0, 0, 2, 9.41, 257
1648633284, 0, 0, 32, 32, 1, 2.14%, 0, 0, 2, 9.02, 303
1648633289, 0, 0, 36, 36, 1, 2.14%, 0, 0, 2, 9.57, 354
1648633294, 0, 0, 40, 40, 1, 2.15%, 0, 0, 2, 9.26, 401
1648633299, 0, 0, 44, 44, 1, 2.15%, 0, 0, 2, 9.76, 452
1648633305, 0, 0, 49, 49, 1, 2.15%, 0, 0, 2, 8.86, 498
1648633310, 0, 0, 52, 52, 1, 2.15%, 0, 0, 2, 8.31, 536
1648633315, 0, 0, 55, 55, 1, 2.16%, 0, 0, 2, 8.77, 582
1648633320, 0, 0, 59, 59, 1, 2.16%, 0, 0, 2, 8.96, 628
1648633325, 0, 0, 62, 62, 1, 2.16%, 0, 0, 2, 8.60, 672
1648633330, 0, 0, 65, 65, 1, 2.16%, 0, 0, 2, 9.37, 721
1648633335, 0, 0, 67, 67, 1, 2.16%, 0, 0, 2, 9.59, 771
1648633340, 0, 0, 70, 70, 1, 2.17%, 0, 0, 2, 9.63, 820
1648633346, 0, 10, 72, 71, 0, 2.17%, 0, 0, 3, 10.98, 883
1648633351, 0, 10, 75, 74, 0, 2.17%, 0, 0, 3, 10.91, 936
1648633356, 0, 10, 78, 77, 0, 2.17%, 0, 0, 3, 11.34, 996
1648633361, 0, 10, 81, 80, 0, 2.17%, 0, 0, 3, 10.51, 1050
1648633366, 0, 10, 85, 84, 0, 2.17%, 0, 0, 3, 10.10, 1102
1648633371, 0, 10, 89, 88, 0, 2.17%, 0, 0, 3, 12.27, 1166
1648633377, 0, 10, 91, 90, 0, 2.17%, 0, 0, 3, 12.03, 1229
1648633382, 1, 31, 95, 93, 0, 2.17%, 0, 0, 3, 15.10, 1307
1648633387, 1, 31, 101, 99, 0, 2.17%, 0, 0, 3, 13.64, 1374
1648633392, 1, 31, 105, 103, 0, 2.17%, 0, 0, 3, 13.52, 1444
1648633397, 1, 31, 109, 107, 0, 2.17%, 0, 0, 3, 13.30, 1507
1648633402, 1, 31, 110, 108, 0, 2.17%, 0, 0, 3, 13.45, 1575
1648633412, 1, 60, 112, 109, 0, 2.17%, 0, 0, 3, 11.66, 1706
1648633418, 1, 60, 116, 113, 0, 2.17%, 0, 0, 3, 8.20, 1740
1648633423, 1, 60, 118, 115, 0, 2.17%, 0, 0, 3, 7.99, 1780
1648633433, 1, 60, 122, 119, 0, 2.17%, 0, 0, 3, 7.20, 1856
1648633438, 1, 60, 125, 122, 0, 2.17%, 0, 0, 3, 6.97, 1892
1648633443, 1, 60, 126, 123, 0, 2.17%, 0, 0, 3, 7.49, 1932
1648633449, 1, 60, 128, 125, 0, 2.17%, 0, 0, 3, 7.08, 1968
1648633459, 1, 60, 129, 126, 0, 2.17%, 0, 0, 3, 6.97, 2040
1648633469, 2, 24, 130, 126, 0, 2.17%, 0, 0, 3, 9.73, 2134
1648633474, 2, 24, 131, 127, 0, 2.17%, 0, 0, 3, 11.27, 2196
1648633490, 2, 24, 132, 128, 0, 2.17%, 0, 0, 3, 10.06, 2363
1648633495, 2, 52, 135, 130, 0, 2.17%, 0, 0, 3, 11.78, 2423
1648633500, 2, 52, 139, 134, 0, 2.17%, 0, 0, 3, 11.84, 2484
1648633510, 2, 52, 141, 136, 0, 2.17%, 0, 0, 3, 11.40, 2598
1648633515, 2, 52, 142, 137, 0, 2.17%, 0, 0, 3, 12.63, 2665
1648633521, 3, 20, 142, 136, 0, 2.17%, 0, 0, 3, 11.26, 2723
1648633526, 3, 20, 143, 137, 0, 2.17%, 0, 0, 3, 8.99, 2765
1648633531, 3, 20, 145, 139, 0, 2.17%, 0, 0, 3, 8.16, 2805
1648633536, 3, 20, 146, 140, 0, 2.17%, 0, 0, 3, 7.86, 2845
1648633541, 3, 20, 148, 142, 0, 2.17%, 0, 0, 3, 7.15, 2879
1648633556, 3, 20, 149, 143, 0, 2.17%, 0, 0, 3, 7.74, 2999
1648633562, 3, 20, 151, 145, 0, 2.17%, 0, 0, 3, 6.52, 3029
1648633567, 3, 20, 152, 145, 0, 2.17%, 0, 0, 3, 8.08, 3070
1648633577, 3, 20, 153, 146, 0, 2.17%, 0, 0, 3, 9.97, 3176
1648633587, 3, 20, 155, 148, 0, 2.17%, 0, 0, 3, 8.71, 3270
1648633593, 3, 20, 157, 150, 0, 2.17%, 0, 0, 3, 9.33, 3321
1648633598, 3, 20, 158, 151, 0, 2.17%, 0, 0, 3, 8.96, 3366
1648633603, 3, 103, 162, 155, 0, 2.17%, 0, 0, 4, 16.54, 3467
1648633608, 3, 103, 166, 159, 0, 2.17%, 0, 0, 4, 17.44, 3559
1648633613, 3, 103, 172, 165, 0, 2.19%, 0, 0, 4, 18.82, 3654
1648633618, 3, 103, 176, 169, 0, 2.19%, 0, 0, 4, 20.11, 3751
1648633623, 4, 62, 178, 170, 0, 2.20%, 0, 0, 4, 16.58, 3834
1648633628, 4, 62, 179, 171, 0, 2.20%, 0, 0, 4, 11.80, 3888
1648633644, 4, 62, 180, 172, 0, 2.20%, 0, 0, 4, 10.27, 4043
1648633654, 5, 28, 180, 171, 0, 2.20%, 0, 0, 4, 11.24, 4155
1648633659, 5, 28, 181, 172, 0, 2.20%, 0, 0, 4, 10.86, 4210
1648633664, 5, 28, 182, 173, 0, 2.20%, 0, 0, 4, 10.61, 4265
1648633675, 5, 28, 183, 174, 0, 2.20%, 0, 0, 4, 10.63, 4377
1648633680, 5, 174, 184, 174, 0, 2.20%, 0, 0, 5, 9.71, 4426
1648633685, 5, 174, 186, 176, 0, 2.20%, 0, 0, 5, 9.17, 4472
1648633695, 5, 174, 188, 178, 0, 2.20%, 0, 0, 5, 9.00, 4564
1648633700, 5, 174, 191, 181, 0, 2.20%, 0, 0, 5, 8.41, 4606
1648633710, 5, 174, 192, 182, 0, 2.20%, 0, 0, 5, 7.62, 4686
1648633715, 5, 174, 193, 183, 0, 2.20%, 0, 0, 5, 7.55, 4724
1648633726, 5, 174, 194, 184, 0, 2.20%, 0, 0, 5, 7.71, 4806
1648633731, 6, 161, 194, 183, 0, 2.20%, 0, 0, 5, 8.18, 4848
1648633741, 6, 161, 195, 184, 0, 2.20%, 0, 0, 5, 8.03, 4932
1648633746, 6, 161, 197, 186, 0, 2.20%, 0, 0, 5, 7.60, 4970
1648633762, 6, 161, 198, 187, 0, 2.20%, 0, 0, 5, 7.39, 5084
1648633777, 6, 161, 199, 188, 0, 2.20%, 0, 0, 5, 7.26, 5192
1648633782, 6, 197, 201, 189, 0, 2.20%, 0, 0, 6, 7.71, 5232
1648633803, 6, 197, 203, 191, 0, 2.20%, 0, 0, 6, 7.58, 5396
1648633808, 6, 197, 204, 192, 0, 2.20%, 0, 0, 6, 7.40, 5434
1648633818, 6, 197, 205, 193, 0, 2.20%, 0, 0, 6, 7.36, 5510
1648633839, 6, 197, 206, 194, 0, 2.20%, 0, 0, 6, 7.08, 5658
1648633849, 6, 201, 208, 195, 0, 2.20%, 0, 0, 7, 10.48, 5754
1648633854, 6, 201, 209, 196, 0, 2.20%, 0, 0, 7, 11.79, 5817
1648633859, 6, 201, 211, 198, 0, 2.20%, 0, 0, 7, 12.47, 5883
1648633865, 6, 201, 216, 203, 0, 2.26%, 0, 0, 7, 12.55, 5947
1648633875, 6, 201, 217, 204, 0, 2.26%, 0, 0, 7, 10.14, 6053
1648633880, 6, 201, 218, 205, 0, 2.26%, 0, 0, 7, 9.59, 6103
1648633885, 6, 201, 219, 206, 0, 2.26%, 0, 0, 7, 10.11, 6155
1648633895, 7, 38, 220, 206, 0, 2.26%, 0, 0, 7, 9.74, 6253
1648633911, 7, 38, 221, 207, 0, 2.26%, 0, 0, 7, 9.70, 6404
1648633921, 7, 38, 223, 209, 0, 2.26%, 0, 0, 7, 10.34, 6509
1648633926, 7, 221, 224, 209, 0, 2.28%, 0, 0, 7, 11.52, 6568
1648633936, 7, 221, 226, 211, 0, 2.29%, 0, 0, 7, 10.52, 6685
1648633942, 7, 221, 227, 212, 0, 2.29%, 0, 0, 7, 10.64, 6740
1648633957, 7, 221, 228, 213, 0, 2.29%, 0, 0, 7, 11.56, 6913
1648633962, 8, 134, 229, 213, 0, 2.29%, 0, 0, 7, 13.16, 6981
1648633978, 8, 134, 230, 214, 0, 2.29%, 0, 0, 7, 12.29, 7169
1648633983, 8, 134, 231, 215, 0, 2.29%, 0, 0, 7, 12.17, 7232
1648633988, 9, 56, 233, 216, 0, 2.29%, 0, 0, 7, 11.34, 7291
1648633993, 9, 56, 234, 217, 0, 2.29%, 0, 0, 7, 11.52, 7351
1648633998, 9, 56, 236, 219, 0, 2.29%, 0, 0, 7, 9.41, 7393
1648634004, 9, 56, 237, 220, 0, 2.29%, 0, 0, 7, 10.51, 7446
1648634009, 9, 56, 239, 222, 0, 2.29%, 0, 0, 7, 8.81, 7491
1648634014, 9, 56, 240, 223, 0, 2.29%, 0, 0, 7, 9.64, 7542
1648634019, 9, 197, 240, 222, 0, 2.29%, 0, 0, 7, 8.64, 7585
1648634024, 9, 197, 240, 222, 0, 2.29%, 1, 0, 7, 7.94, 7624
1648634029, 9, 197, 241, 223, 0, 2.29%, 1, 0, 7, 7.56, 7662
1648634040, 9, 197, 243, 225, 0, 2.29%, 1, 0, 7, 7.24, 7736
1648634045, 9, 197, 244, 226, 0, 2.29%, 1, 0, 7, 6.93, 7770
1648634055, 9, 197, 245, 227, 0, 2.29%, 1, 0, 7, 7.52, 7848
1648634071, 10, 179, 245, 227, 0, 2.29%, 1, 0, 7, 8.70, 7965
1648634076, 10, 179, 246, 228, 0, 2.29%, 2, 0, 7, 11.43, 8028
1648634086, 10, 179, 247, 229, 0, 2.29%, 2, 0, 7, 11.73, 8150
1648634091, 10, 179, 248, 230, 0, 2.29%, 2, 0, 7, 11.58, 8208
1648634101, 11, 161, 249, 230, 0, 2.29%, 2, 0, 7, 18.26, 8348
1648634106, 11, 161, 250, 231, 0, 2.29%, 2, 0, 7, 27.32, 8511
1648634111, 11, 161, 252, 233, 0, 2.29%, 2, 0, 7, 24.71, 8627
1648634116, 12, 67, 252, 233, 0, 2.29%, 2, 0, 7, 18.24, 8716
1648634121, 12, 67, 253, 234, 0, 2.29%, 2, 0, 7, 12.05, 8767
1648634137, 12, 67, 254, 235, 0, 2.29%, 2, 0, 7, 12.14, 8933
1648634142, 12, 74, 258, 238, 0, 2.30%, 2, 0, 7, 14.63, 9010
1648634162, 12, 78, 259, 238, 0, 2.30%, 2, 0, 7, 14.40, 9296
1648634177, 12, 78, 260, 239, 0, 2.30%, 2, 0, 7, 12.21, 9498
1648634183, 12, 78, 260, 238, 0, 2.30%, 2, 0, 7, 15.07, 9576
1648634198, 12, 78, 261, 239, 0, 2.30%, 2, 0, 7, 15.02, 9810
1648634203, 12, 81, 263, 241, 0, 2.30%, 2, 0, 7, 18.99, 9910
1648634208, 12, 81, 264, 242, 0, 2.30%, 2, 0, 7, 15.94, 9992
1648634213, 12, 81, 265, 243, 0, 2.30%, 2, 0, 7, 15.82, 10070
1648634219, 12, 82, 265, 242, 0, 2.30%, 2, 0, 7, 14.84, 10149
1648634229, 12, 82, 266, 243, 0, 2.30%, 2, 0, 7, 11.34, 10262
1648634234, 12, 82, 273, 250, 0, 2.31%, 2, 0, 7, 11.98, 10325
1648634239, 12, 82, 274, 251, 0, 2.31%, 2, 0, 7, 11.88, 10383
1648634249, 12, 267, 275, 251, 0, 2.31%, 2, 0, 7, 17.43, 10537
1648634275, 12, 267, 276, 252, 0, 2.31%, 2, 0, 7, 13.84, 10970
1648634280, 12, 267, 281, 257, 0, 2.32%, 2, 0, 7, 18.41, 11074
1648634285, 13, 90, 282, 257, 0, 2.32%, 2, 0, 7, 13.93, 11139
1648634291, 13, 90, 283, 258, 0, 2.32%, 2, 0, 7, 12.62, 11201
1648634301, 13, 90, 284, 259, 0, 2.32%, 2, 0, 7, 11.34, 11314
1648634311, 13, 282, 285, 259, 0, 2.32%, 2, 0, 7, 18.63, 11466
1648634316, 13, 282, 286, 260, 0, 2.32%, 2, 0, 7, 20.23, 11571
1648634326, 13, 282, 289, 263, 0, 2.32%, 2, 0, 7, 18.64, 11743
1648634331, 13, 282, 290, 264, 0, 2.32%, 2, 0, 7, 16.27, 11822
1648634347, 14, 97, 291, 264, 0, 2.32%, 2, 0, 7, 17.76, 12078
1648634352, 14, 97, 292, 265, 0, 2.32%, 2, 0, 7, 16.72, 12164
1648634357, 14, 97, 293, 266, 0, 2.32%, 2, 0, 7, 14.76, 12236
1648634362, 14, 97, 295, 268, 0, 2.32%, 2, 0, 7, 14.57, 12309
1648634367, 14, 186, 295, 267, 0, 2.32%, 2, 0, 7, 26.85, 12448
1648634377, 14, 186, 302, 274, 0, 2.33%, 2, 0, 7, 25.27, 12710
1648634383, 14, 186, 303, 275, 0, 2.33%, 3, 0, 7, 22.29, 12821
1648634388, 14, 186, 306, 278, 0, 2.37%, 3, 0, 7, 19.55, 12913
1648634393, 14, 186, 312, 284, 0, 2.37%, 3, 0, 7, 18.69, 13009
1648634398, 15, 99, 314, 285, 0, 2.37%, 3, 0, 7, 17.07, 13098
1648634418, 15, 100, 316, 286, 0, 2.40%, 3, 0, 7, 20.74, 13426
1648634423, 15, 100, 317, 287, 0, 2.40%, 3, 0, 7, 16.13, 13503
1648634439, 15, 109, 317, 286, 0, 2.40%, 3, 0, 7, 14.09, 13732
1648634454, 15, 109, 318, 287, 0, 2.40%, 3, 0, 7, 12.13, 13916
1648634459, 15, 178, 318, 286, 0, 2.40%, 3, 0, 7, 11.34, 13973
1648634464, 15, 178, 319, 287, 0, 2.40%, 3, 0, 7, 14.81, 14049
1648634475, 15, 178, 320, 288, 0, 2.40%, 3, 0, 7, 11.24, 14168
1648634480, 15, 178, 321, 289, 0, 2.40%, 3, 0, 7, 10.52, 14222
1648634495, 16, 116, 321, 288, 0, 2.40%, 3, 0, 7, 8.94, 14374
1648634505, 16, 116, 322, 289, 0, 2.40%, 3, 0, 7, 8.63, 14462
1648634531, 16, 131, 323, 289, 0, 2.40%, 3, 0, 7, 8.65, 14677
1648634562, 16, 210, 325, 290, 0, 2.40%, 3, 0, 8, 10.08, 14964
1648634567, 16, 210, 327, 292, 0, 2.40%, 3, 0, 8, 9.55, 15011
1648634593, 16, 210, 328, 293, 0, 2.40%, 3, 0, 8, 9.11, 15251
1648634603, 16, 210, 329, 294, 0, 2.40%, 3, 0, 8, 9.27, 15346
1648634613, 16, 210, 330, 295, 0, 2.40%, 4, 0, 8, 9.55, 15445
1648634628, 17, 138, 330, 294, 0, 2.40%, 4, 0, 8, 12.71, 15624
1648634633, 17, 138, 331, 295, 0, 2.40%, 4, 0, 8, 14.03, 15697
1648634649, 17, 140, 331, 294, 0, 2.40%, 4, 0, 8, 14.62, 15923
1648634654, 17, 140, 332, 295, 0, 2.41%, 4, 0, 8, 14.55, 15999
1648634670, 17, 148, 332, 294, 0, 2.41%, 4, 0, 8, 12.77, 16209
1648634680, 17, 148, 333, 295, 0, 2.41%, 4, 0, 8, 11.33, 16325
1648634695, 18, 144, 333, 294, 0, 2.41%, 4, 0, 8, 9.22, 16473
1648634706, 18, 144, 335, 296, 0, 2.41%, 4, 0, 8, 9.69, 16574
1648634731, 18, 211, 335, 295, 0, 2.41%, 4, 0, 8, 17.15, 16825
1648634742, 18, 211, 337, 297, 0, 2.41%, 4, 0, 8, 17.66, 17046
1648634747, 18, 211, 338, 298, 0, 2.41%, 4, 0, 8, 13.65, 17109
1648634767, 18, 337, 338, 297, 0, 2.41%, 4, 0, 8, 10.79, 17398
1648634788, 18, 337, 339, 298, 0, 2.41%, 4, 0, 9, 7.85, 17572
1648634814, 18, 337, 341, 300, 0, 2.41%, 4, 0, 9, 8.33, 17786
1648634819, 18, 337, 342, 301, 0, 2.41%, 4, 0, 9, 8.03, 17826
1648634824, 18, 337, 343, 302, 0, 2.41%, 4, 0, 9, 7.66, 17864
1648634829, 18, 337, 343, 302, 0, 2.41%, 5, 0, 9, 7.43, 17901
1648634840, 18, 337, 345, 304, 0, 2.41%, 5, 0, 9, 7.50, 17979
1648634860, 18, 337, 346, 305, 0, 2.41%, 5, 0, 9, 7.60, 18137
1648634865, 18, 337, 346, 305, 0, 2.41%, 6, 0, 9, 7.63, 18176
1648634871, 18, 337, 349, 308, 0, 2.42%, 6, 0, 9, 7.39, 18212
1648634891, 19, 155, 349, 307, 0, 2.42%, 6, 0, 9, 10.97, 18386
1648634896, 19, 155, 350, 308, 0, 2.42%, 6, 0, 9, 11.15, 18443
1648634912, 19, 155, 351, 309, 0, 2.42%, 6, 0, 9, 9.84, 18599
1648634917, 19, 156, 351, 308, 0, 2.42%, 6, 0, 9, 11.41, 18656
1648634922, 19, 156, 351, 308, 0, 2.42%, 7, 0, 9, 11.68, 18720
1648634942, 19, 157, 352, 308, 0, 2.42%, 7, 0, 9, 10.40, 18952
1648634963, 19, 157, 354, 310, 0, 2.42%, 7, 0, 9, 7.84, 19127
1648634968, 19, 157, 355, 311, 0, 2.42%, 7, 0, 9, 8.29, 19169
1648634978, 19, 240, 355, 310, 0, 2.42%, 7, 0, 9, 16.72, 19295
1648635009, 19, 310, 355, 309, 0, 2.42%, 7, 0, 9, 25.72, 19878
1648635014, 19, 310, 355, 309, 0, 2.42%, 8, 0, 9, 38.27, 20122
1648635024, 20, 169, 356, 309, 0, 2.42%, 8, 0, 9, 7.14, 20422
1648635044, 20, 169, 358, 311, 0, 2.42%, 8, 0, 9, 16.47, 20740
1648635049, 20, 182, 358, 310, 0, 2.42%, 9, 0, 9, 13.51, 20805
1648635065, 20, 182, 359, 311, 0, 2.42%, 9, 0, 9, 9.90, 20960
1648635080, 20, 182, 361, 313, 0, 2.42%, 9, 0, 9, 9.11, 21098
1648635085, 20, 344, 361, 312, 0, 2.42%, 9, 0, 9, 8.85, 21143
1648635090, 20, 344, 362, 313, 0, 2.42%, 9, 0, 10, 9.04, 21188
1648635095, 20, 344, 363, 314, 0, 2.42%, 9, 0, 10, 8.45, 21232
1648635101, 20, 344, 364, 315, 0, 2.42%, 9, 0, 10, 9.92, 21288
1648635111, 20, 344, 365, 316, 0, 2.42%, 9, 0, 10, 9.60, 21386
1648635116, 20, 344, 367, 318, 0, 2.42%, 9, 0, 10, 9.39, 21434
1648635162, 20, 344, 368, 319, 0, 2.42%, 9, 0, 10, 8.17, 21804
1648635167, 20, 358, 368, 318, 0, 2.42%, 9, 0, 10, 11.28, 21860
1648635182, 20, 358, 369, 319, 0, 2.43%, 9, 0, 10, 13.51, 22099
1648635192, 20, 358, 370, 320, 0, 2.43%, 9, 0, 10, 13.19, 22234
1648635208, 21, 188, 370, 319, 0, 2.43%, 9, 0, 10, 13.07, 22439
1648635249, 21, 188, 372, 321, 0, 2.43%, 9, 0, 10, 9.49, 22821
1648635254, 21, 188, 376, 325, 0, 2.47%, 9, 0, 10, 10.66, 22877
1648635280, 21, 241, 376, 324, 0, 2.47%, 9, 0, 10, 8.86, 23100
1648635326, 21, 241, 377, 325, 0, 2.47%, 9, 0, 10, 8.72, 23505
1648635346, 22, 198, 377, 324, 0, 2.47%, 9, 0, 10, 7.96, 23674
1648635372, 22, 198, 378, 325, 0, 2.47%, 9, 0, 10, 6.85, 23862
1648635408, 22, 198, 378, 324, 0, 2.47%, 9, 0, 10, 7.93, 24110
1648635413, 22, 198, 379, 325, 0, 2.47%, 9, 0, 10, 8.95, 24158
1648635444, 22, 205, 379, 325, 0, 2.47%, 9, 0, 10, 8.14, 24418
1648635475, 22, 205, 380, 326, 0, 2.47%, 9, 0, 10, 6.88, 24634
1648635485, 22, 205, 380, 326, 0, 2.47%, 10, 0, 10, 7.55, 24710
1648635510, 22, 205, 380, 325, 0, 2.47%, 10, 0, 10, 7.91, 24890
1648635531, 22, 205, 381, 326, 0, 2.47%, 10, 0, 10, 9.01, 25072
1648635546, 22, 214, 381, 326, 0, 2.47%, 10, 0, 10, 14.37, 25232
1648635562, 22, 214, 384, 329, 0, 2.47%, 10, 0, 10, 15.08, 25497
1648635567, 22, 214, 385, 330, 0, 2.47%, 10, 0, 10, 14.33, 25567
1648635577, 22, 214, 386, 331, 0, 2.47%, 10, 0, 10, 11.97, 25702
1648635587, 22, 217, 386, 330, 0, 2.47%, 10, 0, 10, 17.72, 25870
1648635598, 22, 217, 387, 331, 0, 2.47%, 10, 0, 10, 17.33, 26059
1648635623, 22, 223, 390, 333, 0, 2.47%, 10, 0, 10, 37.21, 26526
1648635628, 22, 223, 400, 343, 0, 2.47%, 10, 0, 10, 41.67, 26760
1648635633, 22, 225, 401, 343, 0, 2.47%, 10, 0, 10, 35.64, 26946
1648635685, 22, 229, 401, 342, 4294967295, 2.47%, 10, 0, 10, 12.19, 27426
1648635690, 22, 229, 401, 342, 4294967295, 2.47%, 11, 0, 10, 13.98, 27500
1648635715, 22, 229, 401, 342, 4294967295, 2.47%, 12, 0, 10, 11.74, 27821
1648635726, 22, 229, 402, 343, 4294967295, 2.47%, 12, 0, 10, 12.11, 27947
1648635731, 22, 258, 402, 342, 4294967295, 2.47%, 12, 0, 10, 12.92, 28012
1648635776, 22, 259, 402, 341, 4294967295, 2.47%, 12, 0, 10, 11.73, 28565
1648635782, 22, 259, 403, 342, 4294967295, 2.47%, 12, 0, 10, 13.27, 28633
1648635807, 22, 259, 404, 343, 4294967295, 2.47%, 12, 0, 10, 12.43, 28952
1648635828, 22, 259, 404, 342, 4294967295, 2.47%, 12, 0, 10, 11.91, 29175
1648635874, 22, 268, 404, 342, 4294967295, 2.47%, 12, 0, 10, 11.96, 29742
1648635930, 22, 268, 405, 343, 4294967295, 2.47%, 12, 0, 10, 8.57, 30279
1648635935, 22, 281, 405, 342, 4294967295, 2.47%, 12, 0, 10, 13.13, 30347
1648635946, 22, 281, 406, 343, 4294967295, 2.47%, 12, 0, 10, 17.22, 30526
1648635951, 22, 281, 408, 345, 4294967295, 2.47%, 12, 0, 10, 14.34, 30600
1648635961, 22, 281, 409, 346, 4294967295, 2.47%, 12, 0, 10, 13.46, 30735
1648635977, 22, 406, 409, 345, 0, 2.47%, 12, 0, 10, 21.19, 30988
1648635982, 22, 406, 410, 346, 0, 2.47%, 12, 0, 10, 24.72, 31125
1648636007, 23, 395, 410, 345, 0, 2.47%, 12, 0, 10, 27.34, 31616
1648636038, 24, 295, 410, 344, 0, 2.47%, 12, 0, 10, 40.31, 32698
1648636043, 24, 295, 411, 345, 0, 2.47%, 12, 0, 10, 41.72, 32929
1648636048, 24, 295, 412, 346, 0, 2.47%, 12, 0, 10, 30.21, 33065
1648636053, 24, 295, 413, 347, 0, 2.47%, 12, 0, 10, 26.32, 33189
1648636058, 24, 319, 414, 347, 0, 2.47%, 12, 0, 10, 21.92, 33302
1648636084, 24, 319, 415, 348, 0, 2.47%, 12, 0, 10, 12.71, 33645
1648636105, 24, 413, 416, 348, 0, 2.47%, 12, 0, 10, 10.74, 33885
1648636140, 24, 413, 417, 349, 0, 2.47%, 12, 0, 10, 6.75, 34141
1648636145, 24, 413, 418, 350, 0, 2.47%, 12, 0, 10, 6.56, 34173
1648636171, 25, 326, 418, 349, 0, 2.47%, 12, 0, 10, 12.17, 34371
1648636217, 25, 326, 419, 350, 0, 2.47%, 12, 0, 10, 16.46, 35141
1648636228, 25, 362, 419, 349, 0, 2.47%, 12, 0, 10, 9.57, 35252
1648636233, 25, 362, 420, 350, 0, 2.47%, 12, 0, 11, 7.30, 35283
1648636249, 25, 362, 421, 351, 0, 2.47%, 12, 0, 11, 5.94, 35379
1648636269, 25, 362, 422, 352, 0, 2.47%, 12, 0, 11, 5.78, 35503
1648636295, 25, 362, 423, 353, 0, 2.47%, 12, 0, 11, 5.15, 35645
1648636346, 25, 393, 423, 352, 0, 2.47%, 12, 0, 11, 38.64, 36081
1648636351, 25, 393, 424, 353, 0, 2.48%, 12, 0, 11, 41.60, 36288
1648636372, 25, 393, 424, 353, 0, 2.48%, 13, 0, 11, 32.64, 36987
1648636377, 25, 403, 425, 353, 0, 2.48%, 13, 0, 11, 30.47, 37130
1648636382, 25, 403, 427, 355, 0, 2.48%, 15, 0, 11, 44.65, 37381
1648636387, 25, 403, 428, 356, 0, 2.48%, 15, 0, 11, 53.29, 37663
1648636392, 25, 403, 430, 358, 0, 2.49%, 15, 0, 11, 57.35, 37971
1648636397, 25, 405, 431, 358, 0, 2.50%, 15, 0, 11, 37.35, 38144
1648636423, 25, 413, 431, 357, 0, 2.50%, 15, 0, 11, 15.85, 38664
1648636464, 26, 65, 431, 357, 0, 2.50%, 15, 0, 11, 9.61, 39077
1648636489, 26, 65, 432, 358, 0, 2.50%, 15, 0, 11, 10.54, 39298
1648636500, 26, 268, 432, 357, 0, 2.50%, 15, 0, 11, 7.79, 39374
1648636541, 26, 268, 432, 357, 0, 2.50%, 16, 0, 11, 6.93, 39674
1648636577, 28, 13, 432, 357, 0, 2.50%, 16, 0, 11, 8.73, 39940
1648636582, 28, 13, 433, 358, 0, 2.50%, 16, 0, 11, 10.13, 39996
1648636592, 28, 13, 434, 359, 0, 2.50%, 16, 0, 11, 11.06, 40114
1648636597, 28, 13, 435, 360, 0, 2.50%, 16, 0, 11, 13.18, 40182
1648636602, 28, 182, 435, 359, 0, 2.50%, 16, 0, 11, 12.64, 40245
1648636628, 29, 24, 435, 359, 0, 2.50%, 16, 0, 11, 10.35, 40533
1648636654, 29, 229, 435, 359, 0, 2.50%, 16, 0, 11, 13.45, 40841
1648636675, 29, 229, 436, 360, 0, 2.50%, 16, 0, 11, 14.79, 41146
1648636685, 29, 229, 437, 361, 0, 2.50%, 16, 0, 11, 14.43, 41297
1648636695, 29, 367, 438, 362, 1, 2.50%, 16, 0, 11, 13.35, 41432
1648636716, 29, 367, 439, 363, 1, 2.50%, 16, 0, 11, 11.96, 41702
1648636736, 29, 367, 440, 364, 1, 2.50%, 16, 0, 11, 11.67, 41941
1648636742, 29, 367, 441, 365, 1, 2.50%, 16, 0, 11, 11.70, 42001
1648636752, 30, 350, 441, 364, 1, 2.50%, 16, 0, 11, 10.59, 42116
1648636782, 30, 350, 442, 365, 1, 2.50%, 16, 0, 11, 8.28, 42395
1648636824, 31, 158, 442, 364, 1, 2.50%, 16, 0, 11, 27.20, 42850
1648636839, 31, 158, 443, 365, 1, 2.50%, 16, 0, 11, 22.41, 43219
1648636844, 32, 62, 444, 365, 0, 2.51%, 16, 0, 11, 17.96, 43310
1648636870, 33, 28, 444, 365, 0, 2.51%, 16, 0, 11, 11.43, 43577
1648636881, 33, 28, 444, 365, 0, 2.51%, 17, 0, 11, 10.59, 43689
1648636891, 33, 28, 444, 365, 0, 2.51%, 18, 0, 11, 11.16, 43803
1648636896, 33, 296, 444, 365, 0, 2.51%, 18, 0, 11, 9.62, 43850
1648636911, 33, 296, 445, 366, 0, 2.51%, 18, 0, 11, 10.14, 43995
1648636916, 33, 296, 446, 367, 0, 2.51%, 18, 0, 11, 10.15, 44045
1648637023, 34, 99, 446, 366, 0, 2.51%, 18, 0, 11, 9.45, 45012
1648637054, 34, 421, 446, 366, 0, 2.51%, 18, 0, 11, 6.72, 45277
1648637116, 35, 343, 446, 365, 0, 2.51%, 18, 0, 11, 4.41, 45537
1648637231, 35, 343, 447, 366, 0, 2.51%, 18, 0, 11, 5.12, 46170
1648637236, 35, 396, 447, 365, 0, 2.51%, 18, 0, 11, 15.90, 46241
1648637256, 35, 396, 448, 366, 0, 2.51%, 18, 0, 11, 20.89, 46788
1648637287, 36, 226, 449, 366, 0, 2.51%, 18, 0, 11, 18.59, 47404
1648637292, 36, 226, 450, 367, 0, 2.51%, 19, 0, 11, 19.60, 47503
1648637302, 36, 226, 450, 367, 0, 2.51%, 20, 0, 11, 14.49, 47661
1648637307, 36, 226, 453, 370, 0, 2.51%, 20, 0, 11, 16.36, 47746
1648637312, 36, 226, 454, 371, 0, 2.51%, 20, 0, 11, 16.95, 47836
1648637318, 36, 226, 455, 372, 0, 2.51%, 20, 0, 11, 13.61, 47899
1648637328, 36, 401, 456, 372, 0, 2.51%, 20, 0, 11, 12.20, 48025
1648637333, 36, 401, 457, 373, 0, 2.51%, 20, 0, 11, 10.95, 48079
1648637338, 36, 401, 457, 373, 0, 2.51%, 21, 0, 11, 11.05, 48135
1648637343, 36, 401, 458, 374, 0, 2.51%, 21, 0, 11, 11.97, 48198
1648637374, 36, 401, 459, 375, 0, 2.51%, 21, 0, 11, 9.25, 48500
1648637389, 37, 246, 459, 374, 0, 2.51%, 21, 0, 11, 10.24, 48654
1648637446, 38, 197, 459, 373, 0, 2.51%, 21, 0, 11, 8.05, 49229
1648637487, 38, 320, 459, 373, 0, 2.51%, 21, 0, 11, 7.94, 49524
1648637554, 38, 357, 459, 372, 0, 2.51%, 21, 0, 11, 7.89, 50112
1648637585, 38, 357, 460, 373, 0, 2.51%, 21, 0, 11, 7.08, 50335
1648637642, 38, 406, 465, 377, 0, 2.51%, 21, 0, 11, 24.65, 50812
1648637647, 38, 406, 469, 381, 0, 2.51%, 21, 0, 11, 32.94, 51002
1648637652, 38, 406, 471, 383, 0, 2.51%, 21, 0, 11, 40.97, 51215
1648637657, 39, 74, 472, 384, 0, 2.51%, 22, 0, 11, 31.85, 51366
1648637678, 39, 424, 472, 384, 0, 2.51%, 22, 0, 11, 23.32, 51689
1648637724, 40, 379, 472, 383, 0, 2.51%, 22, 0, 11, 14.75, 52807
1648637765, 40, 379, 473, 384, 0, 2.51%, 22, 0, 11, 6.97, 53112
1648637786, 41, 78, 473, 383, 0, 2.51%, 22, 0, 11, 12.47, 53290
1648637791, 41, 78, 474, 384, 0, 2.51%, 22, 0, 11, 15.01, 53373
1648637801, 41, 351, 474, 384, 0, 2.51%, 22, 0, 11, 13.71, 53516
1648637806, 41, 351, 476, 386, 0, 2.51%, 22, 0, 11, 13.12, 53583
1648637827, 41, 351, 477, 387, 0, 2.51%, 22, 0, 11, 13.26, 53858
1648637847, 42, 275, 478, 387, 0, 2.51%, 22, 0, 11, 11.67, 54127
1648637920, 42, 440, 479, 387, 0, 2.51%, 22, 0, 12, 17.13, 54634
1648637930, 42, 440, 480, 388, 0, 2.51%, 22, 0, 12, 17.62, 54810
1648637960, 42, 440, 481, 389, 0, 2.51%, 22, 0, 12, 12.64, 55247
1648637965, 42, 440, 482, 390, 0, 2.51%, 22, 0, 12, 13.78, 55317
1648637981, 43, 416, 482, 389, 0, 2.51%, 22, 0, 12, 11.21, 55508
1648638063, 43, 467, 482, 388, 0, 2.51%, 22, 0, 12, 9.69, 55988
1648638150, 44, 289, 483, 388, 0, 2.51%, 22, 0, 12, 17.60, 56906
1648638165, 44, 289, 484, 389, 0, 2.51%, 22, 0, 12, 17.43, 57198
1648638175, 44, 289, 485, 390, 0, 2.51%, 22, 0, 12, 16.00, 57358
1648638180, 44, 293, 486, 390, 2, 2.51%, 22, 0, 12, 16.59, 57447
1648638226, 44, 296, 487, 390, 2, 2.51%, 22, 0, 12, 39.63, 58233
1648638246, 44, 296, 488, 391, 2, 2.51%, 22, 0, 12, 44.10, 59052
1648638257, 44, 313, 488, 391, 0, 2.51%, 22, 0, 12, 22.81, 59304
1648638292, 44, 316, 488, 390, 0, 2.51%, 22, 0, 12, 16.17, 59855
1648638328, 44, 422, 489, 390, 0, 2.51%, 22, 0, 12, 12.86, 60385
1648638370, 44, 422, 490, 391, 0, 2.51%, 22, 0, 12, 5.24, 60629
1648638416, 45, 317, 490, 390, 0, 2.51%, 22, 0, 12, 8.04, 60890
1648638457, 45, 317, 491, 391, 0, 2.51%, 22, 0, 12, 11.58, 61379
1648638473, 45, 414, 493, 392, 0, 2.51%, 22, 0, 12, 10.95, 61542
1648638514, 45, 414, 494, 393, 0, 2.51%, 22, 0, 12, 8.85, 61963
1648638529, 46, 321, 494, 392, 0, 2.51%, 22, 0, 12, 9.27, 62122
1648638580, 46, 322, 494, 391, 0, 2.51%, 22, 0, 12, 7.99, 62539
1648638632, 46, 322, 495, 392, 0, 2.51%, 22, 0, 12, 8.86, 62936
1648638642, 47, 207, 496, 392, 0, 2.51%, 22, 0, 12, 8.83, 63023
1648638703, 48, 190, 496, 391, 0, 2.51%, 22, 0, 12, 8.84, 63565
1648638734, 48, 190, 497, 392, 0, 2.51%, 22, 0, 12, 9.62, 63848
1648638770, 49, 140, 497, 391, 1, 2.51%, 22, 0, 12, 10.25, 64168
1648638790, 49, 143, 497, 391, 1, 2.51%, 22, 0, 12, 13.66, 64450
1648638811, 49, 143, 499, 393, 1, 2.51%, 22, 0, 12, 10.63, 64666
1648638821, 49, 497, 499, 392, 0, 2.51%, 22, 0, 12, 10.52, 64773
1648638826, 49, 497, 500, 393, 0, 2.51%, 22, 0, 12, 10.83, 64829
1648638883, 50, 334, 500, 392, 0, 2.51%, 22, 0, 12, 16.97, 65408
1648638919, 50, 335, 500, 391, 0, 2.51%, 22, 0, 12, 16.38, 65956
1648638965, 50, 335, 501, 392, 0, 2.51%, 22, 0, 12, 13.78, 66681
1648638976, 50, 439, 501, 391, 3, 2.51%, 22, 0, 12, 10.08, 66800
1648639023, 50, 439, 502, 392, 3, 2.51%, 22, 0, 12, 6.29, 67097
1648639038, 50, 439, 503, 393, 3, 2.51%, 22, 0, 12, 6.03, 67191
1648639044, 50, 439, 504, 394, 3, 2.51%, 22, 0, 12, 5.89, 67221
1648639049, 50, 439, 505, 395, 3, 2.51%, 22, 0, 12, 7.88, 67262
1648639121, 51, 155, 505, 394, 0, 2.51%, 22, 0, 12, 6.07, 67698
1648639151, 51, 474, 505, 394, 0, 2.51%, 22, 0, 12, 10.61, 68018
1648639203, 52, 354, 505, 393, 4294967295, 2.51%, 22, 0, 12, 9.75, 68568
1648639264, 53, 195, 506, 393, 4294967295, 2.51%, 22, 0, 12, 10.91, 69033
1648639290, 53, 280, 506, 392, 4294967295, 2.51%, 22, 0, 12, 17.70, 69499
1648639336, 53, 422, 506, 391, 4294967295, 2.51%, 22, 0, 12, 17.10, 70328
1648639398, 54, 169, 506, 391, 4294967295, 2.51%, 22, 0, 12, 6.50, 70594
1648639424, 54, 182, 506, 391, 4294967295, 2.51%, 22, 0, 12, 11.67, 70966
1648639450, 54, 419, 506, 391, 4294967295, 2.51%, 22, 0, 12, 6.75, 71205
1648639542, 54, 421, 507, 391, 4294967295, 2.51%, 22, 0, 12, 0.00, 71630
1648639553, 54, 421, 508, 392, 4294967295, 2.51%, 22, 0, 12, 4.21, 71632
1648639614, 55, 370, 508, 392, 4294967295, 2.51%, 22, 0, 12, 4.80, 71889
1648639676, 55, 370, 509, 393, 4294967295, 2.51%, 22, 0, 12, 9.42, 72454
1648639681, 56, 242, 509, 392, 4294967295, 2.51%, 22, 0, 12, 8.87, 72498
1648639727, 57, 198, 509, 391, 4294967295, 2.51%, 22, 0, 12, 8.27, 72910
1648639804, 57, 472, 509, 391, 4294967295, 2.51%, 22, 0, 12, 7.76, 73504
1648639897, 58, 205, 509, 390, 4294967294, 2.51%, 22, 0, 12, 5.17, 73950
1648639928, 58, 205, 510, 391, 4294967294, 2.51%, 22, 0, 12, 10.11, 74229
1648639933, 58, 446, 510, 391, 0, 2.51%, 22, 0, 12, 8.76, 74272
1648639994, 58, 446, 511, 392, 0, 2.51%, 22, 0, 12, 6.44, 74673
1648640005, 59, 386, 512, 392, 0, 2.51%, 22, 0, 12, 19.92, 74815
1648640015, 59, 386, 512, 392, 0, 2.51%, 23, 0, 12, 21.92, 75067
1648640020, 59, 386, 512, 392, 0, 2.51%, 24, 0, 12, 18.43, 75154
1648640046, 59, 397, 512, 391, 0, 2.51%, 24, 0, 12, 21.79, 75612
1648640051, 59, 472, 512, 390, 0, 2.51%, 24, 0, 12, 8.03, 76012
1648640102, 59, 472, 513, 391, 0, 2.51%, 24, 0, 12, 6.71, 76378
1648640118, 60, 229, 513, 391, 0, 2.51%, 24, 0, 12, 12.26, 76521
1648640138, 60, 258, 513, 391, 0, 2.51%, 24, 0, 12, 12.54, 76769
1648640184, 60, 425, 513, 391, 0, 2.51%, 24, 0, 12, 12.12, 77332
1648640215, 60, 425, 513, 391, 0, 2.51%, 25, 0, 12, 21.07, 78214
1648640230, 61, 259, 513, 390, 0, 2.51%, 25, 0, 12, 18.64, 78525
1648640276, 61, 423, 513, 390, 0, 2.51%, 25, 0, 12, 13.28, 79084
1648640296, 62, 268, 513, 389, 0, 2.51%, 25, 0, 12, 11.10, 80266
1648640353, 62, 283, 513, 389, 0, 2.51%, 25, 0, 12, 9.61, 80831
1648640393, 62, 408, 513, 388, 0, 2.51%, 25, 0, 12, 14.54, 81423
1648640424, 62, 408, 513, 388, 0, 2.51%, 26, 0, 12, 12.85, 81838
1648640429, 62, 408, 514, 389, 0, 2.51%, 26, 0, 12, 12.61, 81900
1648640439, 63, 292, 514, 388, 0, 2.51%, 26, 0, 12, 20.79, 82058
1648640465, 63, 412, 514, 387, 4294967295, 2.51%, 26, 0, 12, 33.10, 82664
1648640470, 63, 412, 515, 388, 4294967295, 2.51%, 26, 0, 12, 41.65, 82893
1648640475, 63, 412, 516, 389, 4294967295, 2.51%, 26, 0, 12, 36.34, 83076
1648640485, 63, 412, 517, 390, 4294967295, 2.52%, 26, 0, 12, 38.93, 83461
1648640496, 63, 413, 517, 389, 0, 2.52%, 26, 0, 12, 35.76, 83807
1648640568, 63, 413, 518, 390, 0, 2.52%, 26, 0, 12, 4.50, 84237
1648640573, 63, 417, 518, 390, 0, 2.52%, 26, 0, 12, 5.67, 84259
1648640604, 63, 417, 519, 391, 0, 2.52%, 26, 0, 12, 6.75, 84402
1648640621, 63, 417, 520, 392, 0, 2.53%, 26, 0, 12, 6.62, 84479
1648640645, 63, 417, 520, 392, 0, 2.53%, 26, 1, 12, 0.24, 84550
1648640693, 63, 418, 521, 392, 0, 2.53%, 26, 1, 12, 13.94, 84795
