# unix_time, cycles_done, cur_path, paths_total, pending_total, pending_favs, map_size, unique_crashes, unique_hangs, max_depth, execs_per_sec, total_execs
1648633233, 0, 0, 2, 2, 1, 2.02%, 0, 0, 2, 10.60, 9
1648633238, 0, 0, 8, 8, 1, 2.09%, 0, 0, 2, 11.19, 68
1648633243, 0, 0, 13, 13, 1, 2.12%, 0, 0, 2, 11.00, 124
1648633248, 0, 0, 17, 17, 1, 2.12%, 0, 0, 2, 8.91, 166
1648633253, 0, 0, 22, 22, 1, 2.12%, 0, 0, 2, 8.37, 207
1648633258, 0, 0, 27, 27, 1, 2.12%, 0, 0, 2, 8.41, 250
1648633264, 0, 0, 31, 31, 1, 2.12%, 0, 0, 2, 8.63, 295
1648633269, 0, 0, 36, 36, 1, 2.13%, 0, 0, 2, 8.75, 341
1648633274, 0, 0, 41, 41, 1, 2.14%, 0, 0, 2, 9.49, 392
1648633279, 0, 0, 45, 45, 1, 2.14%, 0, 0, 2, 8.09, 432
1648633284, 0, 0, 50, 50, 1, 2.15%, 0, 0, 2, 8.96, 479
1648633289, 0, 0, 54, 54, 1, 2.15%, 0, 0, 2, 9.68, 530
1648633295, 0, 0, 58, 58, 1, 2.15%, 0, 0, 2, 8.76, 573
1648633300, 0, 0, 61, 61, 1, 2.15%, 0, 0, 2, 8.51, 615
1648633305, 0, 0, 64, 64, 1, 2.15%, 0, 0, 2, 9.29, 662
1648633310, 0, 0, 67, 67, 1, 2.16%, 0, 0, 2, 9.56, 713
1648633315, 0, 0, 70, 70, 1, 2.16%, 0, 0, 2, 8.61, 757
1648633320, 0, 0, 75, 75, 1, 2.16%, 0, 0, 2, 9.99, 811
1648633326, 0, 0, 76, 76, 1, 2.16%, 0, 0, 2, 9.56, 860
1648633331, 0, 75, 79, 78, 0, 2.16%, 0, 0, 3, 10.46, 913
1648633336, 0, 75, 83, 82, 0, 2.16%, 0, 0, 3, 9.48, 958
1648633341, 0, 75, 85, 84, 0, 2.16%, 0, 0, 3, 9.19, 1006
1648633346, 0, 75, 88, 87, 0, 2.16%, 0, 0, 3, 9.68, 1056
1648633351, 0, 75, 93, 92, 0, 2.16%, 0, 0, 3, 9.71, 1105
1648633356, 0, 75, 95, 94, 0, 2.16%, 0, 0, 3, 9.19, 1148
1648633361, 0, 75, 99, 98, 0, 2.17%, 0, 0, 3, 9.48, 1199
1648633366, 0, 75, 101, 100, 0, 2.17%, 0, 0, 3, 9.37, 1246
1648633371, 0, 75, 104, 103, 0, 2.17%, 0, 0, 3, 9.22, 1293
1648633376, 0, 75, 107, 106, 0, 2.17%, 0, 0, 3, 8.74, 1336
1648633381, 0, 75, 108, 107, 0, 2.17%, 0, 0, 3, 9.39, 1385
1648633387, 1, 51, 109, 107, 0, 2.17%, 0, 0, 3, 12.95, 1457
1648633392, 1, 51, 111, 109, 0, 2.17%, 0, 0, 3, 11.19, 1510
1648633397, 1, 51, 113, 111, 0, 2.18%, 0, 0, 3, 11.16, 1566
1648633402, 1, 51, 114, 112, 0, 2.18%, 0, 0, 3, 10.66, 1621
1648633407, 1, 51, 119, 117, 0, 2.18%, 0, 0, 3, 11.63, 1680
1648633412, 1, 51, 120, 118, 0, 2.18%, 0, 0, 3, 12.46, 1743
1648633417, 1, 93, 122, 119, 0, 2.21%, 0, 0, 4, 10.96, 1796
1648633423, 1, 93, 125, 122, 0, 2.22%, 0, 0, 4, 9.22, 1841
1648633428, 1, 93, 127, 124, 0, 2.22%, 0, 0, 4, 8.24, 1881
1648633433, 1, 93, 130, 127, 0, 2.22%, 0, 0, 4, 7.65, 1917
1648633438, 1, 93, 133, 130, 0, 2.22%, 0, 0, 4, 7.51, 1953
1648633443, 1, 93, 134, 131, 0, 2.22%, 0, 0, 4, 8.17, 1997
1648633448, 1, 93, 135, 132, 0, 2.22%, 0, 0, 4, 9.18, 2044
1648633453, 1, 93, 137, 134, 0, 2.22%, 0, 0, 4, 9.64, 2094
1648633458, 1, 93, 141, 138, 0, 2.22%, 0, 0, 4, 7.79, 2130
1648633463, 1, 93, 144, 141, 0, 2.22%, 0, 0, 4, 8.41, 2173
1648633468, 2, 15, 144, 140, 0, 2.22%, 0, 0, 4, 9.13, 2220
1648633474, 2, 15, 145, 141, 0, 2.22%, 0, 0, 4, 8.89, 2268
1648633479, 2, 15, 149, 145, 0, 2.22%, 0, 0, 4, 8.42, 2310
1648633484, 2, 15, 150, 146, 0, 2.22%, 0, 0, 4, 8.47, 2351
1648633499, 2, 15, 152, 148, 0, 2.22%, 0, 0, 4, 8.43, 2485
1648633504, 2, 15, 153, 149, 0, 2.23%, 0, 0, 4, 8.84, 2531
1648633509, 2, 42, 153, 148, 0, 2.23%, 0, 0, 4, 9.24, 2577
1648633515, 2, 42, 154, 149, 0, 2.23%, 0, 0, 4, 8.46, 2619
1648633525, 2, 42, 155, 150, 0, 2.23%, 0, 0, 4, 8.80, 2707
1648633535, 2, 42, 156, 151, 0, 2.23%, 0, 0, 4, 8.18, 2794
1648633545, 3, 26, 158, 152, 0, 2.23%, 0, 0, 4, 10.35, 2887
1648633561, 3, 26, 159, 153, 0, 2.23%, 0, 0, 4, 9.30, 3033
1648633566, 3, 26, 160, 154, 0, 2.23%, 0, 0, 4, 10.27, 3089
1648633571, 3, 26, 161, 155, 0, 2.23%, 0, 0, 4, 9.51, 3138
1648633576, 3, 34, 161, 154, 0, 2.23%, 0, 0, 4, 9.76, 3189
1648633581, 3, 34, 162, 155, 0, 2.23%, 0, 0, 4, 8.78, 3231
1648633591, 3, 34, 164, 157, 0, 2.23%, 0, 0, 4, 8.28, 3319
1648633602, 3, 34, 165, 158, 0, 2.23%, 0, 0, 4, 9.19, 3406
1648633607, 3, 77, 165, 157, 0, 2.23%, 0, 0, 4, 10.72, 3459
1648633633, 3, 111, 165, 156, 0, 2.23%, 0, 0, 4, 12.75, 3764
1648633638, 3, 111, 167, 158, 0, 2.23%, 0, 0, 4, 11.59, 3821
1648633643, 3, 111, 168, 159, 0, 2.23%, 0, 0, 4, 11.25, 3879
1648633648, 3, 111, 170, 161, 0, 2.23%, 0, 0, 4, 11.13, 3937
1648633653, 3, 111, 171, 162, 0, 2.23%, 0, 0, 4, 10.15, 3988
1648633658, 3, 111, 172, 163, 0, 2.23%, 0, 0, 4, 9.68, 4037
1648633664, 4, 37, 174, 164, 0, 2.23%, 0, 0, 4, 10.40, 4094
1648633694, 4, 37, 175, 165, 0, 2.23%, 0, 0, 4, 8.24, 4341
1648633699, 4, 65, 176, 165, 0, 2.23%, 0, 0, 4, 11.15, 4407
1648633704, 4, 65, 177, 166, 0, 2.23%, 0, 0, 4, 11.22, 4463
1648633714, 4, 65, 178, 167, 0, 2.23%, 0, 0, 4, 10.58, 4574
1648633720, 4, 69, 178, 166, 0, 2.23%, 0, 0, 4, 10.73, 4631
1648633730, 4, 69, 179, 167, 0, 2.23%, 0, 0, 4, 8.58, 4723
1648633735, 4, 69, 180, 168, 0, 2.23%, 0, 0, 4, 8.50, 4766
1648633755, 4, 99, 184, 171, 0, 2.23%, 0, 0, 4, 13.33, 4974
1648633761, 4, 99, 187, 174, 0, 2.23%, 0, 0, 4, 12.94, 5040
1648633766, 4, 99, 190, 177, 0, 2.23%, 0, 0, 4, 13.78, 5113
1648633771, 4, 99, 191, 178, 0, 2.23%, 0, 0, 4, 12.68, 5176
1648633781, 4, 166, 191, 177, 0, 2.23%, 0, 0, 4, 11.18, 5299
1648633792, 4, 166, 194, 180, 0, 2.23%, 0, 0, 5, 9.65, 5401
1648633797, 4, 166, 195, 181, 0, 2.23%, 0, 0, 5, 8.54, 5443
1648633802, 4, 166, 196, 182, 0, 2.23%, 0, 0, 5, 8.21, 5485
1648633807, 4, 166, 197, 183, 0, 2.23%, 0, 0, 5, 7.83, 5525
1648633812, 4, 166, 198, 184, 0, 2.23%, 0, 0, 5, 7.87, 5565
1648633828, 5, 53, 198, 183, 0, 2.23%, 0, 0, 5, 8.68, 5689
1648633833, 5, 53, 199, 184, 0, 2.23%, 0, 0, 5, 8.83, 5735
1648633838, 5, 53, 201, 186, 0, 2.23%, 0, 0, 5, 10.06, 5787
1648633843, 5, 53, 203, 188, 0, 2.23%, 0, 0, 5, 9.35, 5833
1648633848, 5, 53, 206, 191, 0, 2.23%, 0, 0, 5, 9.87, 5883
1648633863, 5, 160, 206, 190, 0, 2.23%, 0, 0, 5, 9.41, 6032
1648633868, 5, 160, 208, 192, 0, 2.23%, 0, 0, 5, 8.43, 6074
1648633874, 5, 160, 209, 193, 0, 2.23%, 0, 0, 5, 8.04, 6114
1648633884, 5, 160, 210, 194, 0, 2.23%, 0, 0, 5, 7.42, 6192
1648633894, 5, 160, 212, 196, 0, 2.23%, 0, 0, 5, 7.61, 6270
1648633899, 5, 160, 213, 197, 0, 2.23%, 0, 0, 5, 7.79, 6310
1648633905, 5, 160, 214, 198, 0, 2.23%, 0, 0, 5, 7.29, 6346
1648633910, 6, 57, 215, 198, 0, 2.23%, 0, 0, 5, 8.54, 6392
1648633915, 6, 57, 216, 199, 0, 2.23%, 0, 0, 5, 7.98, 6430
1648633920, 6, 57, 217, 200, 0, 2.23%, 0, 0, 5, 7.58, 6468
1648633941, 6, 90, 217, 199, 0, 2.23%, 0, 0, 5, 8.96, 6641
1648633946, 6, 90, 218, 200, 0, 2.23%, 0, 0, 5, 11.65, 6705
1648633956, 6, 90, 219, 201, 0, 2.23%, 0, 0, 5, 12.52, 6830
1648633961, 6, 90, 220, 202, 0, 2.23%, 0, 0, 5, 12.41, 6895
1648633966, 7, 59, 220, 201, 0, 2.23%, 0, 0, 5, 11.66, 6955
1648633977, 7, 59, 221, 202, 0, 2.25%, 0, 0, 5, 11.73, 7074
1648633982, 7, 59, 223, 204, 0, 2.25%, 0, 0, 5, 11.05, 7129
1648633987, 7, 59, 224, 205, 0, 2.25%, 0, 0, 5, 10.88, 7185
1648633992, 7, 61, 224, 204, 0, 2.25%, 0, 0, 5, 10.70, 7239
1648634002, 7, 61, 226, 206, 0, 2.25%, 0, 0, 5, 11.10, 7353
1648634018, 7, 63, 226, 205, 0, 2.25%, 0, 0, 5, 10.79, 7520
1648634043, 7, 124, 226, 204, 0, 2.25%, 0, 0, 5, 10.12, 7788
1648634048, 7, 124, 227, 205, 0, 2.25%, 0, 0, 5, 10.09, 7841
1648634059, 7, 124, 228, 206, 0, 2.25%, 0, 0, 5, 9.02, 7935
1648634064, 7, 124, 229, 207, 0, 2.25%, 0, 0, 5, 8.91, 7981
1648634069, 7, 124, 230, 208, 0, 2.25%, 0, 0, 5, 8.81, 8025
1648634074, 7, 124, 232, 210, 0, 2.25%, 0, 0, 5, 9.15, 8072
1648634084, 7, 124, 233, 211, 0, 2.25%, 0, 0, 5, 8.84, 8160
1648634089, 8, 82, 233, 210, 0, 2.25%, 0, 0, 5, 10.77, 8218
1648634094, 8, 82, 234, 211, 0, 2.25%, 0, 0, 5, 11.22, 8277
1648634100, 8, 82, 235, 212, 0, 2.25%, 0, 0, 5, 10.91, 8333
1648634110, 8, 88, 235, 211, 0, 2.25%, 0, 0, 5, 11.09, 8448
1648634140, 8, 88, 236, 211, 0, 2.30%, 0, 0, 5, 10.43, 8743
1648634156, 8, 88, 237, 212, 0, 2.30%, 0, 0, 5, 10.89, 8913
1648634167, 8, 189, 238, 213, 0, 2.30%, 0, 0, 5, 19.49, 9074
1648634172, 8, 189, 240, 215, 0, 2.30%, 0, 0, 5, 23.89, 9205
1648634177, 8, 189, 241, 216, 0, 2.30%, 0, 0, 5, 19.85, 9300
1648634182, 8, 189, 242, 217, 0, 2.30%, 0, 0, 5, 18.08, 9394
1648634187, 8, 189, 243, 218, 0, 2.30%, 0, 0, 5, 16.52, 9477
1648634197, 8, 209, 244, 218, 0, 2.30%, 0, 0, 5, 13.82, 9636
1648634208, 8, 209, 245, 219, 0, 2.35%, 0, 0, 5, 12.77, 9756
1648634218, 8, 209, 246, 220, 0, 2.35%, 0, 0, 5, 9.69, 9855
1648634223, 8, 209, 247, 221, 0, 2.35%, 0, 0, 5, 9.47, 9904
1648634229, 8, 209, 248, 222, 0, 2.35%, 0, 0, 5, 9.79, 9957
1648634244, 8, 209, 250, 224, 0, 2.35%, 0, 0, 5, 8.89, 10091
1648634249, 9, 90, 251, 224, 0, 2.35%, 0, 0, 5, 10.38, 10145
1648634254, 9, 90, 252, 225, 0, 2.35%, 0, 0, 5, 10.26, 10198
1648634270, 9, 90, 253, 226, 0, 2.35%, 0, 0, 5, 12.05, 10381
1648634275, 9, 95, 253, 226, 0, 2.35%, 0, 0, 5, 11.66, 10440
1648634280, 9, 95, 254, 227, 0, 2.35%, 0, 0, 5, 11.25, 10497
1648634301, 9, 248, 258, 230, 0, 2.35%, 0, 0, 6, 14.56, 10749
1648634306, 9, 248, 259, 231, 0, 2.35%, 0, 0, 6, 16.74, 10837
1648634316, 9, 248, 260, 232, 0, 2.35%, 0, 0, 6, 16.52, 11004
1648634336, 9, 248, 261, 233, 0, 2.35%, 1, 0, 6, 15.95, 11354
1648634341, 9, 248, 262, 234, 0, 2.35%, 1, 0, 6, 16.27, 11438
1648634352, 9, 248, 263, 235, 0, 2.35%, 1, 0, 6, 17.26, 11613
1648634362, 9, 248, 264, 236, 0, 2.35%, 1, 0, 6, 17.73, 11786
1648634372, 10, 167, 264, 235, 0, 2.35%, 1, 0, 6, 13.54, 11951
1648634382, 10, 167, 265, 236, 0, 2.35%, 1, 0, 6, 8.97, 12042
1648634387, 10, 167, 268, 239, 0, 2.35%, 1, 0, 6, 8.06, 12082
1648634398, 10, 167, 269, 240, 0, 2.35%, 1, 0, 6, 8.52, 12163
1648634418, 11, 104, 270, 240, 0, 2.35%, 1, 0, 6, 8.08, 12325
1648634439, 11, 104, 271, 241, 0, 2.35%, 1, 0, 6, 9.84, 12527
1648634444, 11, 104, 271, 241, 0, 2.35%, 2, 0, 6, 9.57, 12575
1648634449, 11, 105, 271, 240, 0, 2.35%, 2, 0, 6, 9.82, 12627
1648634464, 11, 105, 272, 241, 0, 2.35%, 2, 0, 6, 9.40, 12769
1648634475, 11, 116, 272, 240, 0, 2.35%, 2, 0, 6, 9.44, 12867
1648634480, 11, 116, 273, 241, 0, 2.35%, 2, 0, 6, 12.61, 12944
1648634490, 11, 116, 274, 242, 0, 2.35%, 2, 0, 6, 12.03, 13066
1648634495, 11, 116, 276, 244, 0, 2.35%, 2, 0, 6, 13.61, 13140
1648634500, 11, 116, 278, 246, 0, 2.36%, 2, 0, 6, 11.73, 13200
1648634505, 11, 120, 279, 246, 0, 2.36%, 2, 0, 6, 15.93, 13289
1648634510, 11, 120, 280, 247, 0, 2.36%, 2, 0, 6, 15.13, 13366
1648634521, 11, 220, 286, 252, 0, 2.36%, 2, 0, 6, 33.32, 13600
1648634536, 12, 134, 286, 251, 0, 2.36%, 2, 0, 6, 22.29, 14197
1648634546, 12, 134, 287, 252, 0, 2.37%, 2, 0, 6, 11.17, 14306
1648634551, 12, 134, 288, 253, 0, 2.37%, 2, 0, 6, 11.28, 14363
1648634567, 12, 229, 290, 254, 0, 2.37%, 2, 0, 6, 10.56, 14524
1648634572, 12, 229, 292, 256, 0, 2.37%, 2, 0, 6, 10.52, 14578
1648634577, 12, 229, 293, 257, 0, 2.37%, 2, 0, 6, 10.92, 14634
1648634587, 12, 229, 294, 258, 0, 2.37%, 2, 0, 6, 10.03, 14740
1648634628, 13, 143, 296, 259, 0, 2.37%, 2, 0, 6, 9.13, 15141
1648634633, 13, 143, 297, 260, 0, 2.37%, 2, 0, 6, 9.12, 15188
1648634649, 13, 143, 298, 261, 0, 2.37%, 2, 0, 6, 8.77, 15324
1648634654, 13, 143, 299, 262, 0, 2.37%, 2, 0, 6, 9.51, 15377
1648634664, 13, 143, 300, 263, 0, 2.37%, 2, 0, 6, 9.55, 15474
1648634669, 13, 148, 300, 262, 0, 2.37%, 2, 0, 6, 8.74, 15518
1648634674, 13, 148, 301, 263, 0, 2.37%, 2, 0, 6, 9.62, 15572
1648634680, 13, 148, 302, 264, 0, 2.37%, 2, 0, 6, 9.09, 15617
1648634695, 13, 148, 303, 265, 0, 2.37%, 2, 0, 6, 9.14, 15759
1648634705, 13, 150, 303, 264, 0, 2.37%, 2, 0, 6, 10.42, 15861
1648634710, 13, 150, 303, 264, 0, 2.37%, 3, 0, 6, 9.78, 15911
1648634736, 13, 150, 303, 263, 4294967295, 2.37%, 3, 0, 6, 11.11, 16162
1648634751, 13, 150, 304, 264, 4294967295, 2.37%, 3, 0, 6, 9.26, 16313
1648634756, 13, 150, 305, 265, 4294967295, 2.37%, 3, 0, 6, 10.07, 16366
1648634761, 13, 152, 305, 265, 0, 2.37%, 3, 0, 6, 9.69, 16416
1648634766, 13, 152, 306, 266, 0, 2.37%, 3, 0, 6, 11.41, 16478
1648634777, 13, 152, 307, 267, 0, 2.37%, 3, 0, 6, 10.64, 16585
1648634782, 13, 152, 308, 268, 0, 2.37%, 3, 0, 6, 11.48, 16643
1648634787, 13, 152, 309, 269, 0, 2.37%, 3, 0, 6, 10.99, 16697
1648634792, 13, 196, 310, 269, 0, 2.37%, 3, 0, 6, 11.70, 16754
1648634797, 13, 196, 312, 271, 0, 2.37%, 3, 0, 6, 15.99, 16842
1648634802, 13, 196, 313, 272, 0, 2.37%, 3, 0, 6, 16.44, 16928
1648634807, 13, 196, 314, 273, 0, 2.37%, 3, 0, 6, 13.98, 16993
1648634812, 13, 196, 315, 274, 0, 2.37%, 3, 0, 6, 12.02, 17050
1648634817, 13, 196, 316, 275, 0, 2.37%, 3, 0, 6, 13.00, 17118
1648634822, 13, 196, 317, 276, 0, 2.37%, 3, 0, 6, 13.47, 17186
1648634828, 14, 170, 317, 275, 0, 2.37%, 3, 0, 6, 12.87, 17249
1648634833, 14, 170, 318, 276, 0, 2.37%, 3, 0, 6, 12.96, 17316
1648634848, 14, 170, 319, 277, 0, 2.37%, 3, 0, 6, 11.73, 17495
1648634858, 14, 177, 320, 277, 0, 2.37%, 3, 0, 6, 12.93, 17618
1648634863, 14, 177, 322, 279, 0, 2.37%, 3, 0, 6, 16.42, 17706
1648634868, 14, 177, 323, 280, 0, 2.37%, 3, 0, 6, 14.40, 17778
1648634883, 14, 322, 323, 279, 0, 2.37%, 3, 0, 6, 13.41, 17979
1648634930, 14, 322, 324, 280, 0, 2.41%, 3, 0, 6, 10.63, 18487
1648634940, 15, 240, 325, 280, 0, 2.41%, 3, 0, 6, 13.73, 18610
1648634945, 15, 240, 326, 281, 0, 2.41%, 3, 0, 6, 16.22, 18698
1648634950, 15, 240, 327, 282, 0, 2.41%, 3, 0, 6, 16.71, 18784
1648634960, 15, 240, 329, 284, 0, 2.41%, 3, 0, 6, 16.07, 18953
1648634965, 15, 240, 330, 285, 0, 2.41%, 3, 0, 6, 14.88, 19031
1648634981, 15, 240, 331, 286, 0, 2.41%, 3, 0, 6, 16.10, 19277
1648634996, 15, 328, 331, 285, 0, 2.41%, 3, 0, 6, 17.83, 19540
1648635001, 15, 328, 332, 286, 0, 2.41%, 3, 0, 7, 19.55, 19645
1648635006, 15, 328, 334, 288, 0, 2.41%, 3, 0, 7, 19.42, 19742
1648635017, 15, 328, 335, 289, 0, 2.41%, 3, 0, 7, 15.14, 19888
1648635027, 15, 328, 336, 290, 0, 2.41%, 3, 0, 7, 13.88, 20039
1648635032, 16, 191, 336, 289, 0, 2.41%, 3, 0, 7, 14.25, 20111
1648635078, 16, 191, 339, 292, 0, 2.41%, 3, 0, 7, 8.39, 20509
1648635104, 16, 329, 339, 291, 0, 2.41%, 3, 0, 7, 7.82, 20714
1648635109, 16, 329, 340, 292, 0, 2.41%, 3, 0, 7, 21.19, 20842
1648635120, 16, 329, 342, 294, 0, 2.41%, 3, 0, 7, 18.53, 21052
1648635140, 17, 192, 342, 293, 0, 2.41%, 3, 0, 7, 14.19, 21383
1648635160, 17, 192, 343, 294, 0, 2.41%, 3, 0, 7, 10.99, 21632
1648635186, 17, 195, 343, 293, 0, 2.41%, 3, 0, 7, 11.16, 21921
1648635222, 17, 195, 344, 294, 0, 2.41%, 4, 0, 7, 10.16, 22292
1648635232, 17, 195, 345, 295, 0, 2.41%, 4, 0, 7, 9.41, 22388
1648635248, 17, 197, 346, 295, 0, 2.41%, 4, 0, 7, 9.20, 22525
1648635278, 17, 197, 347, 296, 0, 2.41%, 4, 0, 7, 9.39, 22819
1648635314, 17, 201, 347, 295, 0, 2.41%, 4, 0, 7, 8.92, 23118
1648635329, 17, 201, 348, 296, 0, 2.41%, 4, 0, 7, 7.70, 23247
1648635345, 17, 201, 349, 297, 0, 2.41%, 4, 0, 7, 8.91, 23371
1648635355, 17, 347, 350, 297, 0, 2.41%, 4, 0, 7, 11.53, 23474
1648635391, 18, 331, 353, 299, 0, 2.41%, 6, 0, 8, 16.62, 23909
1648635396, 18, 331, 357, 303, 0, 2.41%, 6, 0, 8, 25.77, 24053
1648635401, 18, 331, 362, 308, 0, 2.41%, 6, 0, 8, 25.26, 24189
1648635406, 18, 331, 366, 312, 0, 2.41%, 6, 0, 8, 21.25, 24293
1648635411, 18, 331, 367, 313, 0, 2.41%, 6, 0, 8, 18.26, 24385
1648635416, 18, 331, 371, 317, 0, 2.41%, 6, 0, 8, 18.00, 24474
1648635421, 18, 331, 374, 320, 0, 2.44%, 6, 0, 8, 19.24, 24572
1648635426, 19, 223, 375, 320, 0, 2.44%, 6, 0, 8, 17.48, 24661
1648635431, 19, 223, 376, 321, 0, 2.44%, 6, 0, 8, 13.67, 24724
1648635436, 19, 223, 377, 322, 0, 2.44%, 6, 0, 8, 12.86, 24789
1648635447, 19, 223, 379, 324, 0, 2.44%, 6, 0, 8, 12.10, 24908
1648635457, 19, 223, 380, 325, 0, 2.44%, 6, 0, 8, 11.06, 25017
1648635462, 19, 265, 380, 324, 0, 2.44%, 6, 0, 8, 10.88, 25071
1648635482, 19, 265, 381, 325, 0, 2.44%, 6, 0, 8, 9.56, 25290
1648635503, 19, 317, 381, 324, 0, 2.44%, 6, 0, 8, 9.50, 25485
1648635508, 19, 317, 382, 325, 0, 2.44%, 6, 0, 8, 11.02, 25543
1648635513, 19, 317, 383, 326, 0, 2.44%, 6, 0, 8, 12.40, 25609
1648635529, 19, 317, 384, 327, 0, 2.44%, 6, 0, 8, 11.02, 25788
1648635539, 19, 317, 385, 328, 0, 2.44%, 6, 0, 8, 10.80, 25896
1648635559, 20, 289, 385, 327, 0, 2.44%, 6, 0, 8, 10.88, 26116
1648635580, 20, 289, 386, 328, 0, 2.44%, 6, 0, 8, 10.87, 26350
1648635595, 20, 289, 387, 329, 0, 2.44%, 6, 0, 8, 10.80, 26516
1648635611, 20, 295, 387, 328, 0, 2.44%, 6, 0, 8, 10.77, 26685
1648635631, 20, 295, 389, 330, 0, 2.44%, 6, 0, 8, 8.29, 26869
1648635652, 20, 295, 390, 331, 0, 2.44%, 6, 0, 8, 7.59, 27031
1648635662, 20, 295, 392, 333, 0, 2.44%, 6, 0, 8, 7.50, 27107
1648635672, 20, 327, 392, 332, 0, 2.44%, 6, 0, 8, 13.92, 27222
1648635693, 20, 327, 393, 333, 0, 2.44%, 6, 0, 8, 14.31, 27540
1648635713, 20, 336, 393, 332, 0, 2.44%, 6, 0, 8, 11.88, 27788
1648635764, 20, 337, 393, 331, 0, 2.44%, 6, 0, 8, 9.80, 28333
1648635769, 20, 337, 396, 334, 0, 2.44%, 6, 0, 8, 8.53, 28372
1648635775, 20, 337, 398, 336, 0, 2.45%, 6, 0, 8, 8.98, 28420
1648635780, 20, 337, 399, 337, 0, 2.45%, 6, 0, 8, 8.43, 28462
1648635785, 20, 337, 401, 339, 0, 2.45%, 6, 0, 8, 8.30, 28504
1648635795, 20, 337, 403, 341, 0, 2.45%, 6, 0, 8, 8.28, 28588
1648635805, 20, 337, 406, 344, 0, 2.45%, 6, 0, 8, 8.68, 28680
1648635836, 20, 337, 407, 345, 0, 2.45%, 6, 0, 8, 8.31, 28933
1648635846, 20, 337, 408, 346, 0, 2.45%, 6, 0, 8, 8.91, 29019
1648635852, 20, 380, 408, 345, 0, 2.45%, 6, 0, 8, 14.28, 29095
1648635862, 20, 380, 409, 346, 0, 2.45%, 6, 0, 8, 15.60, 29263
1648635877, 20, 380, 411, 348, 0, 2.45%, 6, 0, 8, 13.33, 29465
1648635892, 20, 408, 413, 349, 0, 2.45%, 6, 0, 8, 15.72, 29686
1648635928, 21, 387, 413, 348, 0, 2.45%, 6, 0, 8, 11.76, 30248
1648635974, 21, 387, 414, 349, 0, 2.45%, 6, 0, 8, 9.04, 30657
1648635995, 21, 388, 414, 348, 0, 2.45%, 6, 0, 8, 8.38, 30833
1648636000, 21, 388, 415, 349, 0, 2.45%, 6, 0, 8, 8.46, 30877
1648636010, 21, 388, 416, 350, 0, 2.45%, 6, 0, 8, 8.30, 30961
1648636020, 21, 388, 416, 350, 0, 2.45%, 7, 0, 8, 8.29, 31046
1648636051, 21, 390, 416, 349, 0, 2.45%, 7, 0, 8, 7.54, 31291
1648636072, 21, 390, 417, 350, 0, 2.45%, 7, 0, 8, 7.19, 31443
1648636077, 21, 390, 418, 351, 0, 2.45%, 7, 0, 8, 6.54, 31475
1648636082, 21, 390, 419, 352, 0, 2.45%, 7, 0, 8, 6.44, 31507
1648636097, 21, 390, 420, 353, 0, 2.45%, 7, 0, 8, 5.88, 31603
1648636123, 22, 181, 421, 353, 1, 2.45%, 7, 0, 8, 8.78, 31780
1648636179, 22, 181, 422, 354, 1, 2.45%, 7, 0, 8, 7.75, 32201
1648636189, 22, 215, 422, 353, 1, 2.45%, 7, 0, 8, 6.74, 32271
1648636200, 22, 215, 423, 354, 1, 2.45%, 7, 0, 8, 6.13, 32333
1648636251, 22, 346, 424, 354, 1, 2.45%, 7, 0, 8, 12.96, 32647
1648636261, 22, 346, 425, 355, 1, 2.45%, 7, 0, 8, 17.18, 32823
1648636271, 22, 346, 426, 356, 1, 2.45%, 7, 0, 8, 13.62, 32975
1648636277, 22, 346, 427, 357, 1, 2.45%, 7, 0, 8, 13.17, 33042
1648636287, 22, 346, 429, 359, 1, 2.47%, 7, 0, 8, 12.74, 33173
1648636308, 22, 346, 431, 361, 1, 2.47%, 7, 0, 8, 12.14, 33426
1648636313, 22, 346, 432, 362, 1, 2.47%, 7, 0, 8, 11.91, 33486
1648636318, 23, 306, 432, 361, 0, 2.47%, 7, 0, 8, 12.53, 33551
1648636328, 23, 306, 433, 362, 0, 2.47%, 7, 0, 8, 11.87, 33671
1648636348, 23, 306, 434, 363, 0, 2.47%, 7, 0, 8, 11.56, 33908
1648636368, 23, 306, 435, 364, 0, 2.47%, 7, 0, 8, 11.45, 34130
1648636374, 24, 42, 435, 363, 0, 2.47%, 7, 0, 8, 10.18, 34183
1648636399, 24, 307, 435, 363, 0, 2.47%, 7, 0, 8, 11.36, 34424
1648636425, 24, 307, 436, 364, 0, 2.47%, 7, 0, 8, 15.21, 34808
1648636440, 24, 307, 437, 365, 0, 2.47%, 7, 0, 8, 11.51, 34985
1648636445, 24, 307, 438, 366, 0, 2.47%, 7, 0, 8, 11.73, 35044
1648636491, 24, 307, 438, 366, 0, 2.47%, 8, 0, 8, 11.15, 35575
1648636496, 25, 25, 438, 365, 0, 2.47%, 8, 0, 8, 11.54, 35633
1648636522, 25, 158, 438, 364, 0, 2.47%, 8, 0, 8, 13.14, 35920
1648636542, 25, 344, 438, 363, 0, 2.47%, 8, 0, 8, 11.80, 36164
1648636583, 25, 415, 438, 362, 0, 2.47%, 8, 0, 8, 9.51, 36592
1648636588, 25, 415, 439, 363, 0, 2.47%, 8, 0, 9, 7.75, 36631
1648636640, 25, 415, 440, 364, 0, 2.47%, 8, 0, 9, 6.99, 37026
1648636645, 25, 415, 441, 365, 0, 2.47%, 8, 0, 9, 7.34, 37066
1648636707, 26, 170, 441, 364, 0, 2.47%, 8, 0, 9, 8.75, 37522
1648636743, 27, 55, 441, 364, 0, 2.47%, 8, 0, 9, 8.93, 37843
1648636779, 28, 37, 441, 363, 0, 2.47%, 8, 0, 9, 11.34, 38164
1648636794, 28, 37, 441, 363, 0, 2.47%, 9, 0, 9, 12.75, 38352
1648636799, 28, 69, 441, 363, 0, 2.47%, 9, 0, 9, 11.06, 38407
1648636820, 28, 69, 442, 364, 0, 2.47%, 9, 0, 9, 10.19, 38603
1648636825, 28, 115, 442, 364, 0, 2.47%, 9, 0, 9, 11.55, 38658
1648636840, 28, 115, 443, 365, 0, 2.48%, 9, 0, 9, 12.21, 38843
1648636851, 28, 348, 443, 364, 0, 2.48%, 9, 0, 9, 16.17, 38979
1648636861, 28, 348, 443, 364, 0, 2.48%, 10, 0, 9, 20.18, 39188
1648636907, 29, 198, 443, 363, 0, 2.48%, 10, 0, 9, 11.00, 39855
1648636923, 29, 198, 444, 364, 0, 2.48%, 10, 0, 9, 9.64, 40005
1648636943, 30, 193, 444, 363, 0, 2.48%, 10, 0, 9, 11.68, 40201
1648636994, 30, 216, 444, 362, 0, 2.48%, 10, 0, 9, 7.70, 40761
1648637026, 30, 216, 445, 363, 0, 2.48%, 10, 0, 9, 5.34, 40930
1648637041, 30, 216, 446, 364, 0, 2.48%, 10, 0, 9, 5.12, 41011
1648637057, 30, 218, 446, 363, 0, 2.48%, 10, 0, 9, 11.96, 41132
1648637072, 30, 218, 447, 364, 0, 2.48%, 10, 0, 9, 13.99, 41360
1648637098, 30, 281, 448, 364, 0, 2.48%, 10, 0, 9, 29.16, 41783
1648637103, 30, 281, 450, 366, 0, 2.48%, 10, 0, 9, 46.82, 42040
1648637113, 30, 281, 451, 367, 0, 2.48%, 10, 0, 9, 26.67, 42341
1648637118, 30, 281, 452, 368, 0, 2.48%, 10, 0, 9, 25.97, 42470
1648637139, 30, 410, 454, 369, 0, 2.48%, 10, 0, 9, 16.14, 42959
1648637160, 30, 410, 455, 370, 0, 2.48%, 10, 0, 9, 9.55, 43182
1648637165, 30, 410, 457, 372, 0, 2.48%, 10, 0, 9, 9.41, 43230
1648637175, 30, 410, 460, 375, 0, 2.48%, 10, 0, 9, 12.99, 43348
1648637180, 30, 410, 461, 376, 0, 2.49%, 10, 0, 9, 10.86, 43401
1648637200, 31, 63, 461, 375, 0, 2.49%, 10, 0, 9, 10.37, 43604
1648637221, 31, 333, 461, 375, 0, 2.49%, 10, 0, 9, 10.17, 43819
1648637232, 31, 333, 462, 376, 0, 2.49%, 10, 0, 9, 10.65, 43931
1648637344, 32, 234, 462, 375, 0, 2.49%, 10, 0, 9, 10.99, 45040
1648637349, 32, 234, 462, 375, 0, 2.49%, 11, 0, 9, 11.84, 45100
1648637365, 32, 234, 463, 376, 0, 2.49%, 11, 0, 9, 10.04, 45272
1648637401, 32, 235, 463, 375, 0, 2.49%, 11, 0, 9, 10.81, 45634
1648637457, 32, 330, 463, 374, 0, 2.49%, 11, 0, 9, 10.68, 46177
1648637467, 32, 330, 464, 375, 0, 2.49%, 11, 0, 9, 18.87, 46375
1648637493, 33, 242, 464, 374, 0, 2.49%, 11, 0, 9, 15.79, 46778
1648637539, 33, 390, 464, 373, 0, 2.49%, 11, 0, 9, 9.90, 47347
1648637612, 34, 89, 464, 373, 0, 2.49%, 11, 0, 9, 8.13, 47819
1648637637, 34, 90, 464, 372, 0, 2.49%, 11, 0, 9, 8.71, 48037
1648637663, 34, 433, 464, 372, 0, 2.49%, 11, 0, 9, 12.73, 48338
1648637683, 34, 433, 465, 373, 0, 2.49%, 11, 0, 9, 10.40, 48582
1648637699, 34, 433, 466, 374, 0, 2.49%, 12, 0, 9, 10.83, 48751
1648637714, 34, 453, 466, 373, 0, 2.49%, 12, 0, 9, 7.08, 48885
1648637827, 35, 255, 466, 372, 0, 2.49%, 12, 0, 9, 9.01, 49414
1648637879, 35, 454, 466, 371, 0, 2.49%, 12, 0, 9, 8.90, 49963
1648637909, 35, 454, 467, 372, 0, 2.49%, 12, 0, 9, 5.80, 50107
1648638028, 36, 104, 467, 371, 0, 2.49%, 12, 0, 9, 7.90, 50658
1648638053, 36, 271, 467, 371, 0, 2.49%, 12, 0, 9, 10.02, 50904
1648638105, 36, 271, 468, 372, 0, 2.49%, 12, 0, 9, 9.26, 51421
1648638110, 36, 272, 468, 371, 0, 2.49%, 12, 0, 9, 10.13, 51475
1648638115, 36, 272, 469, 372, 0, 2.49%, 12, 0, 9, 29.47, 51653
1648638120, 36, 272, 470, 373, 0, 2.49%, 12, 0, 9, 31.46, 51824
1648638125, 36, 272, 471, 374, 0, 2.49%, 12, 0, 9, 44.66, 52059
1648638130, 36, 272, 475, 378, 0, 2.49%, 12, 0, 9, 38.06, 52242
1648638135, 36, 272, 477, 380, 0, 2.49%, 12, 0, 9, 37.01, 52445
1648638145, 36, 279, 477, 379, 0, 2.49%, 13, 0, 9, 26.80, 52772
1648638186, 36, 284, 477, 378, 0, 2.49%, 13, 0, 9, 92.28, 53410
1648638207, 36, 439, 477, 377, 0, 2.49%, 13, 0, 9, 6.81, 54480
1648638243, 36, 439, 479, 379, 0, 2.49%, 13, 0, 10, 6.42, 54727
1648638284, 36, 439, 480, 380, 0, 2.49%, 13, 0, 10, 6.36, 54979
1648638310, 36, 439, 481, 381, 0, 2.49%, 13, 0, 10, 6.05, 55130
1648638315, 37, 414, 481, 380, 0, 2.49%, 13, 0, 10, 5.64, 55158
1648638388, 37, 414, 482, 381, 0, 2.49%, 13, 0, 10, 4.94, 55540
1648638408, 37, 414, 483, 382, 0, 2.49%, 13, 0, 10, 5.05, 55642
1648638449, 38, 296, 483, 381, 0, 2.49%, 13, 0, 10, 7.38, 55862
1648638490, 38, 296, 484, 382, 0, 2.49%, 13, 0, 10, 8.37, 56197
1648638521, 38, 301, 484, 381, 0, 2.49%, 13, 0, 10, 7.29, 56419
1648638592, 38, 303, 484, 380, 0, 2.49%, 13, 0, 10, 8.62, 56992
1648638669, 38, 303, 487, 382, 0, 2.49%, 13, 0, 10, 11.55, 57620
1648638674, 38, 303, 490, 385, 0, 2.49%, 13, 0, 10, 13.22, 57689
1648638679, 38, 303, 492, 387, 0, 2.49%, 13, 0, 10, 14.05, 57758
1648638684, 38, 303, 494, 389, 0, 2.49%, 13, 0, 10, 13.88, 57828
1648638731, 38, 432, 495, 390, 0, 2.49%, 13, 0, 10, 9.25, 58258
1648638803, 39, 394, 495, 389, 0, 2.49%, 13, 0, 10, 14.19, 58885
1648638833, 40, 383, 495, 388, 0, 2.49%, 13, 0, 10, 9.91, 59287
1648638910, 41, 321, 495, 387, 0, 2.49%, 13, 0, 10, 13.05, 59890
1648638926, 41, 321, 496, 388, 0, 2.49%, 14, 0, 10, 13.62, 60133
1648638946, 41, 321, 497, 389, 0, 2.49%, 14, 0, 10, 12.32, 60400
1648638951, 42, 320, 497, 388, 0, 2.49%, 14, 0, 10, 16.10, 60479
1648638977, 42, 320, 498, 389, 0, 2.49%, 14, 0, 10, 13.67, 60887
1648638982, 42, 320, 499, 390, 0, 2.49%, 14, 0, 10, 13.52, 60957
1648638988, 42, 461, 499, 389, 0, 2.49%, 14, 0, 10, 15.78, 61036
1648638993, 42, 461, 499, 389, 0, 2.49%, 15, 0, 10, 22.05, 61159
1648639008, 42, 461, 500, 390, 0, 2.49%, 15, 0, 10, 17.60, 61480
1648639034, 43, 373, 500, 389, 0, 2.49%, 15, 0, 10, 17.06, 61914
1648639095, 43, 396, 500, 388, 4294967295, 2.49%, 15, 0, 10, 14.96, 62806
1648639141, 44, 339, 502, 389, 4294967295, 2.49%, 16, 0, 10, 21.21, 63454
1648639147, 44, 339, 503, 390, 4294967295, 2.49%, 17, 0, 10, 25.52, 63592
1648639182, 45, 192, 503, 389, 4294967295, 2.49%, 17, 0, 10, 15.81, 64313
1648639208, 45, 343, 503, 389, 4294967295, 2.49%, 17, 0, 10, 11.17, 64598
1648639259, 46, 197, 503, 388, 4294967295, 2.49%, 17, 0, 10, 9.12, 65127
1648639295, 46, 348, 503, 388, 4294967295, 2.49%, 17, 0, 10, 55.01, 65538
1648639300, 46, 348, 504, 389, 4294967295, 2.49%, 17, 0, 10, 47.11, 65778
1648639305, 46, 348, 506, 391, 4294967295, 2.49%, 17, 0, 10, 34.24, 65936
1648639316, 46, 349, 506, 391, 4294967295, 2.49%, 17, 0, 10, 35.92, 66317
1648639367, 46, 370, 507, 391, 4294967295, 2.49%, 17, 0, 10, 13.02, 66901
1648639418, 46, 377, 507, 390, 4294967295, 2.49%, 17, 0, 10, 15.22, 67766
1648639428, 46, 377, 508, 391, 4294967295, 2.49%, 17, 0, 10, 47.01, 68238
1648639433, 46, 377, 509, 392, 4294967295, 2.49%, 17, 0, 10, 36.02, 68404
1648639443, 46, 380, 509, 391, 0, 2.49%, 17, 0, 10, 21.08, 68687
1648639474, 46, 380, 509, 391, 0, 2.49%, 18, 0, 10, 7.62, 68942
1648639515, 46, 382, 509, 391, 0, 2.49%, 18, 0, 10, 10.19, 69256
1648639561, 47, 289, 509, 390, 0, 2.49%, 18, 0, 10, 14.40, 70156
1648639612, 47, 416, 509, 390, 0, 2.49%, 18, 0, 10, 8.90, 70706
1648639669, 47, 416, 510, 391, 0, 2.49%, 18, 0, 10, 4.93, 71007
1648639736, 48, 392, 510, 390, 0, 2.49%, 18, 0, 10, 6.63, 71362
1648639741, 48, 392, 511, 391, 0, 2.49%, 18, 0, 10, 13.81, 71445
1648639772, 49, 336, 511, 390, 0, 2.49%, 18, 0, 10, 16.07, 71940
1648639792, 49, 336, 512, 391, 0, 2.49%, 18, 0, 10, 11.41, 72185
1648639828, 49, 405, 512, 391, 0, 2.49%, 18, 0, 10, 9.25, 72540
1648639863, 49, 405, 513, 392, 0, 2.49%, 18, 0, 10, 7.23, 72813
1648639879, 49, 405, 514, 393, 0, 2.50%, 18, 0, 10, 6.72, 72916
1648639884, 49, 405, 515, 394, 0, 2.50%, 18, 0, 10, 7.24, 72954
1648639889, 49, 405, 516, 395, 0, 2.50%, 18, 0, 10, 8.09, 72995
1648639894, 49, 498, 516, 394, 0, 2.50%, 18, 0, 10, 10.26, 73051
1648639940, 50, 408, 516, 393, 4294967295, 2.50%, 18, 0, 10, 12.74, 73598
1648639945, 50, 408, 517, 394, 4294967295, 2.50%, 18, 0, 10, 14.69, 73676
1648639986, 50, 454, 517, 394, 0, 2.50%, 18, 0, 10, 9.56, 74187
1648640022, 50, 454, 518, 395, 0, 2.50%, 18, 0, 10, 6.46, 74446
1648640048, 50, 454, 518, 395, 0, 2.50%, 19, 0, 10, 6.84, 74616
1648640064, 50, 454, 519, 396, 0, 2.50%, 19, 0, 10, 6.13, 74716
1648640085, 51, 439, 519, 396, 0, 2.50%, 19, 0, 10, 7.78, 74855
1648640105, 51, 439, 520, 397, 0, 2.50%, 19, 0, 10, 9.73, 75043
1648640131, 51, 439, 521, 398, 0, 2.50%, 19, 0, 10, 8.00, 75247
1648640166, 52, 414, 521, 398, 0, 2.50%, 19, 0, 10, 7.61, 75517
1648640259, 53, 390, 521, 398, 0, 2.50%, 19, 0, 10, 7.12, 76166
1648640310, 53, 390, 521, 398, 0, 2.50%, 20, 0, 10, 6.73, 76521
1648640320, 53, 426, 521, 398, 0, 2.50%, 20, 0, 10, 11.97, 76613
1648640351, 53, 451, 521, 397, 0, 2.50%, 20, 0, 10, 15.86, 77162
1648640376, 54, 431, 521, 396, 0, 2.50%, 20, 0, 10, 26.82, 78404
1648640402, 54, 431, 522, 397, 0, 2.50%, 20, 0, 10, 11.71, 78748
1648640417, 54, 433, 522, 396, 0, 2.50%, 20, 0, 10, 11.65, 78923
1648640453, 54, 433, 523, 397, 0, 2.50%, 20, 0, 10, 11.50, 79391
1648640468, 54, 437, 523, 397, 0, 2.50%, 20, 0, 10, 20.45, 79622
1648640494, 54, 453, 524, 397, 0, 2.50%, 20, 0, 10, 0.00, 80088
1648640504, 54, 453, 525, 398, 0, 2.50%, 20, 0, 10, 0.00, 80088
1648640566, 54, 464, 525, 398, 0, 2.50%, 20, 0, 10, 8.82, 80392
1648640622, 54, 499, 525, 397, 0, 2.50%, 20, 0, 10, 44.41, 81035
1648640643, 55, 480, 525, 396, 0, 2.50%, 20, 0, 10, 6.59, 81813
1648640700, 55, 480, 526, 397, 0, 2.50%, 20, 0, 11, 6.09, 82172
1648640720, 55, 480, 527, 398, 0, 2.50%, 20, 0, 11, 6.08, 82294
1648640751, 55, 481, 527, 397, 0, 2.50%, 20, 0, 11, 5.45, 82472
1648640843, 55, 496, 527, 396, 0, 2.50%, 20, 0, 11, 7.23, 82939
1648640854, 55, 496, 527, 396, 0, 2.50%, 21, 0, 11, 9.10, 83032
1648640910, 55, 511, 527, 395, 4294967295, 2.50%, 21, 0, 11, 8.77, 83501
1648640977, 56, 197, 527, 394, 4294967295, 2.50%, 21, 0, 11, 6.58, 84080
1648641028, 56, 480, 527, 394, 4294967295, 2.50%, 21, 0, 11, 4.74, 84346
1648641064, 56, 480, 527, 394, 4294967295, 2.50%, 22, 0, 11, 4.45, 84506
1648641125, 57, 258, 527, 394, 4294967295, 2.50%, 22, 0, 11, 4.84, 84774
1648641182, 57, 316, 527, 393, 4294967295, 2.50%, 22, 0, 11, 8.88, 85356
1648641280, 58, 306, 527, 392, 4294967295, 2.50%, 22, 0, 11, 8.62, 85959
1648641327, 58, 483, 527, 392, 4294967295, 2.50%, 22, 0, 11, 12.20, 86512
1648641352, 58, 483, 528, 393, 4294967295, 2.50%, 22, 0, 11, 13.88, 86892
1648641383, 58, 483, 529, 394, 4294967295, 2.50%, 22, 0, 11, 12.23, 87257
1648641398, 58, 490, 529, 393, 4294967295, 2.50%, 22, 0, 11, 14.23, 87456
1648641408, 58, 490, 530, 394, 4294967295, 2.50%, 22, 0, 11, 15.62, 87617
1648641460, 58, 490, 530, 394, 4294967295, 2.50%, 23, 0, 11, 10.82, 88232
1648641491, 59, 155, 530, 393, 4294967295, 2.50%, 23, 0, 11, 10.87, 88583
1648641537, 60, 135, 530, 392, 4294967295, 2.50%, 23, 0, 11, 8.59, 88888
1648641568, 60, 505, 533, 394, 4294967295, 2.50%, 23, 0, 11, 62.80, 89308
1648641573, 60, 505, 541, 402, 4294967295, 2.50%, 23, 0, 11, 53.29, 89528
1648641578, 60, 505, 545, 406, 4294967295, 2.50%, 23, 0, 11, 31.09, 89651
1648641589, 61, 389, 547, 407, 0, 2.50%, 23, 0, 11, 26.97, 89920
1648641661, 62, 173, 547, 406, 0, 2.50%, 23, 0, 11, 5.75, 90356
1648641696, 62, 174, 547, 405, 0, 2.50%, 23, 0, 11, 9.00, 90706
1648641743, 62, 177, 547, 404, 0, 2.50%, 24, 0, 11, 8.58, 91073
1648641773, 62, 361, 547, 404, 0, 2.50%, 24, 0, 11, 10.79, 91359
1648641799, 62, 361, 548, 405, 0, 2.50%, 24, 0, 11, 11.78, 91656
1648641865, 62, 361, 550, 407, 0, 2.50%, 24, 0, 11, 9.35, 92286
1648641890, 62, 364, 550, 406, 0, 2.50%, 24, 0, 11, 11.06, 92526
1648642046, 62, 431, 550, 405, 4294967295, 2.50%, 24, 0, 11, 8.49, 93689
1648642092, 62, 540, 550, 405, 4294967295, 2.50%, 24, 0, 11, 11.35, 94253
1648642189, 63, 127, 550, 404, 4294967295, 2.50%, 24, 0, 11, 7.91, 95160
1648642215, 63, 127, 551, 405, 4294967295, 2.50%, 24, 0, 11, 7.19, 95346
1648642235, 63, 214, 552, 405, 4294967295, 2.50%, 24, 0, 11, 11.45, 95515
1648642250, 63, 214, 554, 407, 4294967295, 2.50%, 24, 0, 11, 13.72, 95694
1648642261, 63, 214, 554, 407, 4294967295, 2.50%, 25, 0, 11, 10.16, 95798
1648642266, 63, 218, 554, 406, 4294967295, 2.50%, 25, 0, 11, 12.83, 95865
1648642292, 63, 376, 554, 406, 4294967295, 2.50%, 25, 0, 11, 23.08, 96267
1648642348, 64, 61, 554, 405, 4294967295, 2.50%, 25, 0, 11, 14.69, 97354
1648642373, 64, 264, 554, 405, 4294967295, 2.50%, 25, 0, 11, 11.28, 97631
1648642414, 64, 351, 554, 404, 4294967295, 2.50%, 25, 0, 11, 9.08, 98040
1648642552, 64, 351, 555, 405, 4294967295, 2.50%, 25, 0, 11, 8.56, 99203
1648642557, 65, 234, 555, 404, 4294967295, 2.50%, 25, 0, 11, 10.21, 99254
1648642614, 66, 88, 555, 404, 4294967295, 2.50%, 25, 0, 11, 9.96, 99838
1648642640, 66, 336, 555, 404, 4294967295, 2.50%, 25, 0, 11, 8.89, 100067
1648642702, 66, 336, 556, 405, 4294967295, 2.50%, 25, 0, 11, 7.77, 100541
1648642717, 67, 239, 556, 405, 4294967295, 2.50%, 25, 0, 11, 12.93, 100684
1648642763, 67, 416, 556, 404, 4294967295, 2.50%, 25, 0, 11, 17.10, 101533
1648642888, 68, 158, 556, 404, 4294967295, 2.50%, 25, 0, 11, 8.78, 102218
1648642918, 68, 456, 557, 405, 4294967295, 2.50%, 25, 0, 11, 8.58, 102521
1648642928, 68, 456, 558, 406, 4294967295, 2.50%, 25, 0, 11, 11.25, 102639
1648642954, 68, 456, 558, 406, 4294967295, 2.50%, 26, 0, 11, 10.26, 102927
1648642959, 68, 456, 559, 407, 4294967295, 2.50%, 26, 0, 11, 10.82, 102981
1648642980, 68, 456, 560, 408, 4294967295, 2.50%, 26, 0, 11, 10.21, 103208
1648643000, 68, 482, 560, 407, 1, 2.50%, 26, 0, 11, 8.57, 103429
1648643088, 69, 253, 560, 406, 1, 2.50%, 26, 0, 11, 8.21, 103888
1648643150, 69, 257, 560, 405, 1, 2.50%, 26, 0, 11, 9.91, 104443
1648643196, 69, 257, 561, 406, 1, 2.50%, 26, 0, 11, 11.22, 105006
1648643201, 69, 559, 561, 405, 1, 2.50%, 26, 0, 11, 6.38, 105033
1648643396, 70, 104, 561, 404, 0, 2.50%, 26, 0, 11, 5.84, 105904
1648643426, 70, 271, 561, 404, 0, 2.50%, 26, 0, 11, 10.45, 106199
1648643483, 70, 470, 561, 404, 0, 2.50%, 26, 0, 11, 31.14, 106860
1648643498, 70, 470, 562, 405, 0, 2.51%, 26, 0, 11, 46.76, 107578
1648643503, 70, 470, 563, 406, 0, 2.52%, 26, 0, 11, 41.73, 107778
1648643508, 71, 279, 563, 405, 0, 2.52%, 26, 0, 11, 10.56, 107977
1648643554, 71, 283, 563, 405, 0, 2.52%, 26, 0, 11, 69.28, 108633
1648643580, 71, 477, 563, 404, 0, 2.52%, 26, 0, 11, 4.60, 109732
1648643617, 71, 477, 564, 405, 0, 2.52%, 26, 0, 11, 6.01, 109953
1648643695, 71, 548, 564, 404, 0, 2.52%, 26, 0, 11, 6.37, 110381
1648643792, 72, 296, 564, 403, 0, 2.52%, 26, 0, 11, 8.34, 111279
1648643864, 72, 518, 565, 404, 0, 2.52%, 26, 0, 11, 0.00, 111825
1648643936, 73, 489, 565, 403, 0, 2.52%, 26, 0, 11, 5.40, 112094
1648644019, 73, 493, 566, 403, 0, 2.52%, 26, 0, 11, 56.98, 112873
1648644024, 73, 493, 568, 405, 0, 2.53%, 26, 0, 11, 49.02, 113118
1648644029, 73, 493, 569, 406, 0, 2.53%, 26, 0, 11, 45.09, 113343
1648644034, 73, 493, 570, 407, 0, 2.53%, 26, 0, 11, 45.80, 113553
1648644039, 74, 172, 570, 406, 0, 2.53%, 26, 0, 11, 24.76, 113650
1648644059, 74, 401, 570, 405, 0, 2.53%, 26, 0, 11, 13.78, 113927
1648644095, 75, 170, 570, 404, 0, 2.53%, 26, 0, 11, 12.75, 114416
1648644121, 75, 498, 570, 404, 0, 2.53%, 26, 0, 11, 10.76, 114699
1648644126, 75, 498, 572, 406, 0, 2.53%, 26, 0, 11, 11.41, 114759
1648644182, 76, 322, 572, 406, 0, 2.53%, 26, 0, 11, 10.70, 115332
1648644203, 76, 322, 573, 407, 0, 2.53%, 26, 0, 11, 10.03, 115567
1648644229, 76, 322, 574, 408, 0, 2.53%, 26, 0, 11, 10.78, 115829
1648644239, 76, 428, 574, 408, 0, 2.53%, 26, 0, 11, 14.42, 115958
1648644281, 77, 365, 574, 407, 0, 2.53%, 26, 0, 11, 15.12, 116508
1648644347, 78, 191, 574, 406, 0, 2.53%, 26, 0, 11, 11.31, 117684
1648644378, 78, 501, 575, 407, 0, 2.53%, 26, 0, 11, 11.22, 117946
1648644388, 78, 501, 576, 408, 0, 2.53%, 26, 0, 11, 24.08, 118194
1648644424, 78, 501, 577, 409, 0, 2.53%, 26, 0, 11, 23.83, 118918
1648644439, 78, 555, 577, 408, 0, 2.53%, 26, 0, 11, 15.74, 119181
1648644475, 79, 344, 577, 407, 0, 2.53%, 26, 0, 11, 9.24, 119580
1648644542, 80, 197, 577, 407, 0, 2.53%, 26, 0, 11, 6.47, 120009
1648644578, 80, 545, 577, 407, 0, 2.53%, 26, 0, 11, 13.13, 120335
1648644604, 80, 545, 578, 408, 0, 2.53%, 26, 0, 11, 15.03, 120745
1648644609, 80, 545, 579, 409, 0, 2.53%, 26, 0, 11, 13.59, 120813
1648644619, 80, 545, 580, 410, 0, 2.53%, 26, 0, 11, 13.74, 120953
1648644629, 80, 545, 581, 411, 0, 2.53%, 26, 0, 11, 15.62, 121090
1648644645, 80, 545, 582, 412, 0, 2.53%, 26, 0, 11, 13.54, 121280
1648644665, 81, 530, 583, 412, 0, 2.53%, 26, 0, 11, 24.16, 121610
1648644680, 81, 530, 584, 413, 0, 2.53%, 26, 0, 11, 20.54, 121997
1648644690, 81, 530, 586, 415, 0, 2.53%, 26, 0, 11, 15.43, 122159
1648644696, 81, 530, 587, 416, 0, 2.53%, 26, 0, 11, 16.04, 122240
1648644721, 81, 530, 588, 417, 0, 2.53%, 26, 0, 11, 18.36, 122697
1648644726, 82, 352, 588, 416, 1, 2.53%, 26, 0, 11, 22.81, 122816
1648644782, 82, 507, 588, 415, 1, 2.53%, 26, 0, 11, 20.80, 123922
1648644787, 82, 507, 589, 416, 1, 2.53%, 26, 0, 11, 39.47, 124142
1648644792, 82, 507, 591, 418, 1, 2.53%, 26, 0, 11, 47.58, 124387
1648644813, 82, 507, 592, 419, 1, 2.53%, 26, 0, 11, 26.46, 125060
1648644818, 83, 410, 592, 418, 0, 2.53%, 26, 0, 11, 16.08, 125124
1648644915, 84, 317, 592, 418, 0, 2.53%, 26, 0, 11, 7.07, 125691
1648644971, 85, 289, 592, 418, 0, 2.53%, 26, 0, 11, 10.62, 126274
1648645028, 85, 388, 592, 418, 0, 2.53%, 26, 0, 11, 8.37, 126867
1648645070, 85, 388, 593, 419, 0, 2.53%, 26, 0, 11, 6.97, 127166
1648645075, 85, 510, 594, 420, 0, 2.53%, 26, 0, 11, 13.22, 127241
1648645131, 85, 511, 594, 419, 0, 2.53%, 26, 0, 11, 10.81, 128092
1648645172, 85, 511, 595, 420, 0, 2.53%, 26, 0, 11, 8.06, 128447
1648645198, 86, 404, 595, 420, 3, 2.53%, 26, 0, 11, 8.03, 128647
1648645275, 86, 570, 595, 419, 2, 2.53%, 26, 0, 11, 8.27, 129236
1648645326, 87, 409, 595, 418, 2, 2.53%, 27, 0, 11, 14.31, 129838
1648645367, 87, 559, 595, 417, 2, 2.53%, 27, 0, 11, 10.26, 130405
1648645449, 87, 559, 596, 418, 2, 2.53%, 27, 0, 11, 6.48, 130979
1648645495, 88, 387, 596, 418, 0, 2.53%, 27, 0, 11, 8.41, 131299
1648645546, 88, 414, 596, 418, 0, 2.53%, 27, 0, 11, 7.77, 131733
1648645618, 88, 414, 597, 419, 0, 2.53%, 27, 0, 11, 6.65, 132231
1648645639, 88, 418, 597, 419, 1, 2.53%, 27, 0, 11, 6.31, 132369
1648645722, 88, 426, 597, 418, 0, 2.53%, 27, 0, 11, 12.68, 132839
1648645758, 88, 451, 597, 418, 0, 2.53%, 27, 0, 11, 57.07, 133645
1648645778, 89, 429, 597, 418, 0, 2.53%, 27, 0, 11, 36.53, 134561
1648645824, 89, 433, 597, 417, 0, 2.53%, 27, 0, 11, 12.48, 135145
1648645870, 89, 437, 597, 417, 0, 2.53%, 27, 0, 11, 14.80, 135736
1648645900, 89, 453, 597, 417, 0, 2.53%, 27, 0, 11, 4.34, 136297
1648645957, 89, 464, 597, 417, 0, 2.53%, 27, 0, 11, 6.57, 136557
1648645972, 89, 464, 598, 418, 0, 2.53%, 27, 0, 11, 10.56, 136719
1648646003, 89, 464, 598, 418, 0, 2.53%, 28, 0, 11, 8.57, 137011
1648646018, 89, 465, 599, 419, 0, 2.53%, 28, 0, 11, 50.13, 137224
1648646023, 89, 465, 602, 422, 0, 2.53%, 28, 0, 11, 45.85, 137451
1648646033, 89, 465, 603, 423, 0, 2.53%, 28, 0, 11, 36.36, 137836
1648646044, 89, 525, 603, 422, 1, 2.53%, 28, 0, 11, 18.82, 138061
1648646080, 89, 525, 604, 423, 1, 2.53%, 28, 0, 12, 6.21, 138293
1648646085, 89, 525, 605, 424, 1, 2.53%, 28, 0, 12, 6.20, 138325
1648646151, 90, 481, 605, 423, 0, 2.53%, 28, 0, 12, 5.21, 138728
1648646238, 90, 496, 605, 423, 0, 2.53%, 28, 0, 12, 4.90, 139147
1648646310, 90, 511, 605, 423, 0, 2.53%, 28, 0, 12, 9.21, 139758
1648646377, 90, 528, 605, 423, 0, 2.53%, 28, 0, 12, 10.84, 140339
1648646428, 90, 544, 605, 422, 0, 2.53%, 28, 0, 12, 11.47, 140936
1648646469, 90, 544, 605, 422, 0, 2.53%, 29, 0, 12, 12.49, 141452
1648646494, 90, 544, 606, 423, 0, 2.53%, 29, 0, 12, 20.56, 141806
1648646515, 90, 548, 607, 423, 0, 2.53%, 29, 0, 12, 13.54, 142086
1648646545, 90, 548, 608, 424, 0, 2.53%, 29, 0, 12, 11.63, 142543
1648646582, 90, 555, 608, 424, 0, 2.53%, 29, 0, 12, 12.44, 142992
1648646623, 90, 557, 609, 425, 0, 2.53%, 29, 0, 12, 4.98, 143409
1648646648, 90, 557, 609, 425, 0, 2.53%, 30, 0, 12, 11.81, 143708
1648646653, 90, 557, 610, 426, 0, 2.53%, 30, 0, 12, 10.79, 143763
1648646710, 90, 559, 610, 425, 0, 2.53%, 30, 0, 12, 0.00, 144318
1648646772, 90, 595, 611, 426, 0, 2.53%, 30, 0, 12, 15.72, 144593
1648646782, 90, 595, 612, 427, 0, 2.53%, 30, 0, 12, 15.12, 144747
1648646797, 90, 595, 613, 428, 0, 2.53%, 30, 0, 12, 13.17, 144954
1648646802, 90, 595, 614, 429, 0, 2.53%, 30, 0, 12, 11.13, 145009
1648646813, 90, 595, 615, 430, 0, 2.53%, 30, 0, 12, 12.58, 145136
1648646818, 90, 595, 617, 432, 0, 2.54%, 30, 0, 12, 11.16, 145191
1648646828, 90, 595, 617, 432, 0, 2.54%, 31, 0, 12, 11.86, 145307
1648646833, 91, 573, 617, 431, 0, 2.54%, 31, 0, 12, 11.34, 145363
1648646894, 91, 594, 617, 430, 4294967295, 2.54%, 31, 0, 12, 11.64, 145960
1648646951, 91, 596, 617, 429, 4294967294, 2.54%, 31, 0, 12, 3.94, 146580
1648647007, 91, 609, 617, 428, 4294967293, 2.54%, 31, 0, 12, 0.00, 146818
1648647074, 92, 487, 617, 427, 4294967293, 2.54%, 31, 0, 12, 8.77, 147122
1648647187, 93, 354, 617, 426, 4294967293, 2.54%, 31, 0, 12, 9.27, 148203
1648647295, 93, 354, 617, 426, 4294967293, 2.54%, 32, 0, 12, 7.51, 149038
1648647341, 94, 60, 617, 425, 4294967293, 2.54%, 32, 0, 12, 6.67, 149368
1648647357, 94, 60, 618, 426, 4294967293, 2.54%, 32, 0, 12, 12.02, 149555
1648647367, 94, 464, 618, 425, 0, 2.54%, 32, 0, 12, 9.87, 149659
1648647433, 95, 414, 618, 425, 0, 2.54%, 32, 0, 12, 7.00, 150219
1648647562, 96, 144, 618, 425, 0, 2.54%, 32, 0, 12, 6.52, 150808
1648647598, 96, 153, 618, 424, 0, 2.54%, 32, 0, 12, 7.43, 151072
1648647639, 96, 560, 618, 423, 0, 2.54%, 32, 0, 12, 6.62, 151349
1648647727, 96, 584, 619, 423, 0, 2.54%, 32, 0, 12, 9.78, 151961
1648647738, 96, 584, 620, 424, 0, 2.54%, 32, 0, 12, 13.08, 152097
1648647758, 96, 584, 621, 425, 0, 2.54%, 32, 0, 12, 13.97, 152381
1648647763, 96, 584, 622, 426, 0, 2.54%, 32, 0, 12, 12.95, 152443
1648647768, 96, 584, 623, 427, 0, 2.54%, 32, 0, 12, 13.07, 152509
1648647774, 96, 596, 623, 426, 0, 2.54%, 32, 0, 12, 10.55, 152557
1648647908, 97, 322, 623, 426, 0, 2.54%, 32, 0, 12, 7.38, 153231
1648647979, 98, 174, 623, 426, 0, 2.54%, 32, 0, 12, 7.75, 153814
1648648010, 98, 570, 623, 426, 0, 2.54%, 32, 0, 12, 7.55, 154047
1648648093, 99, 185, 623, 426, 0, 2.54%, 32, 0, 12, 9.56, 154655
1648648149, 99, 541, 623, 425, 0, 2.54%, 32, 0, 12, 62.01, 155277
1648648159, 99, 541, 624, 426, 0, 2.54%, 32, 0, 12, 29.23, 155624
1648648169, 100, 382, 624, 425, 0, 2.54%, 32, 0, 12, 14.15, 155820
1648648288, 101, 205, 624, 425, 0, 2.54%, 32, 0, 12, 10.44, 156713
1648648318, 101, 313, 624, 424, 0, 2.54%, 32, 0, 12, 8.00, 157036
1648648339, 101, 313, 624, 424, 0, 2.54%, 33, 0, 12, 6.90, 157176
1648648412, 102, 216, 624, 423, 0, 2.54%, 33, 0, 12, 5.74, 157610
1648648464, 102, 235, 624, 423, 0, 2.54%, 33, 0, 12, 11.72, 157923
1648648490, 102, 235, 625, 424, 0, 2.54%, 33, 0, 12, 11.23, 158252
1648648505, 102, 235, 626, 425, 0, 2.54%, 33, 0, 12, 12.24, 158440
1648648510, 102, 449, 627, 426, 0, 2.54%, 35, 0, 12, 39.80, 158642
1648648535, 102, 502, 628, 426, 0, 2.54%, 35, 0, 12, 40.55, 159678
1648648576, 102, 502, 629, 427, 0, 2.54%, 35, 0, 12, 22.55, 160714
1648648581, 103, 264, 629, 426, 0, 2.54%, 35, 0, 12, 5.30, 160835
1648648627, 103, 294, 629, 426, 0, 2.54%, 35, 0, 12, 8.66, 161281
1648648694, 104, 82, 629, 425, 0, 2.54%, 35, 0, 12, 9.92, 161879
1648648719, 104, 235, 629, 425, 0, 2.54%, 35, 0, 12, 11.01, 162156
1648648750, 105, 88, 629, 425, 0, 2.54%, 35, 0, 12, 9.85, 162440
1648648776, 105, 240, 629, 425, 0, 2.54%, 35, 0, 12, 21.59, 162779
1648648791, 105, 240, 630, 426, 0, 2.54%, 35, 0, 12, 19.20, 163116
1648648822, 105, 390, 630, 426, 0, 2.54%, 35, 0, 12, 10.47, 163572
1648648895, 106, 158, 630, 426, 0, 2.54%, 35, 0, 12, 9.28, 164034
1648648925, 106, 613, 630, 426, 0, 2.54%, 35, 0, 12, 4.00, 164295
1648648986, 107, 482, 630, 425, 4294967295, 2.54%, 35, 0, 12, 4.21, 164539
1648649064, 107, 482, 631, 426, 4294967295, 2.54%, 35, 0, 12, 4.93, 164931
1648649074, 108, 457, 631, 426, 0, 2.54%, 35, 0, 12, 5.33, 164985
1648649220, 109, 262, 631, 425, 0, 2.54%, 35, 0, 12, 7.52, 165872
1648649276, 109, 571, 631, 424, 0, 2.54%, 35, 0, 12, 9.68, 166480
1648649297, 109, 571, 632, 425, 0, 2.54%, 35, 0, 12, 9.74, 166681
1648649338, 109, 571, 633, 426, 0, 2.54%, 35, 0, 12, 7.40, 167007
1648649343, 110, 270, 633, 425, 0, 2.54%, 35, 0, 12, 8.25, 167049
1648649415, 110, 467, 633, 424, 0, 2.54%, 35, 0, 12, 8.35, 167640
1648649461, 110, 467, 633, 424, 0, 2.54%, 36, 0, 12, 7.72, 168019
1648649481, 110, 467, 634, 425, 0, 2.54%, 36, 0, 12, 7.50, 168167
1648649486, 111, 273, 634, 424, 0, 2.54%, 36, 0, 12, 8.77, 168212
1648649543, 111, 632, 634, 423, 0, 2.54%, 36, 0, 12, 11.53, 168806
1648649579, 112, 283, 634, 422, 4294967295, 2.54%, 36, 0, 12, 77.66, 169279
1648649604, 112, 478, 634, 422, 4294967295, 2.54%, 36, 0, 12, 4.19, 170400
